----------New Stimuli List Generated----------
-8587874337666358600
StretchableCube-Red:-0.07202041,1.062698,0.2218402,-0.5099168,-0.05801142,0.288397,0.8083605,0,0,0
StretchableCube-Yellow:0.06208124,1.07114,0.2422499,0.5184664,0.5043004,0.2854286,0.6288119,0,0,0
StretchableCube-Blue:0.04556441,0.849858,0.3721471,-0.7398518,-0.446361,-0.334437,0.3762091,0,0,0
-8587874337666282544
StretchableCube-Red:-0.07202041,1.062698,0.2218402,-0.5099168,-0.05801142,0.288397,0.8083605,4E-05,4E-05,4E-05
StretchableCube-Yellow:0.06208124,1.07114,0.2422499,0.5184664,0.5043004,0.2854286,0.6288119,2E-05,2E-05,2E-05
StretchableCube-Blue:0.04556441,0.849858,0.3721471,-0.7398518,-0.446361,-0.334437,0.3762091,0,0,0
-8587874337664686001
StretchableCube-Red:-0.07202041,1.062698,0.2218402,-0.5099168,-0.05801142,0.288397,0.8083605,0.0004128325,0.0004128325,0.0004128325
StretchableCube-Yellow:0.06208124,1.07114,0.2422499,0.5184664,0.5043004,0.2854286,0.6288119,0.0002364162,0.0002364162,0.0002364162
StretchableCube-Blue:0.04556441,0.849858,0.3721471,-0.7398518,-0.446361,-0.334437,0.3762091,6E-05,6E-05,6E-05
-8587874337664425751
StretchableCube-Red:-0.07202041,1.062698,0.2218402,-0.5099168,-0.05801142,0.288397,0.8083605,0.00100077,0.00100077,0.00100077
StretchableCube-Yellow:0.06208124,1.07114,0.2422499,0.5184664,0.5043004,0.2854286,0.6288119,0.0007950095,0.0007950095,0.0007950095
StretchableCube-Blue:0.04556441,0.849858,0.3721471,-0.7398518,-0.446361,-0.334437,0.3762091,0.0005892487,0.0005892487,0.0005892487
-8587874337664245575
StretchableCube-Red:-0.07202041,1.062698,0.2218402,-0.5099168,-0.05801142,0.288397,0.8083605,0.001652159,0.001652159,0.001652159
StretchableCube-Yellow:0.06208124,1.07114,0.2422499,0.5184664,0.5043004,0.2854286,0.6288119,0.001429345,0.001429345,0.001429345
StretchableCube-Blue:0.04556441,0.849858,0.3721471,-0.7398518,-0.446361,-0.334437,0.3762091,0.001206531,0.001206531,0.001206531
-8587874337664095434
StretchableCube-Red:-0.07202041,1.062698,0.2218402,-0.5099168,-0.05801142,0.288397,0.8083605,0.002352761,0.002352761,0.002352761
StretchableCube-Yellow:0.06208124,1.07114,0.2422499,0.5184664,0.5043004,0.2854286,0.6288119,0.002113867,0.002113867,0.002113867
StretchableCube-Blue:0.04556441,0.849858,0.3721471,-0.7398518,-0.446361,-0.334437,0.3762091,0.001874972,0.001874972,0.001874972
-8587874337663915957
StretchableCube-Red:-0.07202041,1.062698,0.2218402,-0.5099168,-0.05801142,0.288397,0.8083605,0.003103219,0.003103219,0.003103219
StretchableCube-Yellow:0.06208124,1.07114,0.2422499,0.5184664,0.5043004,0.2854286,0.6288119,0.002847437,0.002847437,0.002847437
StretchableCube-Blue:0.04556441,0.849858,0.3721471,-0.7398518,-0.446361,-0.334437,0.3762091,0.002591656,0.002591656,0.002591656
-8587874337663755806
StretchableCube-Red:-0.07202041,1.062698,0.2218402,-0.5099168,-0.05801142,0.288397,0.8083605,0.003903056,0.003903056,0.003903056
StretchableCube-Yellow:0.06208124,1.07114,0.2422499,0.5184664,0.5043004,0.2854286,0.6288119,0.003631029,0.003631029,0.003631029
StretchableCube-Blue:0.04556441,0.849858,0.3721471,-0.7398518,-0.446361,-0.334437,0.3762091,0.003359001,0.003359001,0.003359001
-8587874337663586789
StretchableCube-Red:-0.07202041,1.062698,0.2218402,-0.5099168,-0.05801142,0.288397,0.8083605,0.00475247,0.00475247,0.00475247
StretchableCube-Yellow:0.06208124,1.07114,0.2422499,0.5184664,0.5043004,0.2854286,0.6288119,0.004463777,0.004463777,0.004463777
StretchableCube-Blue:0.04556441,0.849858,0.3721471,-0.7398518,-0.446361,-0.334437,0.3762091,0.004175084,0.004175084,0.004175084
-8587874337663416019
StretchableCube-Red:-0.07202041,1.062698,0.2218402,-0.5099168,-0.05801142,0.288397,0.8083605,0.005652637,0.005652637,0.005652637
StretchableCube-Yellow:0.06208124,1.07114,0.2422499,0.5184664,0.5043004,0.2854286,0.6288119,0.0053469,0.0053469,0.0053469
StretchableCube-Blue:0.04556441,0.849858,0.3721471,-0.7398518,-0.446361,-0.334437,0.3762091,0.005041163,0.005041163,0.005041163
-8587874337663263243
StretchableCube-Red:-0.07202041,1.062698,0.2218402,-0.5099168,-0.05801142,0.288397,0.8083605,0.006601831,0.006601831,0.006601831
StretchableCube-Yellow:0.06208124,1.07114,0.2422499,0.5184664,0.5043004,0.2854286,0.6288119,0.006280103,0.006280103,0.006280103
StretchableCube-Blue:0.04556441,0.849858,0.3721471,-0.7398518,-0.446361,-0.334437,0.3762091,0.005958375,0.005958375,0.005958375
-8587874337663104541
StretchableCube-Red:-0.07202041,1.062698,0.2218402,-0.5099168,-0.05801142,0.288397,0.8083605,0.007600148,0.007600148,0.007600148
StretchableCube-Yellow:0.06208124,1.07114,0.2422499,0.5184664,0.5043004,0.2854286,0.6288119,0.007261854,0.007261854,0.007261854
StretchableCube-Blue:0.04556441,0.849858,0.3721471,-0.7398518,-0.446361,-0.334437,0.3762091,0.00692356,0.00692356,0.00692356
-8587874337662930750
StretchableCube-Red:-0.07202041,1.062698,0.2218402,-0.5099168,-0.05801142,0.288397,0.8083605,0.008648166,0.008648166,0.008648166
StretchableCube-Yellow:0.06208124,1.07114,0.2422499,0.5184664,0.5043004,0.2854286,0.6288119,0.008293305,0.008293305,0.008293305
StretchableCube-Blue:0.04556441,0.849858,0.3721471,-0.7398518,-0.446361,-0.334437,0.3762091,0.007938443,0.007938443,0.007938443
-8587874337662752925
StretchableCube-Red:-0.07202041,1.062698,0.2218402,-0.5099168,-0.05801142,0.288397,0.8083605,0.009747236,0.009747236,0.009747236
StretchableCube-Yellow:0.06208124,1.07114,0.2422499,0.5184664,0.5043004,0.2854286,0.6288119,0.009375132,0.009375132,0.009375132
StretchableCube-Blue:0.04556441,0.849858,0.3721471,-0.7398518,-0.446361,-0.334437,0.3762091,0.009003028,0.009003028,0.009003028
-8587874337662591673
StretchableCube-Red:-0.07202041,1.062698,0.2218402,-0.5099168,-0.05801142,0.288397,0.8083605,0.01089579,0.01089579,0.01089579
StretchableCube-Yellow:0.06208124,1.07114,0.2422499,0.5184664,0.5043004,0.2854286,0.6288119,0.01050756,0.01050756,0.01050756
StretchableCube-Blue:0.04556441,0.849858,0.3721471,-0.7398518,-0.446361,-0.334437,0.3762091,0.01011934,0.01011934,0.01011934
-8587874337662421253
StretchableCube-Red:-0.07202041,1.062698,0.2218402,-0.5099168,-0.05801142,0.288397,0.8083605,0.01209454,0.01209454,0.01209454
StretchableCube-Yellow:0.06208124,1.07114,0.2422499,0.5184664,0.5043004,0.2854286,0.6288119,0.01168928,0.01168928,0.01168928
StretchableCube-Blue:0.04556441,0.849858,0.3721471,-0.7398518,-0.446361,-0.334437,0.3762091,0.01128401,0.01128401,0.01128401
-8587874337662261181
StretchableCube-Red:-0.07202041,1.062698,0.2218402,-0.5099168,-0.05801142,0.288397,0.8083605,0.01334236,0.01334236,0.01334236
StretchableCube-Yellow:0.06208124,1.07114,0.2422499,0.5184664,0.5043004,0.2854286,0.6288119,0.01292108,0.01292108,0.01292108
StretchableCube-Blue:0.04556441,0.849858,0.3721471,-0.7398518,-0.446361,-0.334437,0.3762091,0.0124998,0.0124998,0.0124998
-8587874337662100912
StretchableCube-Red:-0.07202041,1.062698,0.2218402,-0.5099168,-0.05801142,0.288397,0.8083605,0.01464024,0.01464024,0.01464024
StretchableCube-Yellow:0.06208124,1.07114,0.2422499,0.5184664,0.5043004,0.2854286,0.6288119,0.01420194,0.01420194,0.01420194
StretchableCube-Blue:0.04556441,0.849858,0.3721471,-0.7398518,-0.446361,-0.334437,0.3762091,0.01376364,0.01376364,0.01376364
-8587874337661930854
StretchableCube-Red:-0.07202041,1.062698,0.2218402,-0.5099168,-0.05801142,0.288397,0.8083605,0.01598716,0.01598716,0.01598716
StretchableCube-Yellow:0.06208124,1.07114,0.2422499,0.5184664,0.5043004,0.2854286,0.6288119,0.01553285,0.01553285,0.01553285
StretchableCube-Blue:0.04556441,0.849858,0.3721471,-0.7398518,-0.446361,-0.334437,0.3762091,0.01507854,0.01507854,0.01507854
-8587874337661770720
StretchableCube-Red:-0.07202041,1.062698,0.2218402,-0.5099168,-0.05801142,0.288397,0.8083605,0.01738312,0.01738312,0.01738312
StretchableCube-Yellow:0.06208124,1.07114,0.2422499,0.5184664,0.5043004,0.2854286,0.6288119,0.01691229,0.01691229,0.01691229
StretchableCube-Blue:0.04556441,0.849858,0.3721471,-0.7398518,-0.446361,-0.334437,0.3762091,0.01644147,0.01644147,0.01644147
-8587874337661600557
StretchableCube-Red:-0.07202041,1.062698,0.2218402,-0.5099168,-0.05801142,0.288397,0.8083605,0.01882874,0.01882874,0.01882874
StretchableCube-Yellow:0.06208124,1.07114,0.2422499,0.5184664,0.5043004,0.2854286,0.6288119,0.01834135,0.01834135,0.01834135
StretchableCube-Blue:0.04556441,0.849858,0.3721471,-0.7398518,-0.446361,-0.334437,0.3762091,0.01785395,0.01785395,0.01785395
-8587874337661430273
StretchableCube-Red:-0.07202041,1.062698,0.2218402,-0.5099168,-0.05801142,0.288397,0.8083605,0.02032483,0.02032483,0.02032483
StretchableCube-Yellow:0.06208124,1.07114,0.2422499,0.5184664,0.5043004,0.2854286,0.6288119,0.01982048,0.01982048,0.01982048
StretchableCube-Blue:0.04556441,0.849858,0.3721471,-0.7398518,-0.446361,-0.334437,0.3762091,0.01931613,0.01931613,0.01931613
-8587874337661270143
StretchableCube-Red:-0.07202041,1.062698,0.2218402,-0.5099168,-0.05801142,0.288397,0.8083605,0.02187023,0.02187023,0.02187023
StretchableCube-Yellow:0.06208124,1.07114,0.2422499,0.5184664,0.5043004,0.2854286,0.6288119,0.0213497,0.0213497,0.0213497
StretchableCube-Blue:0.04556441,0.849858,0.3721471,-0.7398518,-0.446361,-0.334437,0.3762091,0.02082917,0.02082917,0.02082917
-8587874337661119883
StretchableCube-Red:-0.07202041,1.062698,0.2218402,-0.5099168,-0.05801142,0.288397,0.8083605,0.02346499,0.02346499,0.02346499
StretchableCube-Yellow:0.06208124,1.07114,0.2422499,0.5184664,0.5043004,0.2854286,0.6288119,0.02292787,0.02292787,0.02292787
StretchableCube-Blue:0.04556441,0.849858,0.3721471,-0.7398518,-0.446361,-0.334437,0.3762091,0.02239076,0.02239076,0.02239076
-8587874337660934480
StretchableCube-Red:-0.07202041,1.062698,0.2218402,-0.5099168,-0.05801142,0.288397,0.8083605,0.02510997,0.02510997,0.02510997
StretchableCube-Yellow:0.06208124,1.07114,0.2422499,0.5184664,0.5043004,0.2854286,0.6288119,0.02455604,0.02455604,0.02455604
StretchableCube-Blue:0.04556441,0.849858,0.3721471,-0.7398518,-0.446361,-0.334437,0.3762091,0.0240021,0.0240021,0.0240021
-8587874337660784538
StretchableCube-Red:-0.07202041,1.062698,0.2218402,-0.5099168,-0.05801142,0.288397,0.8083605,0.02680437,0.02680437,0.02680437
StretchableCube-Yellow:0.06208124,1.07114,0.2422499,0.5184664,0.5043004,0.2854286,0.6288119,0.02623414,0.02623414,0.02623414
StretchableCube-Blue:0.04556441,0.849858,0.3721471,-0.7398518,-0.446361,-0.334437,0.3762091,0.02566391,0.02566391,0.02566391
-8587874337660618089
StretchableCube-Red:-0.07202041,1.062698,0.2218402,-0.5099168,-0.05801142,0.288397,0.8083605,0.02854818,0.02854818,0.02854818
StretchableCube-Yellow:0.06208124,1.07114,0.2422499,0.5184664,0.5043004,0.2854286,0.6288119,0.02796139,0.02796139,0.02796139
StretchableCube-Blue:0.04556441,0.849858,0.3721471,-0.7398518,-0.446361,-0.334437,0.3762091,0.02737459,0.02737459,0.02737459
-8587874337660442767
StretchableCube-Red:-0.07202041,1.062698,0.2218402,-0.5099168,-0.05801142,0.288397,0.8083605,0.0303417,0.0303417,0.0303417
StretchableCube-Yellow:0.06208124,1.07114,0.2422499,0.5184664,0.5043004,0.2854286,0.6288119,0.02973834,0.02973834,0.02973834
StretchableCube-Blue:0.04556441,0.849858,0.3721471,-0.7398518,-0.446361,-0.334437,0.3762091,0.02913498,0.02913498,0.02913498
-8587874337660242647
StretchableCube-Red:-0.07202041,1.062698,0.2218402,-0.5099168,-0.05801142,0.288397,0.8083605,0.03218533,0.03218533,0.03218533
StretchableCube-Yellow:0.06208124,1.07114,0.2422499,0.5184664,0.5043004,0.2854286,0.6288119,0.0315652,0.0315652,0.0315652
StretchableCube-Blue:0.04556441,0.849858,0.3721471,-0.7398518,-0.446361,-0.334437,0.3762091,0.03094506,0.03094506,0.03094506
-8587874337660121735
StretchableCube-Red:-0.07202041,1.062698,0.2218402,-0.5099168,-0.05801142,0.288397,0.8083605,0.03407845,0.03407845,0.03407845
StretchableCube-Yellow:0.06208124,1.07114,0.2422499,0.5184664,0.5043004,0.2854286,0.6288119,0.03344196,0.03344196,0.03344196
StretchableCube-Blue:0.04556441,0.849858,0.3721471,-0.7398518,-0.446361,-0.334437,0.3762091,0.03280546,0.03280546,0.03280546
-8587874337659941409
StretchableCube-Red:-0.07202041,1.062698,0.2218402,-0.5099168,-0.05801142,0.288397,0.8083605,0.03602143,0.03602143,0.03602143
StretchableCube-Yellow:0.06208124,1.07114,0.2422499,0.5184664,0.5043004,0.2854286,0.6288119,0.03536819,0.03536819,0.03536819
StretchableCube-Blue:0.04556441,0.849858,0.3721471,-0.7398518,-0.446361,-0.334437,0.3762091,0.03471494,0.03471494,0.03471494
-8587874337659780812
StretchableCube-Red:-0.07202041,1.062698,0.2218402,-0.5099168,-0.05801142,0.288397,0.8083605,0.03801393,0.03801393,0.03801393
StretchableCube-Yellow:0.06208124,1.07114,0.2422499,0.5184664,0.5043004,0.2854286,0.6288119,0.03734431,0.03734431,0.03734431
StretchableCube-Blue:0.04556441,0.849858,0.3721471,-0.7398518,-0.446361,-0.334437,0.3762091,0.03667467,0.03667467,0.03667467
-8587874337659610649
StretchableCube-Red:-0.07202041,1.062698,0.2218402,-0.5099168,-0.05801142,0.288397,0.8083605,0.0400562,0.0400562,0.0400562
StretchableCube-Yellow:0.06208124,1.07114,0.2422499,0.5184664,0.5043004,0.2854286,0.6288119,0.03936988,0.03936988,0.03936988
StretchableCube-Blue:0.04556441,0.849858,0.3721471,-0.7398518,-0.446361,-0.334437,0.3762091,0.03868355,0.03868355,0.03868355
-8587874337659450495
StretchableCube-Red:-0.07202041,1.062698,0.2218402,-0.5099168,-0.05801142,0.288397,0.8083605,0.04214804,0.04214804,0.04214804
StretchableCube-Yellow:0.06208124,1.07114,0.2422499,0.5184664,0.5043004,0.2854286,0.6288119,0.04144529,0.04144529,0.04144529
StretchableCube-Blue:0.04556441,0.849858,0.3721471,-0.7398518,-0.446361,-0.334437,0.3762091,0.04074251,0.04074251,0.04074251
-8587874337659298669
StretchableCube-Red:-0.07202041,1.062698,0.2218402,-0.5099168,-0.05801142,0.288397,0.8083605,0.04428945,0.04428945,0.04428945
StretchableCube-Yellow:0.06208124,1.07114,0.2422499,0.5184664,0.5043004,0.2854286,0.6288119,0.04357013,0.04357013,0.04357013
StretchableCube-Blue:0.04556441,0.849858,0.3721471,-0.7398518,-0.446361,-0.334437,0.3762091,0.0428508,0.0428508,0.0428508
-8587874337659109505
StretchableCube-Red:-0.07202041,1.062698,0.2218402,-0.5099168,-0.05801142,0.288397,0.8083605,0.04648166,0.04648166,0.04648166
StretchableCube-Yellow:0.06208124,1.07114,0.2422499,0.5184664,0.5043004,0.2854286,0.6288119,0.04574523,0.04574523,0.04574523
StretchableCube-Blue:0.04556441,0.849858,0.3721471,-0.7398518,-0.446361,-0.334437,0.3762091,0.04500878,0.04500878,0.04500878
-8587874337658949041
StretchableCube-Red:-0.07202041,1.062698,0.2218402,-0.5099168,-0.05801142,0.288397,0.8083605,0.04872303,0.04872303,0.04872303
StretchableCube-Yellow:0.06208124,1.07114,0.2422499,0.5184664,0.5043004,0.2854286,0.6288119,0.04797057,0.04797057,0.04797057
StretchableCube-Blue:0.04556441,0.849858,0.3721471,-0.7398518,-0.446361,-0.334437,0.3762091,0.04721809,0.04721809,0.04721809
-8587874337658784305
StretchableCube-Red:-0.07202041,1.062698,0.2218402,-0.5099168,-0.05801142,0.288397,0.8083605,0.05101355,0.05101355,0.05101355
StretchableCube-Yellow:0.06208124,1.07114,0.2422499,0.5184664,0.5043004,0.2854286,0.6288119,0.05024453,0.05024453,0.05024453
StretchableCube-Blue:0.04556441,0.849858,0.3721471,-0.7398518,-0.446361,-0.334437,0.3762091,0.04947549,0.04947549,0.04947549
-8587874337658622697
StretchableCube-Red:-0.07202041,1.062698,0.2218402,-0.5099168,-0.05801142,0.288397,0.8083605,0.05335377,0.05335377,0.05335377
StretchableCube-Yellow:0.06208124,1.07114,0.2422499,0.5184664,0.5043004,0.2854286,0.6288119,0.05256818,0.05256818,0.05256818
StretchableCube-Blue:0.04556441,0.849858,0.3721471,-0.7398518,-0.446361,-0.334437,0.3762091,0.05178258,0.05178258,0.05178258
-8587874337658452168
-8587874337658292912
-8587874337658117079
-8587874337657948781
-8587874337657780981
-8587874337657620827
-8587874337657460676
-8587874337657305273
-8587874337657125216
-8587874337656965062
-8587874337656802870
-8587874337656628972
-8587874337656462226
-8587874337656311329
-8587874337656150604
-8587874337655986032
-8587874337655827140
-8587874337655651785
-8587874337655486381
-8587874337655330950
-8587874337655160078
-8587874337654992940
-8587874337654832843
-8587874337654662638
-8587874337654502459
-8587874337654332198
-8587874337654161804
-8587874337654002357
-8587874337653838983
-8587874337653668863
-8587874337653512631
-8587874337653333825
-8587874337653173697
-8587874337653003539
-8587874337652840781
-8587874337652673611
-8587874337652518190
-8587874337652337930
-8587874337652183342
-8587874337652007249
-8587874337651846369
-8587874337651681422
-8587874337651526051
-8587874337651351622
-8587874337651181484
-8587874337651019982
-8587874337650849695
-8587874337650689657
-8587874337650529503
-8587874337650349335
-8587874337650188902
-8587874337650018844
-8587874337649855495
-8587874337649692935
-8587874337649532789
-8587874337649362556
-8587874337649197239
-8587874337649026635
-8587874337648858046
-8587874337648703291
-8587874337648533084
-8587874337648366891
-8587874337648206661
-8587874337648034142
-8587874337647863403
-8587874337647707652
-8587874337647539278
-8587874337647368997
-8587874337647197874
-8587874337647037323
-8587874337646867167
-8587874337646716473
-8587874337646545536
-8587874337646374433
-8587874337646213647
-8587874337646044433
-8587874337645884620
-8587874337645727720
-8587874337645546789
-8587874337645385737
-8587874337645215202
-8587874337645054810
-8587874337644884447
-8587874337644724012
-8587874337644554634
-8587874337644394603
-8587874337644217792
-8587874337644057495
-8587874337643896929
-8587874337643736934
-8587874337643556581
-8587874337643393699
-8587874337643234361
-8587874337643065760
-8587874337642905032
-8587874337642732749
-8587874337642564442
-8587874337642403753
-8587874337642234637
-8587874337642073374
-8587874337641914820
-8587874337641744058
-8587874337641572766
-8587874337641407185
-8587874337641236788
-8587874337641075925
-8587874337640915275
-8587874337640744410
-8587874337640582618
-8587874337640412933
-8587874337640246487
-8587874337640080983
-8587874337639926102
-8587874337639755071
-8587874337639584004
-8587874337639423837
-8587874337639253671
-8587874337639093520
-8587874337638933261
-8587874337638758170
-8587874337638597996
-8587874337638425498
-8587874337638260339
-8587874337638105180
-8587874337637924664
-8587874337637764118
-8587874337637594910
-8587874337637434572
-8587874337637264649
-8587874337637104498
-8587874337636934511
-8587874337636774357
-8587874337636604659
-8587874337636433549
-8587874337636272801
-8587874337636113984
-8587874337635943431
-8587874337635773117
-8587874337635614537
-8587874337635439028
-8587874337635278818
-8587874337635116535
-8587874337634948386
-8587874337634782019
-8587874337634621410
-8587874337634450660
-8587874337634287065
-8587874337634125877
-8587874337633945543
-8587874337633786690
-8587874337633616531
-8587874337633456216
-8587874337633288807
-8587874337633133177
-8587874337632958065
-8587874337632792075
-8587874337632631998
-8587874337632461458
-8587874337632301307
-8587874337632135132
-8587874337631964520
-8587874337631804661
-8587874337631634364
-8587874337631465967
-8587874337631305391
-8587874337631134798
-8587874337630972261
-8587874337630812342
-8587874337630640013
-8587874337630481034
-8587874337630316790
-8587874337630146199
-8587874337629984017
-8587874337629808470
-8587874337629649177
-8587874337629479039
-8587874337629318836
-8587874337629148243
-8587874337628988035
-8587874337628817728
-8587874337628653814
-8587874337628483349
StretchableCube-Red:-0.07202041,1.062698,0.2218402,-0.5099168,-0.05801142,0.288397,0.8083605,0.05096385,0.05096385,0.05096385
StretchableCube-Yellow:0.06208124,1.07114,0.2422499,0.5184664,0.5043004,0.2854286,0.6288119,0.05019483,0.05019483,0.05019483
StretchableCube-Blue:0.04556441,0.849858,0.3721471,-0.7398518,-0.446361,-0.334437,0.3762091,0.0494258,0.0494258,0.0494258
-8587874337628326986
StretchableCube-Red:-0.07202041,1.062698,0.2218402,-0.5099168,-0.05801142,0.288397,0.8083605,0.04852345,0.04852345,0.04852345
StretchableCube-Yellow:0.06208124,1.07114,0.2422499,0.5184664,0.5043004,0.2854286,0.6288119,0.04777139,0.04777139,0.04777139
StretchableCube-Blue:0.04556441,0.849858,0.3721471,-0.7398518,-0.446361,-0.334437,0.3762091,0.04701931,0.04701931,0.04701931
-8587874337628157020
StretchableCube-Red:-0.07202041,1.062698,0.2218402,-0.5099168,-0.05801142,0.288397,0.8083605,0.04603374,0.04603374,0.04603374
StretchableCube-Yellow:0.06208124,1.07114,0.2422499,0.5184664,0.5043004,0.2854286,0.6288119,0.04529785,0.04529785,0.04529785
StretchableCube-Blue:0.04556441,0.849858,0.3721471,-0.7398518,-0.446361,-0.334437,0.3762091,0.04456194,0.04456194,0.04456194
-8587874337627976895
StretchableCube-Red:-0.07202041,1.062698,0.2218402,-0.5099168,-0.05801142,0.288397,0.8083605,0.04349418,0.04349418,0.04349418
StretchableCube-Yellow:0.06208124,1.07114,0.2422499,0.5184664,0.5043004,0.2854286,0.6288119,0.04277512,0.04277512,0.04277512
StretchableCube-Blue:0.04556441,0.849858,0.3721471,-0.7398518,-0.446361,-0.334437,0.3762091,0.04205606,0.04205606,0.04205606
-8587874337627821603
StretchableCube-Red:-0.07202041,1.062698,0.2218402,-0.5099168,-0.05801142,0.288397,0.8083605,0.04090519,0.04090519,0.04090519
StretchableCube-Yellow:0.06208124,1.07114,0.2422499,0.5184664,0.5043004,0.2854286,0.6288119,0.04020243,0.04020243,0.04020243
StretchableCube-Blue:0.04556441,0.849858,0.3721471,-0.7398518,-0.446361,-0.334437,0.3762091,0.03949967,0.03949967,0.03949967
-8587874337627654617
StretchableCube-Red:-0.07202041,1.062698,0.2218402,-0.5099168,-0.05801142,0.288397,0.8083605,0.03826603,0.03826603,0.03826603
StretchableCube-Yellow:0.06208124,1.07114,0.2422499,0.5184664,0.5043004,0.2854286,0.6288119,0.03758021,0.03758021,0.03758021
StretchableCube-Blue:0.04556441,0.849858,0.3721471,-0.7398518,-0.446361,-0.334437,0.3762091,0.03689438,0.03689438,0.03689438
-8587874337627489435
StretchableCube-Red:-0.07202041,1.062698,0.2218402,-0.5099168,-0.05801142,0.288397,0.8083605,0.03557753,0.03557753,0.03557753
StretchableCube-Yellow:0.06208124,1.07114,0.2422499,0.5184664,0.5043004,0.2854286,0.6288119,0.03490791,0.03490791,0.03490791
StretchableCube-Blue:0.04556441,0.849858,0.3721471,-0.7398518,-0.446361,-0.334437,0.3762091,0.03423828,0.03423828,0.03423828
-8587874337627329281
StretchableCube-Red:-0.07202041,1.062698,0.2218402,-0.5099168,-0.05801142,0.288397,0.8083605,0.03283972,0.03283972,0.03283972
StretchableCube-Yellow:0.06208124,1.07114,0.2422499,0.5184664,0.5043004,0.2854286,0.6288119,0.03218666,0.03218666,0.03218666
StretchableCube-Blue:0.04556441,0.849858,0.3721471,-0.7398518,-0.446361,-0.334437,0.3762091,0.0315336,0.0315336,0.0315336
-8587874337627164097
StretchableCube-Red:-0.07202041,1.062698,0.2218402,-0.5099168,-0.05801142,0.288397,0.8083605,0.0300522,0.0300522,0.0300522
StretchableCube-Yellow:0.06208124,1.07114,0.2422499,0.5184664,0.5043004,0.2854286,0.6288119,0.02941571,0.02941571,0.02941571
StretchableCube-Blue:0.04556441,0.849858,0.3721471,-0.7398518,-0.446361,-0.334437,0.3762091,0.02877921,0.02877921,0.02877921
-8587874337626993934
StretchableCube-Red:-0.07202041,1.062698,0.2218402,-0.5099168,-0.05801142,0.288397,0.8083605,0.02721465,0.02721465,0.02721465
StretchableCube-Yellow:0.06208124,1.07114,0.2422499,0.5184664,0.5043004,0.2854286,0.6288119,0.02659489,0.02659489,0.02659489
StretchableCube-Blue:0.04556441,0.849858,0.3721471,-0.7398518,-0.446361,-0.334437,0.3762091,0.02597513,0.02597513,0.02597513
-8587874337626823770
StretchableCube-Red:-0.07202041,1.062698,0.2218402,-0.5099168,-0.05801142,0.288397,0.8083605,0.02432633,0.02432633,0.02432633
StretchableCube-Yellow:0.06208124,1.07114,0.2422499,0.5184664,0.5043004,0.2854286,0.6288119,0.02372359,0.02372359,0.02372359
StretchableCube-Blue:0.04556441,0.849858,0.3721471,-0.7398518,-0.446361,-0.334437,0.3762091,0.02312085,0.02312085,0.02312085
-8587874337626663616
StretchableCube-Red:-0.07202041,1.062698,0.2218402,-0.5099168,-0.05801142,0.288397,0.8083605,0.02138899,0.02138899,0.02138899
StretchableCube-Yellow:0.06208124,1.07114,0.2422499,0.5184664,0.5043004,0.2854286,0.6288119,0.02080225,0.02080225,0.02080225
StretchableCube-Blue:0.04556441,0.849858,0.3721471,-0.7398518,-0.446361,-0.334437,0.3762091,0.0202155,0.0202155,0.0202155
-8587874337626509128
StretchableCube-Red:-0.07202041,1.062698,0.2218402,-0.5099168,-0.05801142,0.288397,0.8083605,0.01840262,0.01840262,0.01840262
StretchableCube-Yellow:0.06208124,1.07114,0.2422499,0.5184664,0.5043004,0.2854286,0.6288119,0.0178324,0.0178324,0.0178324
StretchableCube-Blue:0.04556441,0.849858,0.3721471,-0.7398518,-0.446361,-0.334437,0.3762091,0.01726217,0.01726217,0.01726217
-8587874337626333867
StretchableCube-Red:-0.07202041,1.062698,0.2218402,-0.5099168,-0.05801142,0.288397,0.8083605,0.01536661,0.01536661,0.01536661
StretchableCube-Yellow:0.06208124,1.07114,0.2422499,0.5184664,0.5043004,0.2854286,0.6288119,0.01481295,0.01481295,0.01481295
StretchableCube-Blue:0.04556441,0.849858,0.3721471,-0.7398518,-0.446361,-0.334437,0.3762091,0.01425929,0.01425929,0.01425929
-8587874337626171573
StretchableCube-Red:-0.07202041,1.062698,0.2218402,-0.5099168,-0.05801142,0.288397,0.8083605,0.01228089,0.01228089,0.01228089
StretchableCube-Yellow:0.06208124,1.07114,0.2422499,0.5184664,0.5043004,0.2854286,0.6288119,0.0117438,0.0117438,0.0117438
StretchableCube-Blue:0.04556441,0.849858,0.3721471,-0.7398518,-0.446361,-0.334437,0.3762091,0.01120671,0.01120671,0.01120671
-8587874337626001313
StretchableCube-Red:-0.07202041,1.062698,0.2218402,-0.5099168,-0.05801142,0.288397,0.8083605,0.009145337,0.009145337,0.009145337
StretchableCube-Yellow:0.06208124,1.07114,0.2422499,0.5184664,0.5043004,0.2854286,0.6288119,0.008624878,0.008624878,0.008624878
StretchableCube-Blue:0.04556441,0.849858,0.3721471,-0.7398518,-0.446361,-0.334437,0.3762091,0.008104422,0.008104422,0.008104422
-8587874337625831080
StretchableCube-Red:-0.07202041,1.062698,0.2218402,-0.5099168,-0.05801142,0.288397,0.8083605,0.005959133,0.005959133,0.005959133
StretchableCube-Yellow:0.06208124,1.07114,0.2422499,0.5184664,0.5043004,0.2854286,0.6288119,0.005455681,0.005455681,0.005455681
StretchableCube-Blue:0.04556441,0.849858,0.3721471,-0.7398518,-0.446361,-0.334437,0.3762091,0.004952233,0.004952233,0.004952233
-8587874337625670875
StretchableCube-Red:-0.07202041,1.062698,0.2218402,-0.5099168,-0.05801142,0.288397,0.8083605,0.002723797,0.002723797,0.002723797
StretchableCube-Yellow:0.06208124,1.07114,0.2422499,0.5184664,0.5043004,0.2854286,0.6288119,0.002236407,0.002236407,0.002236407
StretchableCube-Blue:0.04556441,0.849858,0.3721471,-0.7398518,-0.446361,-0.334437,0.3762091,0.001749021,0.001749021,0.001749021
-8587874337625500207
StretchableCube-Red:0.15,0.98,0.3,-0.5099168,-0.05801142,0.288397,0.8083605,-0.0005616667,-0.0005616667,-0.0005616667
StretchableCube-Yellow:0,0.98,0.3,0.5184664,0.5043004,0.2854286,0.6288119,-0.001032024,-0.001032024,-0.001032024
StretchableCube-Blue:-0.15,0.98,0.3,-0.7398518,-0.446361,-0.334437,0.3762091,-0.001502377,-0.001502377,-0.001502377
-8587874337625333336
StretchableCube-Red:0.15,0.98,0.3,-0.5099168,-0.05801142,0.288397,0.8083605,0.002774107,0.002774107,0.002774107
StretchableCube-Yellow:0,0.98,0.3,0.5184664,0.5043004,0.2854286,0.6288119,0.002287111,0.002287111,0.002287111
StretchableCube-Blue:-0.15,0.98,0.3,-0.7398518,-0.446361,-0.334437,0.3762091,0.001800118,0.001800118,0.001800118
-8587874337625172801
StretchableCube-Red:0.15,0.98,0.3,-0.5099168,-0.05801142,0.288397,0.8083605,0.006158697,0.006158697,0.006158697
StretchableCube-Yellow:0,0.98,0.3,0.5184664,0.5043004,0.2854286,0.6288119,0.005655612,0.005655612,0.005655612
StretchableCube-Blue:-0.15,0.98,0.3,-0.7398518,-0.446361,-0.334437,0.3762091,0.005152531,0.005152531,0.005152531
-8587874337625007107
StretchableCube-Red:0.15,0.98,0.3,-0.5099168,-0.05801142,0.288397,0.8083605,0.009592444,0.009592444,0.009592444
StretchableCube-Yellow:0,0.98,0.3,0.5184664,0.5043004,0.2854286,0.6288119,0.009072825,0.009072825,0.009072825
StretchableCube-Blue:-0.15,0.98,0.3,-0.7398518,-0.446361,-0.334437,0.3762091,0.00855321,0.00855321,0.00855321
-8587874337624845118
StretchableCube-Red:0.15,0.98,0.3,-0.5099168,-0.05801142,0.288397,0.8083605,0.01307579,0.01307579,0.01307579
StretchableCube-Yellow:0,0.98,0.3,0.5184664,0.5043004,0.2854286,0.6288119,0.01253964,0.01253964,0.01253964
StretchableCube-Blue:-0.15,0.98,0.3,-0.7398518,-0.446361,-0.334437,0.3762091,0.01200349,0.01200349,0.01200349
-8587874337624675802
StretchableCube-Red:0.15,0.98,0.3,-0.5099168,-0.05801142,0.288397,0.8083605,0.01660892,0.01660892,0.01660892
StretchableCube-Yellow:0,0.98,0.3,0.5184664,0.5043004,0.2854286,0.6288119,0.01605614,0.01605614,0.01605614
StretchableCube-Blue:-0.15,0.98,0.3,-0.7398518,-0.446361,-0.334437,0.3762091,0.01550337,0.01550337,0.01550337
-8587874337624515495
StretchableCube-Red:0.15,0.98,0.3,-0.5099168,-0.05801142,0.288397,0.8083605,0.02019272,0.02019272,0.02019272
StretchableCube-Yellow:0,0.98,0.3,0.5184664,0.5043004,0.2854286,0.6288119,0.01962292,0.01962292,0.01962292
StretchableCube-Blue:-0.15,0.98,0.3,-0.7398518,-0.446361,-0.334437,0.3762091,0.01905312,0.01905312,0.01905312
-8587874337624345321
StretchableCube-Red:0.15,0.98,0.3,-0.5099168,-0.05801142,0.288397,0.8083605,0.02382565,0.02382565,0.02382565
StretchableCube-Yellow:0,0.98,0.3,0.5184664,0.5043004,0.2854286,0.6288119,0.0232398,0.0232398,0.0232398
StretchableCube-Blue:-0.15,0.98,0.3,-0.7398518,-0.446361,-0.334437,0.3762091,0.02265395,0.02265395,0.02265395
-8587874337624185303
StretchableCube-Red:0.15,0.98,0.3,-0.5099168,-0.05801142,0.288397,0.8083605,0.02750777,0.02750777,0.02750777
StretchableCube-Yellow:0,0.98,0.3,0.5184664,0.5043004,0.2854286,0.6288119,0.02690535,0.02690535,0.02690535
StretchableCube-Blue:-0.15,0.98,0.3,-0.7398518,-0.446361,-0.334437,0.3762091,0.02630294,0.02630294,0.02630294
-8587874337624017633
StretchableCube-Red:0.15,0.98,0.3,-0.5099168,-0.05801142,0.288397,0.8083605,0.03123959,0.03123959,0.03123959
StretchableCube-Yellow:0,0.98,0.3,0.5184664,0.5043004,0.2854286,0.6288119,0.0306206,0.0306206,0.0306206
StretchableCube-Blue:-0.15,0.98,0.3,-0.7398518,-0.446361,-0.334437,0.3762091,0.03000162,0.03000162,0.03000162
-8587874337623850536
StretchableCube-Red:0.15,0.98,0.3,-0.5099168,-0.05801142,0.288397,0.8083605,0.0350211,0.0350211,0.0350211
StretchableCube-Yellow:0,0.98,0.3,0.5184664,0.5043004,0.2854286,0.6288119,0.03438555,0.03438555,0.03438555
StretchableCube-Blue:-0.15,0.98,0.3,-0.7398518,-0.446361,-0.334437,0.3762091,0.03375001,0.03375001,0.03375001
-8587874337623679999
StretchableCube-Red:0.15,0.98,0.3,-0.5099168,-0.05801142,0.288397,0.8083605,0.03885282,0.03885282,0.03885282
StretchableCube-Yellow:0,0.98,0.3,0.5184664,0.5043004,0.2854286,0.6288119,0.03820045,0.03820045,0.03820045
StretchableCube-Blue:-0.15,0.98,0.3,-0.7398518,-0.446361,-0.334437,0.3762091,0.03754809,0.03754809,0.03754809
-8587874337623522382
StretchableCube-Red:0.15,0.98,0.3,-0.5099168,-0.05801142,0.288397,0.8083605,0.04273398,0.04273398,0.04273398
StretchableCube-Yellow:0,0.98,0.3,0.5184664,0.5043004,0.2854286,0.6288119,0.0420653,0.0420653,0.0420653
StretchableCube-Blue:-0.15,0.98,0.3,-0.7398518,-0.446361,-0.334437,0.3762091,0.04139661,0.04139661,0.04139661
-8587874337623351586
StretchableCube-Red:0.15,0.98,0.3,-0.5099168,-0.05801142,0.288397,0.8083605,0.0466646,0.0466646,0.0466646
StretchableCube-Yellow:0,0.98,0.3,0.5184664,0.5043004,0.2854286,0.6288119,0.04597935,0.04597935,0.04597935
StretchableCube-Blue:-0.15,0.98,0.3,-0.7398518,-0.446361,-0.334437,0.3762091,0.0452941,0.0452941,0.0452941
-8587874337623188486
StretchableCube-Red:0.15,0.98,0.3,-0.5099168,-0.05801142,0.288397,0.8083605,0.05064492,0.05064492,0.05064492
StretchableCube-Yellow:0,0.98,0.3,0.5184664,0.5043004,0.2854286,0.6288119,0.0499431,0.0499431,0.0499431
StretchableCube-Blue:-0.15,0.98,0.3,-0.7398518,-0.446361,-0.334437,0.3762091,0.04924128,0.04924128,0.04924128
-8587874337623018049
StretchableCube-Red:0.15,0.98,0.3,-0.5099168,-0.05801142,0.288397,0.8083605,0.05467493,0.05467493,0.05467493
StretchableCube-Yellow:0,0.98,0.3,0.5184664,0.5043004,0.2854286,0.6288119,0.05395655,0.05395655,0.05395655
StretchableCube-Blue:-0.15,0.98,0.3,-0.7398518,-0.446361,-0.334437,0.3762091,0.05323816,0.05323816,0.05323816
-8587874337622847657
-8587874337622688039
-8587874337622527414
-8587874337622356475
-8587874337622183634
-8587874337622023014
-8587874337621860042
-8587874337621689876
-8587874337621539322
-8587874337621368457
-8587874337621194546
-8587874337621034451
-8587874337620864249
-8587874337620707833
-8587874337620534060
-8587874337620374221
-8587874337620204600
-8587874337620040565
-8587874337619870404
-8587874337619715109
-8587874337619536168
-8587874337619380305
-8587874337619210144
-8587874337619041071
-8587874337618876483
-8587874337618718244
-8587874337618550912
-8587874337618383675
-8587874337618212252
-8587874337618048058
-8587874337617888045
-8587874337617722045
-8587874337617556049
-8587874337617384698
-8587874337617227239
-8587874337617057987
-8587874337616889923
-8587874337616729467
-8587874337616559401
-8587874337616399147
-8587874337616228984
-8587874337616058913
-8587874337615898667
-8587874337615728506
-8587874337615568449
-8587874337615398286
-8587874337615235198
-8587874337615067610
-8587874337614909333
-8587874337614738952
-8587874337614568942
-8587874337614405189
-8587874337614241566
-8587874337614071124
-8587874337613910187
-8587874337613738590
-8587874337613569750
-8587874337613407443
-8587874337613239358
-8587874337613078754
-8587874337612918792
-8587874337612748642
-8587874337612578245
-8587874337612412739
-8587874337612252150
-8587874337612087193
-8587874337611926978
-8587874337611755225
-8587874337611585074
-8587874337611428512
-8587874337611257511
-8587874337611086785
-8587874337610938325
-8587874337610757645
-8587874337610596434
-8587874337610434755
-8587874337610264438
-8587874337610103884
-8587874337609923609
-8587874337609757232
-8587874337609602733
-8587874337609432600
-8587874337609262511
-8587874337609112313
-8587874337608941185
-8587874337608770476
-8587874337608610322
-8587874337608439782
-8587874337608274967
-8587874337608114606
-8587874337607942481
-8587874337607777000
-8587874337607605892
-8587874337607442925
-8587874337607282443
-8587874337607121808
-8587874337606946678
-8587874337606786545
-8587874337606617575
-8587874337606452252
-8587874337606290399
-8587874337606130242
-8587874337605949765
-8587874337605789705
-8587874337605631167
-8587874337605460205
-8587874337605290369
-8587874337605130210
-8587874337604960052
-8587874337604789730
-8587874337604629617
-8587874337604459474
-8587874337604309422
-8587874337604129254
-8587874337603968982
-8587874337603798773
-8587874337603638064
-8587874337603468878
-8587874337603307839
-8587874337603140527
-8587874337602969918
-8587874337602809065
-8587874337602643228
-8587874337602472655
-8587874337602314281
-8587874337602144891
-8587874337601980047
-8587874337601819616
-8587874337601650754
-8587874337601480211
-8587874337601319906
-8587874337601152395
-8587874337600978981
-8587874337600818532
-8587874337600647253
-8587874337600487959
-8587874337600327508
-8587874337600152990
-8587874337599982581
-8587874337599832504
-8587874337599666810
-8587874337599486394
-8587874337599332389
-8587874337599162151
-8587874337599000106
-8587874337598830518
-8587874337598667554
-8587874337598507354
-8587874337598331876
-8587874337598171069
-8587874337598000619
-8587874337597840775
-8587874337597670619
-8587874337597510163
-8587874337597339928
-8587874337597179564
-8587874337597008933
-8587874337596848615
-8587874337596677868
-8587874337596519882
-8587874337596349325
-8587874337596178895
-8587874337596023362
-8587874337595843189
-8587874337595689110
-8587874337595528452
-8587874337595357390
-8587874337595184585
-8587874337595023758
-8587874337594853981
-8587874337594690788
-8587874337594530744
-8587874337594351516
-8587874337594186918
-8587874337594026685
-8587874337593859747
-8587874337593699447
-8587874337593529266
-8587874337593369276
-8587874337593198992
-8587874337593028949
-8587874337592868673
-8587874337592708642
-8587874337592538378
-8587874337592367913
-8587874337592208315
-8587874337592041730
-8587874337591874836
-8587874337591718148
-8587874337591548008
-8587874337591377230
-8587874337591211777
-8587874337591051275
-8587874337590878431
-8587874337590726413
-8587874337590544159
-8587874337590383621
-8587874337590213181
-8587874337590050004
-8587874337589884922
-8587874337589722833
-8587874337589554500
-8587874337589388020
-8587874337589227867
-8587874337589057109
-8587874337588889222
-8587874337588738560
-8587874337588558270
-8587874337588395405
-8587874337588224609
-8587874337588064481
-8587874337587904150
-8587874337587734030
-8587874337587563826
-8587874337587405411
-8587874337587236266
-8587874337587071975
-8587874337586911916
-8587874337586734352
-8587874337586566019
-8587874337586405624
-8587874337586242711
-8587874337586072596
-8587874337585921873
-8587874337585741239
-8587874337585577896
-8587874337585384621
-8587874337585244253
-8587874337585084087
-8587874337584921549
-8587874337584754676
-8587874337584584574
-8587874337584424248
-8587874337584253885
-8587874337584086356
-8587874337583932776
-8587874337583752214
-8587874337583582578
-8587874337583422363
-8587874337583265066
-8587874337583104892
-8587874337582933144
-8587874337582762868
-8587874337582592494
-8587874337582432494
-8587874337582262172
-8587874337582102123
-8587874337581931921
-8587874337581771862
