----------New Stimuli List Generated----------
-8587870902398540649
StretchableCube-Orange:-0.0788111,0.8590917,0.3308431,0.7235308,-0.5348263,-0.2672355,0.345035,0,0,0
StretchableCube-Blue:0.05496573,0.7949151,0.3300274,0.6645817,-0.4512938,-0.1073115,0.5857896,0,0,0
StretchableCube-Red:0.05037219,1.027164,0.2087165,-0.2741378,-0.296311,-0.5846925,0.7036924,0,0,0
-8587870902398470669
StretchableCube-Orange:-0.0788111,0.8590917,0.3308431,0.7235308,-0.5348263,-0.2672355,0.345035,4E-05,4E-05,4E-05
StretchableCube-Blue:0.05496573,0.7949151,0.3300274,0.6645817,-0.4512938,-0.1073115,0.5857896,2E-05,2E-05,2E-05
StretchableCube-Red:0.05037219,1.027164,0.2087165,-0.2741378,-0.296311,-0.5846925,0.7036924,0,0,0
-8587870902396907584
StretchableCube-Orange:-0.0788111,0.8590917,0.3308431,0.7235308,-0.5348263,-0.2672355,0.345035,0.0004057701,0.0004057701,0.0004057701
StretchableCube-Blue:0.05496573,0.7949151,0.3300274,0.6645817,-0.4512938,-0.1073115,0.5857896,0.000232885,0.000232885,0.000232885
StretchableCube-Red:0.05037219,1.027164,0.2087165,-0.2741378,-0.296311,-0.5846925,0.7036924,6E-05,6E-05,6E-05
-8587870902396697377
StretchableCube-Orange:-0.0788111,0.8590917,0.3308431,0.7235308,-0.5348263,-0.2672355,0.345035,0.0009723488,0.0009723488,0.0009723488
StretchableCube-Blue:0.05496573,0.7949151,0.3300274,0.6645817,-0.4512938,-0.1073115,0.5857896,0.0007755019,0.0007755019,0.0007755019
StretchableCube-Red:0.05037219,1.027164,0.2087165,-0.2741378,-0.296311,-0.5846925,0.7036924,0.0005786551,0.0005786551,0.0005786551
-8587870902396517164
StretchableCube-Orange:-0.0788111,0.8590917,0.3308431,0.7235308,-0.5348263,-0.2672355,0.345035,0.001597599,0.001597599,0.001597599
StretchableCube-Blue:0.05496573,0.7949151,0.3300274,0.6645817,-0.4512938,-0.1073115,0.5857896,0.001383397,0.001383397,0.001383397
StretchableCube-Red:0.05037219,1.027164,0.2087165,-0.2741378,-0.296311,-0.5846925,0.7036924,0.001169196,0.001169196,0.001169196
-8587870902396358521
StretchableCube-Orange:-0.0788111,0.8590917,0.3308431,0.7235308,-0.5348263,-0.2672355,0.345035,0.00227194,0.00227194,0.00227194
StretchableCube-Blue:0.05496573,0.7949151,0.3300274,0.6645817,-0.4512938,-0.1073115,0.5857896,0.00204187,0.00204187,0.00204187
StretchableCube-Red:0.05037219,1.027164,0.2087165,-0.2741378,-0.296311,-0.5846925,0.7036924,0.0018118,0.0018118,0.0018118
-8587870902396190483
StretchableCube-Orange:-0.0788111,0.8590917,0.3308431,0.7235308,-0.5348263,-0.2672355,0.345035,0.002995771,0.002995771,0.002995771
StretchableCube-Blue:0.05496573,0.7949151,0.3300274,0.6645817,-0.4512938,-0.1073115,0.5857896,0.00274889,0.00274889,0.00274889
StretchableCube-Red:0.05037219,1.027164,0.2087165,-0.2741378,-0.296311,-0.5846925,0.7036924,0.00250201,0.00250201,0.00250201
-8587870902396027170
StretchableCube-Orange:-0.0788111,0.8590917,0.3308431,0.7235308,-0.5348263,-0.2672355,0.345035,0.003769062,0.003769062,0.003769062
StretchableCube-Blue:0.05496573,0.7949151,0.3300274,0.6645817,-0.4512938,-0.1073115,0.5857896,0.003505857,0.003505857,0.003505857
StretchableCube-Red:0.05037219,1.027164,0.2087165,-0.2741378,-0.296311,-0.5846925,0.7036924,0.003242651,0.003242651,0.003242651
-8587870902395826979
StretchableCube-Orange:-0.0788111,0.8590917,0.3308431,0.7235308,-0.5348263,-0.2672355,0.345035,0.004599622,0.004599622,0.004599622
StretchableCube-Blue:0.05496573,0.7949151,0.3300274,0.6645817,-0.4512938,-0.1073115,0.5857896,0.004315945,0.004315945,0.004315945
StretchableCube-Red:0.05037219,1.027164,0.2087165,-0.2741378,-0.296311,-0.5846925,0.7036924,0.004032268,0.004032268,0.004032268
-8587870902395657120
StretchableCube-Orange:-0.0788111,0.8590917,0.3308431,0.7235308,-0.5348263,-0.2672355,0.345035,0.005483787,0.005483787,0.005483787
StretchableCube-Blue:0.05496573,0.7949151,0.3300274,0.6645817,-0.4512938,-0.1073115,0.5857896,0.005183544,0.005183544,0.005183544
StretchableCube-Red:0.05037219,1.027164,0.2087165,-0.2741378,-0.296311,-0.5846925,0.7036924,0.004883299,0.004883299,0.004883299
-8587870902395508917
StretchableCube-Orange:-0.0788111,0.8590917,0.3308431,0.7235308,-0.5348263,-0.2672355,0.345035,0.006417653,0.006417653,0.006417653
StretchableCube-Blue:0.05496573,0.7949151,0.3300274,0.6645817,-0.4512938,-0.1073115,0.5857896,0.006100842,0.006100842,0.006100842
StretchableCube-Red:0.05037219,1.027164,0.2087165,-0.2741378,-0.296311,-0.5846925,0.7036924,0.005784031,0.005784031,0.005784031
-8587870902395327695
StretchableCube-Orange:-0.0788111,0.8590917,0.3308431,0.7235308,-0.5348263,-0.2672355,0.345035,0.007401218,0.007401218,0.007401218
StretchableCube-Blue:0.05496573,0.7949151,0.3300274,0.6645817,-0.4512938,-0.1073115,0.5857896,0.007067841,0.007067841,0.007067841
StretchableCube-Red:0.05037219,1.027164,0.2087165,-0.2741378,-0.296311,-0.5846925,0.7036924,0.006734463,0.006734463,0.006734463
-8587870902395157025
StretchableCube-Orange:-0.0788111,0.8590917,0.3308431,0.7235308,-0.5348263,-0.2672355,0.345035,0.008435102,0.008435102,0.008435102
StretchableCube-Blue:0.05496573,0.7949151,0.3300274,0.6645817,-0.4512938,-0.1073115,0.5857896,0.008084849,0.008084849,0.008084849
StretchableCube-Red:0.05037219,1.027164,0.2087165,-0.2741378,-0.296311,-0.5846925,0.7036924,0.007734595,0.007734595,0.007734595
-8587870902394995937
StretchableCube-Orange:-0.0788111,0.8590917,0.3308431,0.7235308,-0.5348263,-0.2672355,0.345035,0.009518377,0.009518377,0.009518377
StretchableCube-Blue:0.05496573,0.7949151,0.3300274,0.6645817,-0.4512938,-0.1073115,0.5857896,0.009151868,0.009151868,0.009151868
StretchableCube-Red:0.05037219,1.027164,0.2087165,-0.2741378,-0.296311,-0.5846925,0.7036924,0.008785356,0.008785356,0.008785356
-8587870902394824128
StretchableCube-Orange:-0.0788111,0.8590917,0.3308431,0.7235308,-0.5348263,-0.2672355,0.345035,0.01065186,0.01065186,0.01065186
StretchableCube-Blue:0.05496573,0.7949151,0.3300274,0.6645817,-0.4512938,-0.1073115,0.5857896,0.01026837,0.01026837,0.01026837
StretchableCube-Red:0.05037219,1.027164,0.2087165,-0.2741378,-0.296311,-0.5846925,0.7036924,0.009884888,0.009884888,0.009884888
-8587870902394653817
StretchableCube-Orange:-0.0788111,0.8590917,0.3308431,0.7235308,-0.5348263,-0.2672355,0.345035,0.01183463,0.01183463,0.01183463
StretchableCube-Blue:0.05496573,0.7949151,0.3300274,0.6645817,-0.4512938,-0.1073115,0.5857896,0.01143499,0.01143499,0.01143499
StretchableCube-Red:0.05037219,1.027164,0.2087165,-0.2741378,-0.296311,-0.5846925,0.7036924,0.01103534,0.01103534,0.01103534
-8587870902394493761
StretchableCube-Orange:-0.0788111,0.8590917,0.3308431,0.7235308,-0.5348263,-0.2672355,0.345035,0.01306739,0.01306739,0.01306739
StretchableCube-Blue:0.05496573,0.7949151,0.3300274,0.6645817,-0.4512938,-0.1073115,0.5857896,0.01265083,0.01265083,0.01265083
StretchableCube-Red:0.05037219,1.027164,0.2087165,-0.2741378,-0.296311,-0.5846925,0.7036924,0.01223428,0.01223428,0.01223428
-8587870902394334639
StretchableCube-Orange:-0.0788111,0.8590917,0.3308431,0.7235308,-0.5348263,-0.2672355,0.345035,0.0143495,0.0143495,0.0143495
StretchableCube-Blue:0.05496573,0.7949151,0.3300274,0.6645817,-0.4512938,-0.1073115,0.5857896,0.01391673,0.01391673,0.01391673
StretchableCube-Red:0.05037219,1.027164,0.2087165,-0.2741378,-0.296311,-0.5846925,0.7036924,0.01348395,0.01348395,0.01348395
-8587870902394168385
StretchableCube-Orange:-0.0788111,0.8590917,0.3308431,0.7235308,-0.5348263,-0.2672355,0.345035,0.01568134,0.01568134,0.01568134
StretchableCube-Blue:0.05496573,0.7949151,0.3300274,0.6645817,-0.4512938,-0.1073115,0.5857896,0.01523181,0.01523181,0.01523181
StretchableCube-Red:0.05037219,1.027164,0.2087165,-0.2741378,-0.296311,-0.5846925,0.7036924,0.01478228,0.01478228,0.01478228
-8587870902394011744
StretchableCube-Orange:-0.0788111,0.8590917,0.3308431,0.7235308,-0.5348263,-0.2672355,0.345035,0.01706269,0.01706269,0.01706269
StretchableCube-Blue:0.05496573,0.7949151,0.3300274,0.6645817,-0.4512938,-0.1073115,0.5857896,0.01659678,0.01659678,0.01659678
StretchableCube-Red:0.05037219,1.027164,0.2087165,-0.2741378,-0.296311,-0.5846925,0.7036924,0.01613087,0.01613087,0.01613087
-8587870902393849103
StretchableCube-Orange:-0.0788111,0.8590917,0.3308431,0.7235308,-0.5348263,-0.2672355,0.345035,0.01849356,0.01849356,0.01849356
StretchableCube-Blue:0.05496573,0.7949151,0.3300274,0.6645817,-0.4512938,-0.1073115,0.5857896,0.01801108,0.01801108,0.01801108
StretchableCube-Red:0.05037219,1.027164,0.2087165,-0.2741378,-0.296311,-0.5846925,0.7036924,0.0175286,0.0175286,0.0175286
-8587870902393678589
StretchableCube-Orange:-0.0788111,0.8590917,0.3308431,0.7235308,-0.5348263,-0.2672355,0.345035,0.0199742,0.0199742,0.0199742
StretchableCube-Blue:0.05496573,0.7949151,0.3300274,0.6645817,-0.4512938,-0.1073115,0.5857896,0.01947512,0.01947512,0.01947512
StretchableCube-Red:0.05037219,1.027164,0.2087165,-0.2741378,-0.296311,-0.5846925,0.7036924,0.01897603,0.01897603,0.01897603
-8587870902393506370
StretchableCube-Orange:-0.0788111,0.8590917,0.3308431,0.7235308,-0.5348263,-0.2672355,0.345035,0.0215045,0.0215045,0.0215045
StretchableCube-Blue:0.05496573,0.7949151,0.3300274,0.6645817,-0.4512938,-0.1073115,0.5857896,0.02098889,0.02098889,0.02098889
StretchableCube-Red:0.05037219,1.027164,0.2087165,-0.2741378,-0.296311,-0.5846925,0.7036924,0.02047328,0.02047328,0.02047328
-8587870902393341082
StretchableCube-Orange:-0.0788111,0.8590917,0.3308431,0.7235308,-0.5348263,-0.2672355,0.345035,0.02308447,0.02308447,0.02308447
StretchableCube-Blue:0.05496573,0.7949151,0.3300274,0.6645817,-0.4512938,-0.1073115,0.5857896,0.02255229,0.02255229,0.02255229
StretchableCube-Red:0.05037219,1.027164,0.2087165,-0.2741378,-0.296311,-0.5846925,0.7036924,0.02202011,0.02202011,0.02202011
-8587870902393162939
StretchableCube-Orange:-0.0788111,0.8590917,0.3308431,0.7235308,-0.5348263,-0.2672355,0.345035,0.02471596,0.02471596,0.02471596
StretchableCube-Blue:0.05496573,0.7949151,0.3300274,0.6645817,-0.4512938,-0.1073115,0.5857896,0.0241663,0.0241663,0.0241663
StretchableCube-Red:0.05037219,1.027164,0.2087165,-0.2741378,-0.296311,-0.5846925,0.7036924,0.02361664,0.02361664,0.02361664
-8587870902393007253
StretchableCube-Orange:-0.0788111,0.8590917,0.3308431,0.7235308,-0.5348263,-0.2672355,0.345035,0.02639623,0.02639623,0.02639623
StretchableCube-Blue:0.05496573,0.7949151,0.3300274,0.6645817,-0.4512938,-0.1073115,0.5857896,0.02583092,0.02583092,0.02583092
StretchableCube-Red:0.05037219,1.027164,0.2087165,-0.2741378,-0.296311,-0.5846925,0.7036924,0.02526561,0.02526561,0.02526561
-8587870902392836279
StretchableCube-Orange:-0.0788111,0.8590917,0.3308431,0.7235308,-0.5348263,-0.2672355,0.345035,0.02812607,0.02812607,0.02812607
StretchableCube-Blue:0.05496573,0.7949151,0.3300274,0.6645817,-0.4512938,-0.1073115,0.5857896,0.02754381,0.02754381,0.02754381
StretchableCube-Red:0.05037219,1.027164,0.2087165,-0.2741378,-0.296311,-0.5846925,0.7036924,0.02696154,0.02696154,0.02696154
-8587870902392686363
StretchableCube-Orange:-0.0788111,0.8590917,0.3308431,0.7235308,-0.5348263,-0.2672355,0.345035,0.02990523,0.02990523,0.02990523
StretchableCube-Blue:0.05496573,0.7949151,0.3300274,0.6645817,-0.4512938,-0.1073115,0.5857896,0.02930678,0.02930678,0.02930678
StretchableCube-Red:0.05037219,1.027164,0.2087165,-0.2741378,-0.296311,-0.5846925,0.7036924,0.02870834,0.02870834,0.02870834
-8587870902392516228
StretchableCube-Orange:-0.0788111,0.8590917,0.3308431,0.7235308,-0.5348263,-0.2672355,0.345035,0.03173369,0.03173369,0.03173369
StretchableCube-Blue:0.05496573,0.7949151,0.3300274,0.6645817,-0.4512938,-0.1073115,0.5857896,0.03111868,0.03111868,0.03111868
StretchableCube-Red:0.05037219,1.027164,0.2087165,-0.2741378,-0.296311,-0.5846925,0.7036924,0.03050367,0.03050367,0.03050367
-8587870902392349879
StretchableCube-Orange:-0.0788111,0.8590917,0.3308431,0.7235308,-0.5348263,-0.2672355,0.345035,0.03361186,0.03361186,0.03361186
StretchableCube-Blue:0.05496573,0.7949151,0.3300274,0.6645817,-0.4512938,-0.1073115,0.5857896,0.03298028,0.03298028,0.03298028
StretchableCube-Red:0.05037219,1.027164,0.2087165,-0.2741378,-0.296311,-0.5846925,0.7036924,0.0323487,0.0323487,0.0323487
-8587870902392179809
StretchableCube-Orange:-0.0788111,0.8590917,0.3308431,0.7235308,-0.5348263,-0.2672355,0.345035,0.03553972,0.03553972,0.03553972
StretchableCube-Blue:0.05496573,0.7949151,0.3300274,0.6645817,-0.4512938,-0.1073115,0.5857896,0.03489158,0.03489158,0.03489158
StretchableCube-Red:0.05037219,1.027164,0.2087165,-0.2741378,-0.296311,-0.5846925,0.7036924,0.03424343,0.03424343,0.03424343
-8587870902392005568
StretchableCube-Orange:-0.0788111,0.8590917,0.3308431,0.7235308,-0.5348263,-0.2672355,0.345035,0.03751862,0.03751862,0.03751862
StretchableCube-Blue:0.05496573,0.7949151,0.3300274,0.6645817,-0.4512938,-0.1073115,0.5857896,0.03685324,0.03685324,0.03685324
StretchableCube-Red:0.05037219,1.027164,0.2087165,-0.2741378,-0.296311,-0.5846925,0.7036924,0.03618786,0.03618786,0.03618786
-8587870902391851799
StretchableCube-Orange:-0.0788111,0.8590917,0.3308431,0.7235308,-0.5348263,-0.2672355,0.345035,0.03954655,0.03954655,0.03954655
StretchableCube-Blue:0.05496573,0.7949151,0.3300274,0.6645817,-0.4512938,-0.1073115,0.5857896,0.03886528,0.03886528,0.03886528
StretchableCube-Red:0.05037219,1.027164,0.2087165,-0.2741378,-0.296311,-0.5846925,0.7036924,0.03818399,0.03818399,0.03818399
-8587870902391690724
StretchableCube-Orange:-0.0788111,0.8590917,0.3308431,0.7235308,-0.5348263,-0.2672355,0.345035,0.04162358,0.04162358,0.04162358
StretchableCube-Blue:0.05496573,0.7949151,0.3300274,0.6645817,-0.4512938,-0.1073115,0.5857896,0.0409257,0.0409257,0.0409257
StretchableCube-Red:0.05037219,1.027164,0.2087165,-0.2741378,-0.296311,-0.5846925,0.7036924,0.04022783,0.04022783,0.04022783
-8587870902391520597
StretchableCube-Orange:-0.0788111,0.8590917,0.3308431,0.7235308,-0.5348263,-0.2672355,0.345035,0.04375028,0.04375028,0.04375028
StretchableCube-Blue:0.05496573,0.7949151,0.3300274,0.6645817,-0.4512938,-0.1073115,0.5857896,0.04303586,0.04303586,0.04303586
StretchableCube-Red:0.05037219,1.027164,0.2087165,-0.2741378,-0.296311,-0.5846925,0.7036924,0.04232145,0.04232145,0.04232145
-8587870902391353851
StretchableCube-Orange:-0.0788111,0.8590917,0.3308431,0.7235308,-0.5348263,-0.2672355,0.345035,0.04592665,0.04592665,0.04592665
StretchableCube-Blue:0.05496573,0.7949151,0.3300274,0.6645817,-0.4512938,-0.1073115,0.5857896,0.04519566,0.04519566,0.04519566
StretchableCube-Red:0.05037219,1.027164,0.2087165,-0.2741378,-0.296311,-0.5846925,0.7036924,0.04446468,0.04446468,0.04446468
-8587870902391184986
StretchableCube-Orange:-0.0788111,0.8590917,0.3308431,0.7235308,-0.5348263,-0.2672355,0.345035,0.04815271,0.04815271,0.04815271
StretchableCube-Blue:0.05496573,0.7949151,0.3300274,0.6645817,-0.4512938,-0.1073115,0.5857896,0.04740516,0.04740516,0.04740516
StretchableCube-Red:0.05037219,1.027164,0.2087165,-0.2741378,-0.296311,-0.5846925,0.7036924,0.04665761,0.04665761,0.04665761
-8587870902391023673
StretchableCube-Orange:-0.0788111,0.8590917,0.3308431,0.7235308,-0.5348263,-0.2672355,0.345035,0.05042848,0.05042848,0.05042848
StretchableCube-Blue:0.05496573,0.7949151,0.3300274,0.6645817,-0.4512938,-0.1073115,0.5857896,0.04966436,0.04966436,0.04966436
StretchableCube-Red:0.05037219,1.027164,0.2087165,-0.2741378,-0.296311,-0.5846925,0.7036924,0.04890025,0.04890025,0.04890025
-8587870902390854691
StretchableCube-Orange:-0.0788111,0.8590917,0.3308431,0.7235308,-0.5348263,-0.2672355,0.345035,0.05275394,0.05275394,0.05275394
StretchableCube-Blue:0.05496573,0.7949151,0.3300274,0.6645817,-0.4512938,-0.1073115,0.5857896,0.05197326,0.05197326,0.05197326
StretchableCube-Red:0.05037219,1.027164,0.2087165,-0.2741378,-0.296311,-0.5846925,0.7036924,0.05119258,0.05119258,0.05119258
-8587870902390692978
-8587870902390513594
-8587870902390355778
-8587870902390187876
-8587870902390025334
-8587870902389855168
-8587870902389710109
-8587870902389519865
-8587870902389359909
-8587870902389189633
-8587870902389035099
-8587870902388873523
-8587870902388698421
-8587870902388537943
-8587870902388387722
-8587870902388217634
-8587870902388061328
-8587870902387900954
-8587870902387726790
-8587870902387563163
-8587870902387396169
-8587870902387233389
-8587870902387062453
-8587870902386903134
-8587870902386729651
-8587870902386568917
-8587870902386395508
-8587870902386229169
-8587870902386066750
-8587870902385909283
-8587870902385741237
-8587870902385574118
-8587870902385410777
-8587870902385241113
-8587870902385080835
-8587870902384913047
-8587870902384742511
-8587870902384571825
-8587870902384411273
-8587870902384210861
-8587870902384087751
-8587870902383914728
-8587870902383749260
-8587870902383589212
-8587870902383418765
-8587870902383254544
-8587870902383097293
-8587870902382919097
-8587870902382758777
-8587870902382588476
-8587870902382426515
-8587870902382259074
-8587870902382095464
-8587870902381926269
-8587870902381766121
-8587870902381599319
-8587870902381424671
-8587870902381258801
-8587870902381101062
-8587870902380930950
-8587870902380764976
-8587870902380604190
-8587870902380430428
-8587870902380273889
-8587870902380113170
-8587870902379942426
-8587870902379780122
-8587870902379609780
-8587870902379438939
-8587870902379275058
-8587870902379114462
-8587870902378943833
-8587870902378782576
-8587870902378612989
-8587870902378452314
-8587870902378291738
-8587870902378114619
-8587870902377953962
-8587870902377782916
-8587870902377622394
-8587870902377459283
-8587870902377298951
-8587870902377120399
-8587870902376955376
-8587870902376789064
-8587870902376622075
-8587870902376453039
-8587870902376302444
-8587870902376132435
-8587870902375962717
-8587870902375802044
-8587870902375630783
-8587870902375470046
-8587870902375309450
-8587870902375128978
-8587870902374968676
-8587870902374804224
-8587870902374635626
-8587870902374475370
-8587870902374313908
-8587870902374132976
-8587870902373972858
-8587870902373812060
-8587870902373641364
-8587870902373483763
-8587870902373314980
-8587870902373144820
-8587870902372983030
-8587870902372812635
-8587870902372646744
-8587870902372492517
-8587870902372321725
-8587870902372146662
-8587870902371982645
-8587870902371821878
-8587870902371655693
-8587870902371495412
-8587870902371322975
-8587870902371154855
-8587870902370991274
-8587870902370829063
-8587870902370663810
-8587870902370506490
-8587870902370329866
-8587870902370163615
-8587870902369993278
-8587870902369837850
-8587870902369670567
-8587870902369509746
-8587870902369339603
-8587870902369168900
-8587870902369010411
-8587870902368844006
-8587870902368673400
-8587870902368513469
-8587870902368342823
-8587870902368182541
-8587870902368013494
-8587870902367842115
-8587870902367686125
-8587870902367525741
-8587870902367341928
-8587870902367184506
-8587870902367014067
-8587870902366849398
-8587870902366696650
-8587870902366516736
-8587870902366356598
-8587870902366188051
-8587870902366026996
-8587870902365856355
-8587870902365701803
-8587870902365521249
-8587870902365364331
-8587870902365192722
-8587870902365035671
-8587870902364854923
-8587870902364704126
-8587870902364538855
-8587870902364368014
-8587870902364200408
-8587870902364031892
-8587870902363873256
-8587870902363712419
-8587870902363532521
-8587870902363371425
-8587870902363211039
-8587870902363042827
-8587870902362873798
-8587870902362712119
-8587870902362543889
-8587870902362382750
-8587870902362211499
-8587870902362046740
-8587870902361886495
-8587870902361716869
-8587870902361548565
-8587870902361383312
-8587870902361218318
-8587870902361047827
-8587870902360897967
-8587870902360717703
StretchableCube-Orange:-0.0788111,0.8590917,0.3308431,0.7235308,-0.5348263,-0.2672355,0.345035,0.05037804,0.05037804,0.05037804
StretchableCube-Blue:0.05496573,0.7949151,0.3300274,0.6645817,-0.4512938,-0.1073115,0.5857896,0.04961429,0.04961429,0.04961429
StretchableCube-Red:0.05037219,1.027164,0.2087165,-0.2741378,-0.296311,-0.5846925,0.7036924,0.04885055,0.04885055,0.04885055
-8587870902360547796
StretchableCube-Orange:-0.0788111,0.8590917,0.3308431,0.7235308,-0.5348263,-0.2672355,0.345035,0.04795127,0.04795127,0.04795127
StretchableCube-Blue:0.05496573,0.7949151,0.3300274,0.6645817,-0.4512938,-0.1073115,0.5857896,0.04720449,0.04720449,0.04720449
StretchableCube-Red:0.05037219,1.027164,0.2087165,-0.2741378,-0.296311,-0.5846925,0.7036924,0.04645771,0.04645771,0.04645771
-8587870902360386319
StretchableCube-Orange:-0.0788111,0.8590917,0.3308431,0.7235308,-0.5348263,-0.2672355,0.345035,0.04547524,0.04547524,0.04547524
StretchableCube-Blue:0.05496573,0.7949151,0.3300274,0.6645817,-0.4512938,-0.1073115,0.5857896,0.0447446,0.0447446,0.0447446
StretchableCube-Red:0.05037219,1.027164,0.2087165,-0.2741378,-0.296311,-0.5846925,0.7036924,0.04401397,0.04401397,0.04401397
-8587870902360229232
StretchableCube-Orange:-0.0788111,0.8590917,0.3308431,0.7235308,-0.5348263,-0.2672355,0.345035,0.04295063,0.04295063,0.04295063
StretchableCube-Blue:0.05496573,0.7949151,0.3300274,0.6645817,-0.4512938,-0.1073115,0.5857896,0.04223621,0.04223621,0.04223621
StretchableCube-Red:0.05037219,1.027164,0.2087165,-0.2741378,-0.296311,-0.5846925,0.7036924,0.0415218,0.0415218,0.0415218
-8587870902360058102
StretchableCube-Orange:-0.0788111,0.8590917,0.3308431,0.7235308,-0.5348263,-0.2672355,0.345035,0.04037665,0.04037665,0.04037665
StretchableCube-Blue:0.05496573,0.7949151,0.3300274,0.6645817,-0.4512938,-0.1073115,0.5857896,0.0396788,0.0396788,0.0396788
StretchableCube-Red:0.05037219,1.027164,0.2087165,-0.2741378,-0.296311,-0.5846925,0.7036924,0.03898096,0.03898096,0.03898096
-8587870902359898875
StretchableCube-Orange:-0.0788111,0.8590917,0.3308431,0.7235308,-0.5348263,-0.2672355,0.345035,0.03775211,0.03775211,0.03775211
StretchableCube-Blue:0.05496573,0.7949151,0.3300274,0.6645817,-0.4512938,-0.1073115,0.5857896,0.03707126,0.03707126,0.03707126
StretchableCube-Red:0.05037219,1.027164,0.2087165,-0.2741378,-0.296311,-0.5846925,0.7036924,0.03639042,0.03639042,0.03639042
-8587870902359728461
StretchableCube-Orange:-0.0788111,0.8590917,0.3308431,0.7235308,-0.5348263,-0.2672355,0.345035,0.03507831,0.03507831,0.03507831
StretchableCube-Blue:0.05496573,0.7949151,0.3300274,0.6645817,-0.4512938,-0.1073115,0.5857896,0.03441359,0.03441359,0.03441359
StretchableCube-Red:0.05037219,1.027164,0.2087165,-0.2741378,-0.296311,-0.5846925,0.7036924,0.03374888,0.03374888,0.03374888
-8587870902359558068
StretchableCube-Orange:-0.0788111,0.8590917,0.3308431,0.7235308,-0.5348263,-0.2672355,0.345035,0.03235452,0.03235452,0.03235452
StretchableCube-Blue:0.05496573,0.7949151,0.3300274,0.6645817,-0.4512938,-0.1073115,0.5857896,0.03170673,0.03170673,0.03170673
StretchableCube-Red:0.05037219,1.027164,0.2087165,-0.2741378,-0.296311,-0.5846925,0.7036924,0.03105895,0.03105895,0.03105895
-8587870902359398068
StretchableCube-Orange:-0.0788111,0.8590917,0.3308431,0.7235308,-0.5348263,-0.2672355,0.345035,0.02958138,0.02958138,0.02958138
StretchableCube-Blue:0.05496573,0.7949151,0.3300274,0.6645817,-0.4512938,-0.1073115,0.5857896,0.0289498,0.0289498,0.0289498
StretchableCube-Red:0.05037219,1.027164,0.2087165,-0.2741378,-0.296311,-0.5846925,0.7036924,0.02831822,0.02831822,0.02831822
-8587870902359227189
StretchableCube-Orange:-0.0788111,0.8590917,0.3308431,0.7235308,-0.5348263,-0.2672355,0.345035,0.02675828,0.02675828,0.02675828
StretchableCube-Blue:0.05496573,0.7949151,0.3300274,0.6645817,-0.4512938,-0.1073115,0.5857896,0.02614358,0.02614358,0.02614358
StretchableCube-Red:0.05037219,1.027164,0.2087165,-0.2741378,-0.296311,-0.5846925,0.7036924,0.02552889,0.02552889,0.02552889
-8587870902359066710
StretchableCube-Orange:-0.0788111,0.8590917,0.3308431,0.7235308,-0.5348263,-0.2672355,0.345035,0.02388579,0.02388579,0.02388579
StretchableCube-Blue:0.05496573,0.7949151,0.3300274,0.6645817,-0.4512938,-0.1073115,0.5857896,0.02328734,0.02328734,0.02328734
StretchableCube-Red:0.05037219,1.027164,0.2087165,-0.2741378,-0.296311,-0.5846925,0.7036924,0.0226889,0.0226889,0.0226889
-8587870902358909211
StretchableCube-Orange:-0.0788111,0.8590917,0.3308431,0.7235308,-0.5348263,-0.2672355,0.345035,0.02096389,0.02096389,0.02096389
StretchableCube-Blue:0.05496573,0.7949151,0.3300274,0.6645817,-0.4512938,-0.1073115,0.5857896,0.02038203,0.02038203,0.02038203
StretchableCube-Red:0.05037219,1.027164,0.2087165,-0.2741378,-0.296311,-0.5846925,0.7036924,0.01980016,0.01980016,0.01980016
-8587870902358738040
StretchableCube-Orange:-0.0788111,0.8590917,0.3308431,0.7235308,-0.5348263,-0.2672355,0.345035,0.01799231,0.01799231,0.01799231
StretchableCube-Blue:0.05496573,0.7949151,0.3300274,0.6645817,-0.4512938,-0.1073115,0.5857896,0.017427,0.017427,0.017427
StretchableCube-Red:0.05037219,1.027164,0.2087165,-0.2741378,-0.296311,-0.5846925,0.7036924,0.01686168,0.01686168,0.01686168
-8587870902358568916
StretchableCube-Orange:-0.0788111,0.8590917,0.3308431,0.7235308,-0.5348263,-0.2672355,0.345035,0.01497104,0.01497104,0.01497104
StretchableCube-Blue:0.05496573,0.7949151,0.3300274,0.6645817,-0.4512938,-0.1073115,0.5857896,0.0144223,0.0144223,0.0144223
StretchableCube-Red:0.05037219,1.027164,0.2087165,-0.2741378,-0.296311,-0.5846925,0.7036924,0.01387355,0.01387355,0.01387355
-8587870902358398039
StretchableCube-Orange:-0.0788111,0.8590917,0.3308431,0.7235308,-0.5348263,-0.2672355,0.345035,0.01190007,0.01190007,0.01190007
StretchableCube-Blue:0.05496573,0.7949151,0.3300274,0.6645817,-0.4512938,-0.1073115,0.5857896,0.01136789,0.01136789,0.01136789
StretchableCube-Red:0.05037219,1.027164,0.2087165,-0.2741378,-0.296311,-0.5846925,0.7036924,0.01083572,0.01083572,0.01083572
-8587870902358237440
StretchableCube-Orange:-0.0788111,0.8590917,0.3308431,0.7235308,-0.5348263,-0.2672355,0.345035,0.008779407,0.008779407,0.008779407
StretchableCube-Blue:0.05496573,0.7949151,0.3300274,0.6645817,-0.4512938,-0.1073115,0.5857896,0.008263794,0.008263794,0.008263794
StretchableCube-Red:0.05037219,1.027164,0.2087165,-0.2741378,-0.296311,-0.5846925,0.7036924,0.007748182,0.007748182,0.007748182
-8587870902358067157
StretchableCube-Orange:-0.0788111,0.8590917,0.3308431,0.7235308,-0.5348263,-0.2672355,0.345035,0.005608305,0.005608305,0.005608305
StretchableCube-Blue:0.05496573,0.7949151,0.3300274,0.6645817,-0.4512938,-0.1073115,0.5857896,0.005109625,0.005109625,0.005109625
StretchableCube-Red:0.05037219,1.027164,0.2087165,-0.2741378,-0.296311,-0.5846925,0.7036924,0.004610946,0.004610946,0.004610946
-8587870902357907224
StretchableCube-Orange:-0.0788111,0.8590917,0.3308431,0.7235308,-0.5348263,-0.2672355,0.345035,0.002387871,0.002387871,0.002387871
StretchableCube-Blue:0.05496573,0.7949151,0.3300274,0.6645817,-0.4512938,-0.1073115,0.5857896,0.001905391,0.001905391,0.001905391
StretchableCube-Red:0.05037219,1.027164,0.2087165,-0.2741378,-0.296311,-0.5846925,0.7036924,0.001422912,0.001422912,0.001422912
-8587870902357733810
StretchableCube-Orange:0.15,0.98,0.3,0.7235308,-0.5348263,-0.2672355,0.345035,-0.0008818964,-0.0008818964,-0.0008818964
StretchableCube-Blue:0,0.98,0.3,0.6645817,-0.4512938,-0.1073115,0.5857896,-0.00134781,-0.00134781,-0.00134781
StretchableCube-Red:-0.15,0.98,0.3,-0.2741378,-0.296311,-0.5846925,0.7036924,-0.001813722,-0.001813722,-0.001813722
-8587870902357577824
StretchableCube-Orange:0.15,0.98,0.3,0.7235308,-0.5348263,-0.2672355,0.345035,0.002437572,0.002437572,0.002437572
StretchableCube-Blue:0,0.98,0.3,0.6645817,-0.4512938,-0.1073115,0.5857896,0.001955091,0.001955091,0.001955091
StretchableCube-Red:-0.15,0.98,0.3,-0.2741378,-0.296311,-0.5846925,0.7036924,0.001472612,0.001472612,0.001472612
-8587870902357413070
StretchableCube-Orange:0.15,0.98,0.3,0.7235308,-0.5348263,-0.2672355,0.345035,0.00580674,0.00580674,0.00580674
StretchableCube-Blue:0,0.98,0.3,0.6645817,-0.4512938,-0.1073115,0.5857896,0.005307693,0.005307693,0.005307693
StretchableCube-Red:-0.15,0.98,0.3,-0.2741378,-0.296311,-0.5846925,0.7036924,0.004808648,0.004808648,0.004808648
-8587870902357239167
StretchableCube-Orange:0.15,0.98,0.3,0.7235308,-0.5348263,-0.2672355,0.345035,0.009225609,0.009225609,0.009225609
StretchableCube-Blue:0,0.98,0.3,0.6645817,-0.4512938,-0.1073115,0.5857896,0.008709994,0.008709994,0.008709994
StretchableCube-Red:-0.15,0.98,0.3,-0.2741378,-0.296311,-0.5846925,0.7036924,0.008194381,0.008194381,0.008194381
-8587870902357078937
StretchableCube-Orange:0.15,0.98,0.3,0.7235308,-0.5348263,-0.2672355,0.345035,0.01269418,0.01269418,0.01269418
StretchableCube-Blue:0,0.98,0.3,0.6645817,-0.4512938,-0.1073115,0.5857896,0.012162,0.012162,0.012162
StretchableCube-Red:-0.15,0.98,0.3,-0.2741378,-0.296311,-0.5846925,0.7036924,0.01162982,0.01162982,0.01162982
-8587870902356917307
StretchableCube-Orange:0.15,0.98,0.3,0.7235308,-0.5348263,-0.2672355,0.345035,0.01621245,0.01621245,0.01621245
StretchableCube-Blue:0,0.98,0.3,0.6645817,-0.4512938,-0.1073115,0.5857896,0.0156637,0.0156637,0.0156637
StretchableCube-Red:-0.15,0.98,0.3,-0.2741378,-0.296311,-0.5846925,0.7036924,0.01511495,0.01511495,0.01511495
-8587870902356748652
StretchableCube-Orange:0.15,0.98,0.3,0.7235308,-0.5348263,-0.2672355,0.345035,0.01978042,0.01978042,0.01978042
StretchableCube-Blue:0,0.98,0.3,0.6645817,-0.4512938,-0.1073115,0.5857896,0.0192151,0.0192151,0.0192151
StretchableCube-Red:-0.15,0.98,0.3,-0.2741378,-0.296311,-0.5846925,0.7036924,0.01864979,0.01864979,0.01864979
-8587870902356578286
StretchableCube-Orange:0.15,0.98,0.3,0.7235308,-0.5348263,-0.2672355,0.345035,0.02339838,0.02339838,0.02339838
StretchableCube-Blue:0,0.98,0.3,0.6645817,-0.4512938,-0.1073115,0.5857896,0.02281635,0.02281635,0.02281635
StretchableCube-Red:-0.15,0.98,0.3,-0.2741378,-0.296311,-0.5846925,0.7036924,0.02223432,0.02223432,0.02223432
-8587870902356412355
StretchableCube-Orange:0.15,0.98,0.3,0.7235308,-0.5348263,-0.2672355,0.345035,0.02706617,0.02706617,0.02706617
StretchableCube-Blue:0,0.98,0.3,0.6645817,-0.4512938,-0.1073115,0.5857896,0.02646758,0.02646758,0.02646758
StretchableCube-Red:-0.15,0.98,0.3,-0.2741378,-0.296311,-0.5846925,0.7036924,0.025869,0.025869,0.025869
-8587870902356245786
StretchableCube-Orange:0.15,0.98,0.3,0.7235308,-0.5348263,-0.2672355,0.345035,0.03078388,0.03078388,0.03078388
StretchableCube-Blue:0,0.98,0.3,0.6645817,-0.4512938,-0.1073115,0.5857896,0.03016862,0.03016862,0.03016862
StretchableCube-Red:-0.15,0.98,0.3,-0.2741378,-0.296311,-0.5846925,0.7036924,0.02955336,0.02955336,0.02955336
-8587870902356085712
StretchableCube-Orange:0.15,0.98,0.3,0.7235308,-0.5348263,-0.2672355,0.345035,0.03455089,0.03455089,0.03455089
StretchableCube-Blue:0,0.98,0.3,0.6645817,-0.4512938,-0.1073115,0.5857896,0.03391931,0.03391931,0.03391931
StretchableCube-Red:-0.15,0.98,0.3,-0.2741378,-0.296311,-0.5846925,0.7036924,0.03328773,0.03328773,0.03328773
-8587870902355913760
StretchableCube-Orange:0.15,0.98,0.3,0.7235308,-0.5348263,-0.2672355,0.345035,0.03836736,0.03836736,0.03836736
StretchableCube-Blue:0,0.98,0.3,0.6645817,-0.4512938,-0.1073115,0.5857896,0.03771921,0.03771921,0.03771921
StretchableCube-Red:-0.15,0.98,0.3,-0.2741378,-0.296311,-0.5846925,0.7036924,0.03707107,0.03707107,0.03707107
-8587870902355748446
StretchableCube-Orange:0.15,0.98,0.3,0.7235308,-0.5348263,-0.2672355,0.345035,0.04223353,0.04223353,0.04223353
StretchableCube-Blue:0,0.98,0.3,0.6645817,-0.4512938,-0.1073115,0.5857896,0.04156882,0.04156882,0.04156882
StretchableCube-Red:-0.15,0.98,0.3,-0.2741378,-0.296311,-0.5846925,0.7036924,0.0409041,0.0409041,0.0409041
-8587870902355578802
StretchableCube-Orange:0.15,0.98,0.3,0.7235308,-0.5348263,-0.2672355,0.345035,0.04615084,0.04615084,0.04615084
StretchableCube-Blue:0,0.98,0.3,0.6645817,-0.4512938,-0.1073115,0.5857896,0.04546883,0.04546883,0.04546883
StretchableCube-Red:-0.15,0.98,0.3,-0.2741378,-0.296311,-0.5846925,0.7036924,0.04478684,0.04478684,0.04478684
-8587870902355417958
StretchableCube-Orange:0.15,0.98,0.3,0.7235308,-0.5348263,-0.2672355,0.345035,0.05011752,0.05011752,0.05011752
StretchableCube-Blue:0,0.98,0.3,0.6645817,-0.4512938,-0.1073115,0.5857896,0.04941947,0.04941947,0.04941947
StretchableCube-Red:-0.15,0.98,0.3,-0.2741378,-0.296311,-0.5846925,0.7036924,0.04872143,0.04872143,0.04872143
-8587870902355258099
StretchableCube-Orange:0.15,0.98,0.3,0.7235308,-0.5348263,-0.2672355,0.345035,0.05413298,0.05413298,0.05413298
StretchableCube-Blue:0,0.98,0.3,0.6645817,-0.4512938,-0.1073115,0.5857896,0.05341856,0.05341856,0.05341856
StretchableCube-Red:-0.15,0.98,0.3,-0.2741378,-0.296311,-0.5846925,0.7036924,0.05270415,0.05270415,0.05270415
-8587870902355097434
-8587870902354926636
-8587870902354755303
-8587870902354594049
-8587870902354423991
-8587870902354258892
-8587870902354098679
-8587870902353930050
-8587870902353768829
-8587870902353603440
-8587870902353433298
-8587870902353262262
-8587870902353111168
-8587870902352930146
-8587870902352774158
-8587870902352602303
-8587870902352441886
-8587870902352270402
-8587870902352108771
-8587870902351938726
-8587870902351780749
-8587870902351608937
-8587870902351441408
-8587870902351277251
-8587870902351117154
-8587870902350944503
-8587870902350779314
-8587870902350613196
-8587870902350452234
-8587870902350296261
-8587870902350121835
-8587870902349953362
-8587870902349783007
-8587870902349621914
-8587870902349454452
-8587870902349294394
-8587870902349129271
-8587870902348957078
-8587870902348796917
-8587870902348626813
-8587870902348466734
-8587870902348296589
-8587870902348126418
-8587870902347966265
-8587870902347796007
-8587870902347635798
-8587870902347465653
-8587870902347305512
-8587870902347135336
-8587870902346965173
-8587870902346805005
-8587870902346634855
-8587870902346474694
-8587870902346304679
-8587870902346144428
-8587870902345975633
-8587870902345815177
-8587870902345644561
-8587870902345476761
-8587870902345324495
-8587870902345150185
-8587870902344985262
-8587870902344823133
-8587870902344652719
-8587870902344492629
-8587870902344323593
-8587870902344162160
-8587870902343991515
-8587870902343820725
-8587870902343657684
-8587870902343501330
-8587870902343321127
-8587870902343160722
-8587870902342999714
-8587870902342828599
-8587870902342627227
-8587870902342501039
-8587870902342332904
-8587870902342165485
-8587870902342005035
-8587870902341834199
-8587870902341674202
-8587870902341511048
-8587870902341340127
-8587870902341173871
-8587870902341009829
-8587870902340838998
-8587870902340670850
-8587870902340521627
-8587870902340349230
-8587870902340176192
-8587870902340006014
-8587870902339845699
-8587870902339684883
-8587870902339513125
-8587870902339342071
-8587870902339188896
-8587870902339021152
-8587870902338847185
-8587870902338696220
-8587870902338525542
-8587870902338354962
-8587870902338190357
-8587870902338026282
-8587870902337857829
-8587870902337694767
-8587870902337524479
-8587870902337363906
-8587870902337203256
-8587870902337031841
-8587870902336870681
-8587870902336707845
-8587870902336534068
-8587870902336373996
-8587870902336209145
-8587870902336038967
-8587870902335868868
-8587870902335710911
-8587870902335539486
-8587870902335368913
-8587870902335210327
-8587870902335034808
-8587870902334881324
-8587870902334720533
-8587870902334549372
-8587870902334379367
-8587870902334219030
-8587870902334043885
-8587870902333878374
-8587870902333721193
-8587870902333547346
-8587870902333387144
-8587870902333214185
-8587870902333053261
-8587870902332892645
-8587870902332721616
-8587870902332563176
-8587870902332393522
-8587870902332222929
-8587870902332065123
-8587870902331901089
-8587870902331727910
-8587870902331555508
-8587870902331395088
-8587870902331234202
-8587870902331065578
-8587870902330905307
-8587870902330734366
-8587870902330565398
-8587870902330404810
-8587870902330244690
-8587870902330074427
-8587870902329914087
-8587870902329741576
-8587870902329582375
-8587870902329412238
-8587870902329241525
-8587870902329084876
-8587870902328923468
-8587870902328753192
-8587870902328581895
-8587870902328417180
-8587870902328251300
-8587870902328079322
-8587870902327922394
-8587870902327751366
-8587870902327590670
-8587870902327421966
-8587870902327261209
-8587870902327100759
-8587870902326919396
-8587870902326761270
-8587870902326599107
-8587870902326428194
-8587870902326257731
-8587870902326098794
-8587870902325933303
-8587870902325763998
-8587870902325599403
-8587870902325435171
-8587870902325273316
-8587870902325114097
-8587870902324936187
-8587870902324765640
-8587870902324606705
-8587870902324436092
-8587870902324274712
-8587870902324111231
-8587870902323945243
-8587870902323774942
-8587870902323614871
-8587870902323446769
-8587870902323275344
-8587870902323127284
-8587870902322949402
-8587870902322786768
-8587870902322619578
-8587870902322450334
-8587870902322298810
-8587870902322118369
-8587870902321957698
-8587870902321786770
-8587870902321625357
-8587870902321461763
-8587870902321301612
-8587870902321120935
-8587870902320959781
-8587870902320789375
-8587870902320633407
-8587870902320461859
-8587870902320304425
-8587870902320134866
-8587870902319972757
-8587870902319800791
-8587870902319640285
-8587870902319469817
-8587870902319309203
-8587870902319138354
-8587870902318969113
-8587870902318804741
-8587870902318638927
-8587870902318478546
-8587870902318317865
-8587870902318147807
-8587870902317973830
-8587870902317814101
-8587870902317643808
-8587870902317488836
-8587870902317319103
-8587870902317149155
-8587870902316983347
-8587870902316819328
-8587870902316648858
-8587870902316498013
-8587870902316317121
-8587870902316156880
-8587870902315991054
-8587870902315820881
-8587870902315652174
-8587870902315461665
-8587870902315327749
-8587870902315166681
-8587870902314995840
-8587870902314825677
-8587870902314662278
-8587870902314501784
-8587870902314341426
-8587870902314169138
-8587870902314004036
-8587870902313844226
-8587870902313663291
-8587870902313511705
-8587870902313341701
-8587870902313172585
-8587870902313008536
-8587870902312841475
-8587870902312679115
-8587870902312521553
-8587870902312341680
-8587870902312181864
-8587870902312013839
-8587870902311852956
-8587870902311688095
-8587870902311517233
-8587870902311351051
-8587870902311192178
-8587870902311021840
-8587870902310850200
-8587870902310700151
-8587870902310529041
-8587870902310350156
-8587870902310188930
-8587870902310028475
-8587870902309859628
-8587870902309699610
-8587870902309529447
-8587870902309370405
-8587870902309198522
-8587870902309027327
-8587870902308868938
-8587870902308710904
-8587870902308541647
-8587870902308366825
-8587870902308206198
-8587870902308038890
-8587870902307872416
-8587870902307710135
-8587870902307542998
-8587870902307378331
-8587870902307212541
-8587870902307042314
-8587870902306877716
-8587870902306721265
-8587870902306546857
-8587870902306376787
-8587870902306222969
-8587870902306052386
-8587870902305890525
-8587870902305719843
-8587870902305558118
-8587870902305387939
-8587870902305227481
-8587870902305059123
-8587870902304898911
-8587870902304728707
-8587870902304557617
-8587870902304394111
-8587870902304227516
-8587870902304062158
-8587870902303901196
-8587870902303730432
-8587870902303559629
-8587870902303393756
-8587870902303238736
-8587870902303068342
-8587870902302907795
-8587870902302737901
-8587870902302567333
-8587870902302409381
-8587870902302239265
-8587870902302072857
-8587870902301911739
-8587870902301741757
-8587870902301579469
-8587870902301410630
-8587870902301247368
-8587870902301087038
-8587870902300906487
-8587870902300750012
-8587870902300588684
-8587870902300417134
-8587870902300252234
-8587870902300095974
-8587870902299921070
-8587870902299750219
-8587870902299589274
-8587870902299428409
-8587870902299258095
-8587870902299102678
-8587870902298932349
-8587870902298769177
-8587870902298600691
-8587870902298430397
-8587870902298240174
-8587870902298090069
-8587870902297908227
-8587870902297748156
-8587870902297588018
-8587870902297432992
-8587870902297272864
-8587870902297106869
-8587870902296936937
-8587870902296770181
-8587870902296606229
-8587870902296439939
-8587870902296273291
-8587870902296111422
-8587870902295941021
-8587870902295780005
-8587870902295614596
-8587870902295454448
-8587870902295292608
-8587870902295111089
-8587870902294950720
-8587870902294790050
-8587870902294619173
-8587870902294448362
-8587870902294297865
-8587870902294117539
-8587870902293957186
-8587870902293786882
-8587870902293625925
-8587870902293465188
-8587870902293295007
-8587870902293134564
-8587870902292968313
-8587870902292797956
-8587870902292630693
-8587870902292470432
-8587870902292309542
-8587870902292128829
-8587870902291970357
-8587870902291809874
-8587870902291640863
-8587870902291470703
-8587870902291318114
-8587870902291136910
-8587870902290976823
-8587870902290806719
-8587870902290636515
-8587870902290476438
-8587870902290315138
-8587870902290149120
-8587870902289978729
-8587870902289808300
-8587870902289648915
-8587870902289489737
-8587870902289319282
-8587870902289154792
-8587870902288984516
-8587870902288817039
-8587870902288652920
-8587870902288492175
-8587870902288329490
-8587870902288158513
-8587870902287988368
-8587870902287827843
-8587870902287668212
-8587870902287502478
-8587870902287327295
-8587870902287164065
-8587870902286993659
-8587870902286834329
-8587870902286663716
-8587870902286508811
-8587870902286333702
-8587870902286169179
-8587870902286004614
-8587870902285840554
-8587870902285670870
-8587870902285519674
-8587870902285342026
-8587870902285181460
-8587870902285010849
-8587870902284848722
-8587870902284679356
-8587870902284517390
-8587870902284346835
-8587870902284180174
-8587870902284016227
-8587870902283848839
-8587870902283690373
-8587870902283525373
-8587870902283355241
-8587870902283184986
-8587870902283026133
-8587870902282855566
-8587870902282695146
-8587870902282524487
-8587870902282364159
-8587870902282190584
-8587870902282032832
-8587870902281862159
-8587870902281702848
-8587870902281531904
-8587870902281363756
-8587870902281206168
-8587870902281035647
-8587870902280875547
-8587870902280705271
-8587870902280534586
-8587870902280372052
-8587870902280204244
-8587870902280044178
-8587870902279873544
-8587870902279713506
-8587870902279545027
-8587870902279377924
-8587870902279210364
-8587870902279021826
-8587870902278791621
-8587870902278625510
-8587870902278456573
-8587870902278306570
-8587870902278120425
-8587870902277959491
-8587870902277791622
-8587870902277631200
-8587870902277460753
-8587870902277311083
-8587870902277130454
-8587870902276960437
-8587870902276801172
-8587870902276631102
-8587870902276469318
-8587870902276308829
-8587870902276130082
-8587870902275969317
-8587870902275805244
-8587870902275634544
-8587870902275484572
-8587870902275304125
-8587870902275143972
-8587870902274973809
-8587870902274813453
-8587870902274642814
-8587870902274492599
-8587870902274312421
-8587870902274147117
-8587870902273986490
-8587870902273816222
-8587870902273650977
-8587870902273495726
-8587870902273325566
-8587870902273151266
-8587870902272990959
-8587870902272826497
-8587870902272656439
-8587870902272506295
-8587870902272326486
-8587870902272156190
-8587870902272002429
-8587870902271829425
-8587870902271668887
-8587870902271508739
-8587870902271337892
-8587870902271167640
-8587870902271004609
-8587870902270834029
-8587870902270664327
-8587870902270513740
-8587870902270332997
-8587870902270172308
-8587870902270012158
-8587870902269844665
-8587870902269682036
-8587870902269511973
-8587870902269349367
-8587870902269188865
-8587870902269019056
-8587870902268858326
-8587870902268697525
-8587870902268528589
-8587870902268358728
-8587870902268194960
-8587870902268028872
-8587870902267857885
-8587870902267701472
-8587870902267529586
-8587870902267359357
-8587870902267197501
-8587870902267036641
-8587870902266866555
-8587870902266710577
-8587870902266539991
-8587870902266369147
-8587870902266208541
-8587870902266047110
-8587870902265877042
-8587870902265716945
-8587870902265546851
-8587870902265378234
-8587870902265213184
-8587870902265047880
-8587870902264887565
-8587870902264711445
-8587870902264547493
-8587870902264387178
-8587870902264216997
-8587870902264046732
-8587870902263893327
-8587870902263720419
-8587870902263560279
-8587870902263385167
-8587870902263217892
-8587870902263060314
-8587870902262896231
-8587870902262726007
-8587870902262559313
-8587870902262397651
-8587870902262227353
-8587870902262066055
-8587870902261911032
-8587870902261736993
-8587870902261566838
-8587870902261406782
-8587870902261237064
-8587870902261036740
-8587870902260915578
-8587870902260745100
-8587870902260578703
-8587870902260408875
-8587870902260247997
-8587870902260076652
-8587870902259917427
-8587870902259746855
-8587870902259574992
-8587870902259416208
-8587870902259245736
-8587870902259076976
-8587870902258925700
-8587870902258750865
-8587870902258582441
-8587870902258421097
-8587870902258251405
-8587870902258099792
-8587870902257918844
-8587870902257761153
-8587870902257590478
-8587870902257418638
-8587870902257258500
-8587870902257099512
-8587870902256932697
-8587870902256770196
-8587870902256598894
-8587870902256438311
-8587870902256260148
-8587870902256111901
-8587870902255936961
-8587870902255776204
-8587870902255596643
-8587870902255437383
-8587870902255266969
-8587870902255110968
-8587870902254940153
-8587870902254781822
-8587870902254609078
-8587870902254448820
-8587870902254277733
-8587870902254117226
-8587870902253948064
-8587870902253787087
-8587870902253621007
-8587870902253448714
-8587870902253290389
-8587870902253118654
-8587870902252950818
-8587870902252789479
-8587870902252618881
-8587870902252460361
-8587870902252296757
-8587870902252128788
-8587870902251958492
-8587870902251798126
-8587870902251629374
-8587870902251459336
-8587870902232593094
-8587870902231683876
-8587870902231547909
-8587870902231375455
-8587870902231215166
-8587870902231055067
-8587870902230886975
-8587870902230700528
-8587870902230540336
-8587870902230365570
-8587870902230207713
-8587870902230047555
-8587870902229877387
-8587870902229707229
-8587870902229551970
-8587870902229392142
-8587870902229221608
-8587870902229051504
-8587870902228890925
-8587870902228720483
-8587870902228559851
-8587870902228389404
-8587870902228235236
-8587870902228045320
-8587870902227875242
-8587870902227724727
-8587870902227560124
-8587870902227396087
-8587870902227242887
-8587870902227052700
-8587870902226891955
-8587870902226735813
-8587870902226565310
-8587870902226395098
-8587870902226247673
-8587870902226067641
-8587870902225905338
-8587870902225734803
-8587870902225564679
-8587870902225397911
-8587870902225249828
-8587870902225071877
-8587870902224902874
-8587870902224743791
-8587870902224573666
-8587870902224413520
-8587870902224252952
-8587870902224082736
-8587870902223915752
-8587870902223751377
-8587870902223577810
-8587870902223427697
-8587870902223246208
-8587870902223085627
-8587870902222922382
-8587870902222751366
-8587870902222590657
-8587870902222430745
-8587870902222257423
-8587870902222105827
-8587870902221935495
-8587870902221765251
-8587870902221604926
-8587870902221445272
-8587870902221275004
-8587870902221104687
-8587870902220936931
-8587870902220766768
-8587870902220596705
-8587870902220436677
-8587870902220266511
-8587870902220096748
-8587870902219926779
-8587870902219777058
-8587870902219605026
-8587870902219447863
-8587870902219268456
-8587870902219104211
-8587870902218943528
-8587870902218783411
-8587870902218622958
-8587870902218452795
-8587870902218279852
-8587870902218109848
-8587870902217955830
-8587870902217786203
-8587870902217634431
-8587870902217451401
-8587870902217280703
-8587870902217114001
-8587870902216953748
-8587870902216792520
-8587870902216640965
-8587870902216457081
-8587870902216246862
-8587870902216126744
-8587870902215966099
-8587870902215795573
-8587870902215635348
-8587870902215464929
-8587870902215289001
-8587870902215133174
-8587870902214967130
-8587870902214800400
-8587870902214648482
-8587870902214470247
-8587870902214310189
-8587870902214139788
-8587870902213970290
-8587870902213800127
-8587870902213650232
-8587870902213477151
-8587870902213316813
-8587870902213144105
-8587870902212974401
-8587870902212824352
-8587870902212652476
-8587870902212488350
-8587870902212315127
-8587870902212144555
-8587870902211984345
-8587870902211822914
-8587870902211653074
-8587870902211482448
-8587870902211322195
-8587870902211151376
-8587870902210991223
-8587870902210841079
-8587870902210660802
-8587870902210496196
-8587870902210331259
-8587870902210167547
-8587870902209995971
-8587870902209847609
-8587870902209662984
-8587870902209499518
-8587870902209339362
-8587870902209169281
-8587870902209009149
-8587870902208848483
-8587870902208678110
-8587870902208508992
-8587870902208338509
-8587870902208133074
-8587870902208012813
-8587870902207852204
-8587870902207655789
-8587870902207435665
-8587870902207279408
-8587870902207129034
-8587870902206958981
-8587870902206790925
-8587870902206630398
-8587870902206450041
-8587870902206229866
-8587870902206056528
-8587870902205886783
-8587870902205736634
-8587870902205569310
-8587870902205405017
-8587870902205249582
-8587870902205058949
-8587870902204898683
-8587870902204728205
-8587870902204572640
-8587870902204403019
-8587870902204247284
-8587870902204071746
-8587870902203906856
-8587870902203743429
-8587870902203574008
-8587870902203413299
-8587870902203253246
-8587870902203081019
-8587870902202907941
-8587870902202747286
-8587870902202577123
-8587870902202426646
-8587870902202253242
-8587870902202088532
-8587870902201917639
-8587870902201754573
-8587870902201592451
-8587870902201430703
-8587870902201252033
-8587870902201093871
-8587870902200923549
-8587870902200716886
-8587870902200586467
-8587870902200436229
-8587870902200264440
-8587870902200098437
-8587870902199928307
-8587870902199767826
-8587870902199597495
-8587870902199446283
-8587870902199265642
-8587870902199100730
-8587870902198934850
-8587870902198769633
-8587870902198606261
-8587870902198456018
-8587870902198275794
-8587870902198113168
-8587870902197942969
-8587870902197782580
-8587870902197612527
-8587870902197453623
-8587870902197286740
-8587870902197116403
-8587870902196945546
-8587870902196780954
-8587870902196610926
-8587870902196460783
-8587870902196288595
-8587870902196118247
-8587870902195961455
-8587870902195780988
-8587870902195639620
-8587870902195460213
-8587870902195300057
-8587870902195129894
-8587870902194959793
-8587870902194799632
-8587870902194635093
-8587870902194454921
-8587870902194293692
-8587870902194133106
-8587870902193962997
-8587870902193792191
-8587870902193641259
-8587870902193471099
-8587870902193300565
-8587870902193140411
-8587870902192965436
-8587870902192814327
-8587870902192644248
-8587870902192473609
-8587870902192302727
-8587870902192142568
-8587870902191973611
-8587870902191823467
-8587870902191610993
-8587870902191480871
-8587870902191310201
-8587870902191151297
-8587870902190990839
-8587870902190810751
-8587870902190660530
-8587870902190499742
-8587870902190326179
-8587870902190165560
-8587870902189999176
-8587870902189838861
-8587870902189667377
-8587870902189501251
-8587870902189333536
-8587870902189172968
-8587870902189003069
-8587870902188847298
-8587870902188665807
-8587870902188507924
-8587870902188347187
-8587870902188184131
-8587870902188016359
-8587870902187855248
-8587870902187674395
-8587870902187515959
-8587870902187350174
-8587870902187189339
-8587870902187019028
-8587870902186862505
-8587870902186691646
-8587870902186520930
-8587870902186350861
-8587870902186190488
-8587870902186020266
-8587870902185860164
-8587870902185689223
-8587870902185529072
-8587870902185359500
-8587870902185199593
-8587870902185039439
-8587870902184869251
-8587870902184699526
-8587870902184532023
-8587870902184363142
-8587870902184206816
-8587870902184046827
-8587870902183877045
-8587870902183696665
-8587870902183539384
-8587870902183369249
-8587870902183202146
-8587870902183050589
-8587870902182879863
-8587870902182710514
-8587870902182542476
-8587870902182379519
-8587870902182212221
-8587870902182051998
-8587870902181880855
-8587870902181719839
-8587870902181550019
-8587870902181388591
-8587870902181223297
-8587870902181062475
-8587870902180881957
-8587870902180721893
-8587870902180561476
-8587870902180390474
-8587870902180219817
-8587870902180069376
-8587870902179889073
-8587870902179728961
-8587870902179559077
-8587870902179403767
-8587870902179242648
-8587870902179063418
-8587870902178902484
-8587870902178732564
-8587870902178571087
-8587870902178400927
-8587870902178246559
-8587870902178070083
-8587870902177909512
-8587870902177734882
-8587870902177571977
-8587870902177407369
-8587870902177246758
-8587870902177076193
-8587870902176905607
-8587870902176745050
-8587870902176573627
-8587870902176414657
-8587870902176258558
-8587870902176082085
-8587870902175921253
-8587870902175749639
-8587870902175585169
-8587870902175425036
-8587870902175254349
-8587870902175093788
-8587870902174918935
-8587870902174760198
-8587870902174589820
-8587870902174438478
-8587870902174257622
-8587870902174100264
-8587870902173929246
-8587870902173762406
-8587870902173601758
-8587870902173439350
-8587870902173261366
-8587870902173100806
-8587870902172935801
-8587870902172774598
-8587870902172608744
-8587870902172444218
-8587870902172273755
-8587870902172105208
-8587870902171943813
-8587870902171778857
-8587870902171607982
-8587870902171448594
-8587870902171278204
-8587870902171111996
-8587870902170946986
-8587870902170783909
-8587870902170615800
-8587870902170456317
-8587870902170288025
-8587870902170122309
-8587870902169952415
-8587870902169786978
-8587870902169616986
-8587870902169466203
-8587870902169295976
-8587870902169125628
-8587870902168954413
-8587870902168798200
-8587870902168638146
-8587870902168467894
-8587870902168297349
-8587870902168126429
-8587870902167966982
-8587870902167802126
-8587870902167639210
-8587870902167472081
-8587870902167301616
-8587870902167140984
-8587870902166976105
-8587870902166808781
-8587870902166643505
-8587870902166471414
-8587870902166305867
-8587870902166146530
-8587870902165984083
-8587870902165813772
-8587870902165653344
-8587870902165480284
-8587870902165320130
-8587870902165141220
-8587870902164979817
-8587870902164819106
-8587870902164658684
-8587870902164487978
-8587870902164323583
-8587870902164159233
-8587870902163988686
-8587870902163817904
-8587870902163668262
-8587870902163490163
-8587870902163325781
-8587870902163168315
-8587870902162997174
-8587870902162839374
-8587870902162658638
-8587870902162497722
-8587870902162329632
-8587870902162169479
-8587870902162006003
-8587870902161843364
-8587870902161663222
-8587870902161502615
-8587870902161341732
-8587870902161173802
-8587870902161014022
-8587870902160846197
-8587870902160675086
-8587870902160514672
-8587870902160343923
-8587870902160187018
-8587870902160016937
-8587870902159855949
-8587870902159685428
-8587870902159515564
-8587870902159350153
-8587870902159179283
-8587870902159018910
-8587870902158858756
-8587870902158688210
-8587870902158524744
-8587870902158364037
-8587870902158193165
-8587870902158032062
-8587870902157867214
-8587870902157697020
-8587870902157527262
-8587870902157356845
-8587870902157199006
-8587870902157038927
-8587870902156867586
-8587870902156697119
-8587870902156537035
-8587870902156371700
-8587870902156206877
-8587870902156048851
-8587870902155869152
-8587870902155708041
-8587870902155537932
-8587870902155375849
-8587870902155175583
-8587870902155049549
-8587870902154878907
-8587870902154709855
-8587870902154549710
-8587870902154379662
-8587870902154213685
-8587870902154058349
-8587870902153889325
-8587870902153718704
-8587870902153549747
-8587870902153379845
-8587870902153232515
-8587870902153062060
-8587870902152881908
-8587870902152721663
-8587870902152564164
-8587870902152394318
-8587870902152229483
-8587870902152059550
-8587870902151899082
-8587870902151729784
-8587870902151558971
-8587870902151399033
-8587870902151241009
-8587870902151068665
-8587870902150902284
-8587870902150731557
-8587870902150570442
-8587870902150403571
-8587870902150248696
-8587870902150071619
-8587870902149909136
-8587870902149742654
-8587870902149571877
-8587870902149415763
-8587870902149252259
-8587870902149082019
-8587870902148914301
-8587870902148751329
-8587870902148582013
-8587870902148421361
-8587870902148260746
-8587870902148090425
-8587870902147918565
-8587870902147759376
-8587870902147591341
-8587870902147431779
-8587870902147261444
-8587870902147090810
-8587870902146920471
-8587870902146759916
-8587870902146589079
-8587870902146435316
-8587870902146261195
-8587870902146050469
-8587870902145930354
-8587870902145769663
-8587870902145599134
-8587870902145447779
-8587870902145267049
-8587870902145105526
-8587870902144938629
-8587870902144779032
-8587870902144608856
-8587870902144449261
-8587870902144278109
-8587870902144107788
-8587870902143948308
-8587870902143777492
-8587870902143617310
-8587870902143449984
-8587870902143279913
-8587870902143119657
-8587870902142950565
-8587870902142779426
-8587870902142625885
-8587870902142456785
-8587870902142287318
-8587870902142128962
-8587870902141953874
-8587870902141793818
-8587870902141633060
-8587870902141457411
-8587870902141296907
-8587870902141126626
-8587870902140966575
-8587870902140803514
-8587870902140640570
-8587870902140467594
-8587870902140304906
-8587870902140134236
-8587870902139966777
-8587870902139796998
-8587870902139646362
-8587870902139465514
-8587870902139303707
-8587870902139144278
-8587870902138975392
-8587870902138804016
-8587870902138645980
-8587870902138477176
-8587870902138311496
-8587870902138144551
-8587870902137973592
-8587870902137815806
-8587870902137661697
-8587870902137476704
-8587870902137322495
-8587870902137159103
-8587870902136991101
-8587870902136819530
-8587870902136659057
-8587870902136486861
-8587870902136316829
-8587870902136156678
-8587870902135986510
-8587870902135829836
-8587870902135656050
-8587870902135496056
-8587870902135335672
-8587870902135156877
-8587870902134996813
-8587870902134836775
-8587870902134671596
-8587870902134500978
-8587870902134340891
-8587870902134172446
-8587870902134003163
-8587870902133847065
-8587870902133677048
-8587870902133506253
-8587870902133345764
-8587870902133175255
-8587870902133009613
-8587870902132851273
-8587870902132677700
-8587870902132516975
-8587870902132346856
-8587870902132176798
-8587870902132014627
-8587870902131863708
-8587870902131677217
-8587870902131516644
-8587870902131356662
-8587870902131187779
-8587870902131017225
-8587870902130868858
-8587870902130689684
-8587870902130529448
-8587870902130364784
-8587870902130196052
-8587870902130033534
-8587870902129863140
-8587870902129703430
-8587870902129531836
-8587870902129361145
-8587870902129200060
-8587870902129042846
-8587870902128862896
-8587870902128702942
-8587870902128542134
-8587870902128371717
-8587870902128196247
-8587870902128045878
-8587870902127876291
-8587870902127706200
-8587870902127545998
-8587870902127377486
-8587870902127212927
-8587870902127054177
-8587870902126884490
-8587870902126713928
-8587870902126550667
-8587870902126381883
-8587870902126221602
-8587870902126044368
-8587870902125883621
-8587870902125721212
-8587870902125560514
-8587870902125390021
-8587870902125227256
-8587870902125060040
-8587870902124896768
-8587870902124718298
-8587870902124567878
-8587870902124397405
-8587870902124238703
-8587870902124057663
-8587870902123897461
-8587870902123716856
-8587870902123547279
-8587870902123377116
-8587870902123227013
-8587870902123046820
-8587870902122886716
-8587870902122713215
-8587870902122553061
-8587870902122405941
-8587870902122245283
-8587870902122078023
-8587870902121906411
-8587870902121741309
-8587870902121574203
-8587870902121413978
-8587870902121253203
-8587870902121083495
-8587870902120912856
-8587870902120751587
-8587870902120586232
-8587870902120414522
-8587870902120253739
-8587870902120083118
-8587870902119917074
-8587870902119752075
-8587870902119585667
-8587870902119425289
-8587870902119255791
-8587870902119095390
-8587870902118922124
-8587870902118761879
-8587870902118588813
-8587870902118428634
-8587870902118268834
-8587870902118096994
-8587870902117931731
-8587870902117769719
-8587870902117597167
-8587870902117436988
-8587870902117273182
-8587870902117102958
-8587870902116936000
-8587870902116775882
-8587870902116605205
-8587870902116446321
-8587870902116277479
-8587870902116114418
-8587870902115943755
-8587870902115779045
-8587870902115609929
-8587870902115449955
-8587870902115279685
-8587870902115118748
-8587870902114946773
-8587870902114778412
-8587870902114617954
-8587870902114453774
-8587870902114292369
-8587870902114121932
-8587870902113961755
-8587870902113786293
-8587870902113635991
-8587870902113456018
-8587870902113295593
-8587870902113124905
-8587870902112964854
-8587870902112793724
-8587870902112643393
-8587870902112463318
-8587870902112304470
-8587870902112134151
-8587870902111964521
-8587870902111802537
-8587870902111641872
-8587870902111471709
-8587870902111299971
-8587870902111137478
-8587870902110975218
-8587870902110804955
-8587870902110654102
-8587870902110473699
-8587870902110312914
-8587870902110149919
-8587870902109979387
-8587870902109819395
-8587870902109659085
-8587870902109487195
-8587870902109316939
-8587870902109156453
-8587870902108985566
-8587870902108814847
-8587870902108654164
-8587870902108493186
-8587870902108317578
-8587870902108157149
-8587870902107997110
-8587870902107836821
-8587870902107656403
-8587870902107492328
-8587870902107331752
-8587870902107160790
-8587870902106993787
-8587870902106834964
-8587870902106666294
-8587870902106499139
-8587870902106338643
-8587870902106167794
-8587870902106007220
-8587870902105843706
-8587870902105672698
-8587870902105512616
-8587870902105345356
-8587870902105174930
-8587870902105014157
-8587870902104854889
-8587870902104675027
-8587870902104514159
-8587870902104343087
-8587870902104184129
-8587870902104013367
-8587870902103860464
-8587870902103690106
-8587870902103519065
-8587870902103348905
-8587870902103188749
-8587870902103018082
-8587870902102867017
-8587870902102688011
-8587870902102520874
-8587870902102358563
-8587870902102198463
-8587870902102027794
-8587870902101861775
-8587870902101700291
-8587870902101530018
-8587870902101363992
-8587870902101197804
-8587870902101035129
-8587870902100869321
-8587870902100702926
-8587870902100542363
-8587870902100369105
-8587870902100202222
-8587870902100041498
-8587870902099873498
-8587870902099704723
-8587870902099543760
-8587870902099382637
-8587870902099212105
-8587870902099049312
-8587870902098878064
-8587870902098713018
-8587870902098546058
-8587870902098385871
-8587870902098222398
-8587870902098051664
-8587870902097885807
-8587870902097725185
-8587870902097554920
-8587870902097394377
-8587870902097230269
-8587870902097061406
-8587870902096890808
-8587870902096730058
-8587870902096559529
-8587870902096397149
-8587870902096236844
-8587870902096061556
-8587870902095903000
-8587870902095732254
-8587870902095569986
-8587870902095399623
-8587870902095245289
-8587870902095074778
-8587870902094903903
-8587870902094739746
-8587870902094573873
-8587870902094408820
-8587870902094243603
-8587870902094073067
-8587870902093910799
-8587870902093747325
-8587870902093577118
-8587870902093417175
-8587870902093260972
-8587870902093080582
-8587870902092919409
-8587870902092748967
-8587870902092586966
-8587870902092426152
-8587870902092255738
-8587870902092086643
-8587870902091921277
-8587870902091756457
-8587870902091595858
-8587870902091435659
-8587870902091258167
-8587870902091092048
-8587870902090932648
-8587870902090759085
-8587870902090594677
-8587870902090434158
-8587870902090259266
-8587870902090104753
-8587870902089931889
-8587870902089765466
-8587870902089606529
-8587870902089443549
-8587870902089272068
-8587870902089109134
-8587870902088938659
-8587870902088779066
-8587870902088614141
-8587870902088454226
-8587870902088275177
-8587870902088114863
-8587870902087942849
-8587870902087782350
-8587870902087618705
-8587870902087461500
-8587870902087283294
-8587870902087112278
-8587870902086951467
-8587870902086790948
-8587870902086619341
-8587870902086458816
-8587870902086288520
-8587870902086118526
-8587870902085953970
-8587870902085793340
-8587870902085631536
-8587870902085460943
-8587870902085300746
-8587870902085130127
-8587870902084969045
-8587870902084797822
-8587870902084637710
-8587870902084468617
-8587870902084297839
-8587870902084137543
-8587870902083970063
-8587870902083802314
-8587870902083645688
-8587870902083471524
-8587870902083311358
-8587870902083140544
-8587870902082979577
-8587870902082809107
-8587870902082654112
-8587870902082483949
-8587870902082309367
-8587870902082145213
-8587870902081984898
-8587870902081811328
-8587870902081663509
-8587870902081493166
-8587870902081322445
-8587870902081159338
-8587870902080989311
-8587870902080835219
-8587870902080662752
-8587870902080489566
-8587870902080329264
-8587870902080159104
-8587870902079997937
-8587870902079836934
-8587870902079666576
-8587870902079506456
-8587870902079341700
-8587870902079168403
-8587870902079004832
-8587870902078846696
-8587870902078669432
-8587870902078502175
-8587870902078340534
-8587870902078040083
-8587870902077619772
-8587870902077209456
-8587870902076799055
-8587870902076378658
-8587870902075958253
-8587870902075547857
-8587870902075385502
-8587870902075218475
-8587870902075058335
-8587870902074887555
-8587870902074723641
-8587870902074558140
-8587870902074386950
-8587870902074238089
-8587870902074063589
-8587870902073891824
-8587870902073732738
-8587870902073557302
-8587870902073393306
-8587870902073234719
-8587870902073067339
-8587870902072896247
-8587870902072735940
-8587870902072565388
-8587870902072405232
-8587870902072245094
-8587870902072064609
-8587870902071911257
-8587870902071739249
-8587870902071581097
-8587870902071410558
-8587870902071250233
-8587870902071079927
-8587870902070919845
-8587870902070745041
-8587870902070584450
-8587870902070414315
-8587870902070254873
-8587870902070084308
-8587870902069925151
-8587870902069754025
-8587870902069583845
-8587870902069432265
-8587870902069252376
-8587870902069088188
-8587870902068931061
-8587870902068759633
-8587870902068594076
-8587870902068438833
-8587870902068261386
-8587870902068100606
-8587870902067936213
-8587870902067765835
-8587870902067595048
-8587870902067445854
-8587870902067269324
-8587870902067107947
-8587870902066943890
-8587870902066770040
-8587870902066608407
-8587870902066448031
-8587870902066277400
-8587870902066106267
-8587870902065938036
-8587870902065777545
-8587870902065607113
-8587870902065452359
-8587870902065281298
-8587870902065081137
-8587870902064950390
-8587870902064780299
-8587870902064619557
-8587870902064459544
-8587870902064289322
-8587870902064119264
-8587870902063948423
-8587870902063788277
-8587870902063630855
-8587870902063461463
-8587870902063293120
-8587870902063130320
-8587870902062954704
-8587870902062794494
-8587870902062633678
-8587870902062463600
-8587870902062292989
-8587870902062127313
-8587870902061966932
-8587870902061797041
-8587870902061646884
-8587870902061471826
-8587870902061304264
-8587870902061133418
-8587870902060976744
-8587870902060806947
-8587870902060649428
-8587870902060478417
-8587870902060309836
-8587870902060145899
-8587870902059977324
-8587870902059819190
-8587870902059658922
-8587870902059488700
-8587870902059317106
-8587870902059148471
-8587870902058988151
-8587870902058820303
-8587870902058663984
-8587870902058493801
-8587870902058323213
-8587870902058158290
-8587870902057997287
-8587870902057830918
-8587870902057660811
-8587870902057490124
-8587870902057330961
-8587870902057160199
-8587870902056999132
-8587870902056835000
-8587870902056663475
-8587870902056502096
-8587870902056331462
-8587870902056165630
-8587870902055967476
-8587870902055846596
-8587870902055676681
-8587870902055508031
-8587870902055344586
-8587870902055167429
-8587870902055006531
-8587870902054848840
-8587870902054678096
-8587870902054508645
-8587870902054351233
-8587870902054181103
-8587870902054010439
-8587870902053860001
-8587870902053688565
-8587870902053521410
-8587870902053353738
-8587870902053187856
-8587870902053013881
-8587870902052857975
-8587870902052693702
-8587870902052525864
-8587870902052355936
-8587870902052188351
-8587870902052034386
-8587870902051856624
-8587870902051693832
-8587870902051529227
-8587870902051363728
-8587870902051189653
-8587870902051044755
-8587870902050873727
-8587870902050703874
-8587870902050539699
-8587870902050361840
-8587870902050201382
-8587870902050049354
-8587870902049879358
-8587870902049709005
-8587870902049538960
-8587870902049379728
-8587870902049212934
-8587870902049055103
-8587870902048879976
-8587870902048719395
-8587870902048545648
-8587870902048375009
-8587870902048214651
-8587870902048061650
-8587870902047883211
-8587870902047722482
-8587870902047557321
-8587870902047385328
-8587870902047234621
-8587870902047054904
-8587870902046844913
-8587870902046724114
-8587870902046557934
-8587870902046397354
-8587870902046236906
-8587870902046066881
-8587870902045892110
-8587870902045737612
-8587870902045570155
-8587870902045400437
-8587870902045243853
-8587870902045069269
-8587870902044899697
-8587870902044739139
-8587870902044567778
-8587870902044407269
-8587870902044252840
-8587870902044072501
-8587870902043908029
-8587870902043737866
-8587870902043582822
-8587870902043411000
-8587870902043250647
-8587870902043078406
-8587870902042919353
-8587870902042749474
-8587870902042579327
-8587870902042415531
-8587870902042264329
-8587870902042089518
-8587870902041922127
-8587870902041753006
-8587870902041595538
-8587870902041428801
-8587870902041258484
-8587870902041097936
-8587870902040925469
-8587870902040760455
-8587870902040598425
-8587870902040436613
-8587870902040258214
-8587870902040097290
-8587870902039936441
-8587870902039769455
-8587870902039602463
-8587870902039441568
-8587870902039269964
-8587870902039099225
-8587870902038938505
-8587870902038767390
-8587870902038607360
-8587870902038446717
-8587870902038276252
-8587870902038106036
-8587870902037945678
-8587870902037739306
-8587870902037608872
-8587870902037452013
-8587870902037281190
-8587870902037111055
-8587870902036950126
-8587870902036778967
-8587870902036619297
-8587870902036466578
-8587870902036286749
-8587870902036122937
-8587870902035956658
-8587870902035786170
-8587870902035631410
-8587870902035460999
-8587870902035292032
-8587870902035128330
-8587870902034962949
-8587870902034792579
-8587870902034641081
-8587870902034471010
-8587870902034296977
-8587870902034135438
-8587870902033964687
-8587870902033804490
-8587870902033644879
-8587870902033474355
-8587870902033303770
-8587870902033145559
-8587870902032974910
-8587870902032811928
-8587870902032650786
-8587870902032480032
-8587870902032314610
-8587870902032144383
-8587870902031987545
-8587870902031816474
-8587870902031657260
-8587870902031481429
-8587870902031321012
-8587870902031150915
-8587870902030990217
-8587870902030824874
-8587870902030654786
-8587870902030494307
-8587870902030323829
-8587870902030151025
-8587870902029995085
-8587870902029834734
-8587870902029661469
-8587870902029488201
-8587870902029333305
-8587870902029162956
-8587870902028999339
-8587870902028838904
-8587870902028637476
-8587870902028504356
-8587870902028333522
-8587870902028170440
-8587870902028000336
-8587870902027850279
-8587870902027670806
-8587870902027510926
-8587870902027340530
-8587870902027180689
-8587870902027010060
-8587870902026855780
-8587870902026678876
-8587870902026509709
-8587870902026354046
-8587870902026183850
-8587870902026013574
-8587870902025860085
-8587870902025685626
-8587870902025520611
-8587870902025349870
-8587870902025190180
-8587870902025029752
-8587870902024863289
-8587870902024689109
-8587870902024529483
-8587870902024358501
-8587870902024191541
-8587870902024035486
-8587870902023865471
-8587870902023694914
-8587870902023535022
-8587870902023359593
-8587870902023204334
-8587870902023034945
-8587870902022875416
-8587870902022711609
-8587870902022539235
-8587870902022379199
-8587870902022213406
-8587870902022050493
-8587870902021870520
-8587870902021710008
-8587870902021539656
-8587870902021379318
-8587870902021205118
-8587870902021054975
-8587870902020884384
-8587870902020713412
-8587870902020552949
-8587870902020382167
-8587870902020218936
-8587870902020058406
-8587870902019884752
-8587870902019723270
-8587870902019559837
-8587870902019395759
-8587870902019235647
-8587870902019065192
-8587870902018894794
-8587870902018726970
-8587870902018557816
-8587870902018397220
-8587870902018234724
-8587870902018063658
-8587870902017902286
-8587870902017737522
-8587870902017569827
-8587870902017399303
-8587870902017239114
-8587870902017068705
-8587870902016908621
-8587870902016731645
-8587870902016575381
-8587870902016410033
-8587870902016249483
-8587870902016078862
-8587870902015914364
-8587870902015741009
-8587870902015580505
-8587870902015409198
-8587870902015259059
-8587870902015088653
-8587870902014915548
-8587870902014748545
-8587870902014585084
-8587870902014419892
-8587870902014261590
-8587870902014089282
-8587870902013925969
-8587870902013758960
-8587870902013592036
-8587870902013430118
-8587870902013267958
-8587870902013096200
-8587870902012931833
-8587870902012763163
-8587870902012592393
-8587870902012442039
-8587870902012264204
-8587870902012101975
-8587870902011933931
-8587870902011770365
-8587870902011599386
-8587870902011451474
-8587870902011271781
-8587870902011107360
-8587870902010939570
-8587870902010782084
-8587870902010612059
-8587870902010456430
-8587870902010285499
-8587870902010111199
-8587870902009948810
-8587870902009788317
-8587870902009617678
-8587870902009457150
-8587870902009287584
-8587870902009117104
-8587870902008952770
-8587870902008786421
-8587870902008628861
-8587870902008461873
-8587870902008290532
-8587870902008120487
-8587870902007956867
-8587870902007798478
-8587870902007637459
-8587870902007465745
-8587870902007296521
-8587870902007127943
-8587870902006961700
-8587870902006800579
-8587870902006637822
-8587870902006466929
-8587870902006306113
-8587870902006142370
-8587870902005973078
-8587870902005810034
-8587870902005649266
-8587870902005468769
-8587870902005314288
-8587870902005143101
-8587870902004978092
-8587870902004807327
-8587870902004656968
-8587870902004485889
-8587870902004316865
-8587870902004151710
-8587870902003982023
-8587870902003820666
-8587870902003655045
-8587870902003489907
-8587870902003319140
-8587870902003148731
-8587870902002988437
-8587870902002817565
-8587870902002667698
-8587870902002497089
-8587870902002326448
-8587870902002156249
-8587870902002001003
-8587870902001840758
-8587870902001665262
-8587870902001499666
-8587870902001328597
-8587870902001171355
-8587870902001000165
-8587870902000840408
-8587870902000672350
-8587870902000501631
-8587870902000337059
-8587870902000175181
-8587870902000012206
-8587870901999851413
-8587870901999681237
-8587870901999511077
-8587870901999349357
-8587870901999176030
-8587870901999015628
-8587870901998857162
-8587870901998675576
-8587870901998514936
-8587870901998354847
-8587870901998183509
-8587870901998025951
-8587870901997854270
-8587870901997693224
-8587870901997522367
-8587870901997363965
-8587870901997190614
-8587870901997019269
-8587870901996869243
-8587870901996693688
-8587870901996526738
-8587870901996356025
-8587870901996201795
-8587870901996041570
-8587870901995870660
-8587870901995703602
-8587870901995532067
-8587870901995370754
-8587870901995200417
-8587870901995047450
-8587870901994873769
-8587870901994703596
-8587870901994547475
-8587870901994367300
-8587870901994207302
-8587870901994047065
-8587870901993880212
-8587870901993710443
-8587870901993532319
-8587870901993379633
-8587870901993218394
-8587870901993059787
-8587870901992881501
-8587870901992720679
-8587870901992550245
-8587870901992389644
-8587870901992229017
-8587870901992055178
-8587870901991890698
-8587870901991729574
-8587870901991549105
-8587870901991399768
-8587870901991238854
-8587870901991068427
-8587870901990899007
-8587870901990728316
-8587870901990565846
-8587870901990401774
-8587870901990241579
-8587870901990064146
-8587870901989899205
-8587870901989735954
-8587870901989575655
-8587870901989404717
-8587870901989245828
-8587870901989075248
-8587870901988909895
-8587870901988740049
-8587870901988576975
-8587870901988409393
-8587870901988248983
-8587870901988077942
-8587870901987913504
-8587870901987752037
-8587870901987580748
-8587870901987421797
-8587870901987260382
-8587870901987079966
-8587870901986923799
-8587870901986753492
-8587870901986569608
-8587870901986417457
-8587870901986239258
-8587870901986068340
-8587870901985908092
-8587870901985740103
-8587870901985567643
-8587870901985429299
-8587870901985234258
-8587870901985084006
-8587870901984913836
-8587870901984743765
-8587870901984581382
-8587870901984430601
-8587870901984253078
-8587870901984080846
-8587870901983910873
-8587870901983750725
-8587870901983579868
-8587870901983439240
-8587870901983249011
-8587870901983088705
-8587870901982921135
-8587870901982750672
-8587870901982587009
-8587870901982436822
-8587870901982256683
-8587870901982094609
-8587870901981933990
-8587870901981753490
-8587870901981595720
-8587870901981442891
-8587870901981259398
-8587870901981099093
-8587870901980941459
-8587870901980786329
-8587870901980626132
-8587870901980453772
-8587870901980289543
-8587870901980119275
-8587870901979959181
-8587870901979789059
-8587870901979624828
-8587870901979455804
-8587870901979291555
-8587870901979128444
-8587870901978958289
-8587870901978797780
-8587870901978637578
-8587870901978466941
-8587870901978295711
-8587870901978134339
-8587870901977963836
-8587870901977805746
-8587870901977642853
-8587870901977471881
-8587870901977305932
-8587870901977135372
-8587870901976975439
-8587870901976804086
-8587870901976645315
-8587870901976474860
-8587870901976304697
-8587870901976144454
-8587870901975976610
-8587870901975806151
-8587870901975653992
-8587870901975479037
-8587870901975317580
-8587870901975148316
-8587870901974988104
-8587870901974828160
-8587870901974648956
-8587870901974488695
-8587870901974319909
-8587870901974159692
-8587870901973989687
-8587870901973829629
-8587870901973659561
-8587870901973489101
-8587870901973328937
-8587870901973158764
-8587870901972992546
-8587870901972841127
-8587870901972663753
-8587870901972495776
-8587870901972335869
-8587870901972165329
-8587870901972002017
-8587870901971848755
-8587870901971670480
-8587870901971501676
-8587870901971341405
-8587870901971172220
-8587870901971011534
-8587870901970851439
-8587870901970681271
-8587870901970511162
-8587870901970339543
-8587870901970185421
-8587870901970014894
-8587870901969854777
-8587870901969684263
-8587870901969507820
-8587870901969347501
-8587870901969186766
-8587870901969026692
-8587870901968850864
-8587870901968692403
-8587870901968527567
-8587870901968357235
-8587870901968191780
-8587870901968030503
-8587870901967861930
-8587870901967691280
-8587870901967531250
-8587870901967361261
-8587870901967201103
-8587870901967044784
-8587870901966864202
-8587870901966703521
-8587870901966533709
-8587870901966368633
-8587870901966200034
-8587870901966043030
-8587870901965864163
-8587870901965703600
-8587870901965546485
-8587870901965379850
-8587870901965209561
-8587870901965047368
-8587870901964881234
-8587870901964714975
-8587870901964544689
-8587870901964374460
-8587870901964212405
-8587870901964052139
-8587870901963881855
-8587870901963721707
-8587870901963551462
-8587870901963391780
-8587870901963231299
-8587870901963054738
-8587870901962892975
-8587870901962729547
-8587870901962558862
-8587870901962397052
-8587870901962239925
-8587870901962065397
-8587870901961895037
-8587870901961733745
-8587870901961563264
-8587870901961403631
-8587870901961242533
-8587870901961064807
-8587870901960899775
-8587870901960735725
-8587870901960570234
-8587870901960404656
-8587870901960243346
-8587870901960077504
-8587870901959905500
-8587870901959744958
-8587870901959583714
-8587870901959413287
-8587870901959252330
-8587870901959077431
-8587870901958920411
-8587870901958749386
-8587870901958589092
-8587870901958429023
-8587870901958248213
-8587870901958067838
-8587870901957897675
-8587870901957747009
-8587870901957588392
-8587870901957433622
-8587870901957247899
-8587870901957086952
-8587870901956919531
-8587870901956757642
-8587870901956594732
-8587870901956434161
-8587870901956263251
-8587870901956089460
-8587870901955927169
-8587870901955756681
-8587870901955577243
-8587870901955437112
-8587870901955263411
-8587870901955094886
-8587870901954934579
-8587870901954768213
-8587870901954608029
-8587870901954447878
-8587870901954277487
-8587870901954105443
-8587870901953934622
-8587870901953774302
-8587870901953607117
-8587870901953443804
-8587870901953274778
-8587870901953114028
-8587870901952943760
-8587870901952780284
-8587870901952630038
-8587870901952453849
-8587870901952283688
-8587870901952113313
-8587870901951952304
-8587870901951781391
-8587870901951630175
-8587870901951453822
-8587870901951290586
-8587870901951128193
-8587870901950961455
-8587870901950790458
-8587870901950640166
-8587870901950459993
-8587870901950290368
-8587870901950129572
-8587870901949963577
-8587870901949800866
-8587870901949647770
-8587870901949466881
-8587870901949297089
-8587870901949136055
-8587870901948975769
-8587870901948810014
-8587870901948644912
-8587870901948464561
-8587870901948304338
-8587870901948143901
-8587870901947979185
-8587870901947810525
-8587870901947650612
-8587870901947478192
-8587870901947318018
-8587870901947153605
-8587870901946982574
-8587870901946831874
-8587870901946652792
-8587870901946482374
-8587870901946312707
-8587870901946152247
-8587870901945986244
-8587870901945836392
-8587870901945655485
-8587870901945489382
-8587870901945318556
-8587870901945160696
-8587870901944993155
-8587870901944835661
-8587870901944668509
-8587870901944497580
-8587870901944326957
-8587870901944159489
-8587870901943999116
-8587870901943848788
-8587870901943674122
-8587870901943503580
-8587870901943337528
-8587870901943167954
-8587870901943004642
-8587870901942850054
-8587870901942674031
-8587870901942500161
-8587870901942339936
-8587870901942182274
-8587870901942028467
-8587870901941839785
-8587870901941680671
-8587870901941520617
-8587870901941349807
-8587870901941180937
-8587870901941032774
-8587870901940849701
-8587870901940682349
-8587870901940518095
-8587870901940358115
-8587870901940187353
-8587870901940036375
-8587870901939856684
-8587870901939696203
-8587870901939529808
-8587870901939357098
-8587870901939194869
-8587870901939038975
-8587870901938868367
-8587870901938698027
-8587870901938527867
-8587870901938367839
-8587870901938193593
-8587870901938042855
-8587870901937864341
-8587870901937705130
-8587870901937540300
-8587870901937368503
-8587870901937208061
-8587870901937050636
-8587870901936874102
-8587870901936713247
-8587870901936537503
-8587870901936380678
-8587870901936209685
-8587870901936059334
-8587870901935878243
-8587870901935717664
-8587870901935551285
-8587870901935380523
-8587870901935230438
-8587870901935049784
-8587870901934894180
-8587870901934713767
-8587870901934553606
-8587870901934393092
-8587870901934233192
-8587870901934061966
-8587870901933891622
-8587870901933726825
-8587870901933563302
-8587870901933392929
-8587870901933247322
-8587870901933067137
-8587870901932896459
-8587870901932735576
-8587870901932565838
-8587870901932409740
-8587870901932248888
-8587870901932074990
-8587870901931908679
-8587870901931738120
-8587870901931573197
-8587870901931402527
-8587870901931252110
-8587870901931070575
-8587870901930916614
-8587870901930739985
-8587870901930576578
-8587870901930426360
-8587870901930239483
-8587870901930078774
-8587870901929919360
-8587870901929749033
-8587870901929587075
-8587870901929431899
-8587870901929251332
-8587870901929088201
-8587870901928924850
-8587870901928756759
-8587870901928600622
-8587870901928430228
-8587870901928264674
-8587870901928092798
-8587870901927931833
-8587870901927766695
-8587870901927596056
-8587870901927441325
-8587870901927268006
-8587870901927103539
-8587870901926935790
-8587870901926772547
-8587870901926604242
-8587870901926454831
-8587870901926274561
-8587870901926104029
-8587870901925943878
-8587870901925773042
-8587870901925616964
-8587870901925456366
-8587870901925282204
-8587870901925104553
-8587870901924944325
-8587870901924780329
-8587870901924609340
-8587870901924466016
-8587870901924286301
-8587870901924115353
-8587870901923957539
-8587870901923787335
-8587870901923632097
-8587870901923461491
-8587870901923301264
-8587870901923138066
-8587870901922966531
-8587870901922805298
-8587870901922643967
-8587870901922468451
-8587870901922305049
-8587870901922144296
-8587870901921978117
-8587870901921807688
-8587870901921649488
-8587870901921481311
-8587870901921308189
-8587870901921148251
-8587870901920984186
-8587870901920820684
-8587870901920659550
-8587870901920489494
-8587870901920316505
-8587870901920146035
-8587870901919985720
-8587870901919831622
-8587870901919660867
-8587870901919489591
-8587870901919326038
-8587870901919155194
-8587870901919000255
-8587870901918836280
-8587870901918662254
-8587870901918501814
-8587870901918335591
-8587870901918163318
-8587870901918002799
-8587870901917843035
-8587870901917671858
-8587870901917501262
-8587870901917337064
-8587870901917166653
-8587870901917001671
-8587870901916842342
-8587870901916677415
-8587870901916508844
-8587870901916348637
-8587870901916173223
-8587870901916012535
-8587870901915848058
-8587870901915677846
-8587870901915519034
-8587870901915341775
-8587870901915181337
-8587870901915010110
-8587870901914859592
-8587870901914689058
-8587870901914521394
-8587870901914350680
-8587870901914185256
-8587870901914035033
-8587870901913854428
-8587870901913691937
-8587870901913521288
-8587870901913361234
-8587870901913195083
-8587870901913034763
-8587870901912864395
-8587870901912694921
-8587870901912528286
-8587870901912365728
-8587870901912195565
-8587870901912045097
-8587870901911869578
-8587870901911703652
-8587870901911532253
-8587870901911369624
-8587870901911204435
-8587870901911052102
-8587870901910880908
-8587870901910706213
-8587870901910547197
-8587870901910378537
-8587870901910208317
-8587870901910059425
-8587870901909879432
-8587870901909714407
-8587870901909553665
-8587870901909378241
-8587870901909217000
-8587870901909055996
-8587870901908886056
-8587870901908725447
-8587870901908555269
-8587870901908395131
-8587870901908235597
-8587870901908055852
-8587870901907891063
-8587870901907720871
-8587870901907565869
-8587870901907395330
-8587870901907242045
-8587870901907065369
-8587870901906901358
-8587870901906729797
-8587870901906565013
-8587870901906405412
-8587870901906243464
-8587870901906070337
-8587870901905904933
-8587870901905744055
-8587870901905575833
-8587870901905411289
-8587870901905251284
-8587870901905073964
-8587870901904906414
-8587870901904740163
-8587870901904581740
-8587870901904412243
-8587870901904253597
-8587870901904084924
-8587870901903914488
-8587870901903754193
-8587870901903590579
-8587870901903427843
-8587870901903247632
-8587870901903087076
-8587870901902916890
-8587870901902756243
-8587870901902587677
-8587870901902436330
-8587870901902265663
-8587870901902093926
-8587870901901934512
-8587870901901764324
-8587870901901596206
-8587870901901444163
-8587870901901263919
-8587870901901104475
-8587870901900932351
-8587870901900765872
-8587870901900607111
-8587870901900447029
-8587870901900277693
-8587870901900107658
-8587870901899938268
-8587870901899777915
-8587870901899607583
-8587870901899451741
-8587870901899280884
-8587870901899113666
-8587870901898947151
-8587870901898786908
-8587870901898616276
-8587870901898454111
-8587870901898281590
-8587870901898111168
-8587870901897950964
-8587870901897780491
-8587870901897619588
-8587870901897458992
-8587870901897288214
-8587870901897126783
-8587870901896962944
-8587870901896787177
-8587870901896639107
-8587870901896458627
-8587870901896298000
-8587870901896128830
-8587870901895965027
-8587870901895798911
-8587870901895637191
-8587870901895467028
-8587870901895296873
-8587870901895136614
-8587870901894971904
-8587870901894801431
-8587870901894644977
-8587870901894476396
-8587870901894306144
-8587870901894142363
-8587870901893974412
-8587870901893813532
-8587870901893650475
-8587870901893480013
-8587870901893319539
-8587870901893148834
-8587870901892978274
-8587870901892817752
-8587870901892662880
-8587870901892482185
-8587870901892318745
-8587870901892157539
-8587870901891989655
-8587870901891833907
-8587870901891656351
-8587870901891491738
-8587870901891323280
-8587870901891155424
