----------New Stimuli List Generated----------
-8587874319775475550
StretchableCube-Orange:-0.08217161,1.147037,0.3763456,0.1152099,0.5386649,-0.09733343,0.8289108,0,0,0
StretchableCube-Blue:-0.03957204,0.9100994,0.2073572,-0.5256491,-0.6149041,0.5873306,0.02507265,0,0,0
StretchableCube-Yellow:0.06309633,1.069112,0.3328374,-0.4044709,-0.09630243,0.7247909,0.5493701,0,0,0
-8587874319775405593
StretchableCube-Orange:-0.08217161,1.147037,0.3763456,0.1152099,0.5386649,-0.09733343,0.8289108,4E-05,4E-05,4E-05
StretchableCube-Blue:-0.03957204,0.9100994,0.2073572,-0.5256491,-0.6149041,0.5873306,0.02507265,2E-05,2E-05,2E-05
StretchableCube-Yellow:0.06309633,1.069112,0.3328374,-0.4044709,-0.09630243,0.7247909,0.5493701,0,0,0
-8587874319772926432
StretchableCube-Orange:-0.08217161,1.147037,0.3763456,0.1152099,0.5386649,-0.09733343,0.8289108,0.000578523,0.000578523,0.000578523
StretchableCube-Blue:-0.03957204,0.9100994,0.2073572,-0.5256491,-0.6149041,0.5873306,0.02507265,0.0003192615,0.0003192615,0.0003192615
StretchableCube-Yellow:0.06309633,1.069112,0.3328374,-0.4044709,-0.09630243,0.7247909,0.5493701,6E-05,6E-05,6E-05
-8587874319772616106
StretchableCube-Orange:-0.08217161,1.147037,0.3763456,0.1152099,0.5386649,-0.09733343,0.8289108,0.001433902,0.001433902,0.001433902
StretchableCube-Blue:-0.03957204,0.9100994,0.2073572,-0.5256491,-0.6149041,0.5873306,0.02507265,0.001135843,0.001135843,0.001135843
StretchableCube-Yellow:0.06309633,1.069112,0.3328374,-0.4044709,-0.09630243,0.7247909,0.5493701,0.0008377845,0.0008377845,0.0008377845
-8587874319772436076
StretchableCube-Orange:-0.08217161,1.147037,0.3763456,0.1152099,0.5386649,-0.09733343,0.8289108,0.002363597,0.002363597,0.002363597
StretchableCube-Blue:-0.03957204,0.9100994,0.2073572,-0.5256491,-0.6149041,0.5873306,0.02507265,0.002047779,0.002047779,0.002047779
StretchableCube-Yellow:0.06309633,1.069112,0.3328374,-0.4044709,-0.09630243,0.7247909,0.5493701,0.001731961,0.001731961,0.001731961
-8587874319772275664
StretchableCube-Orange:-0.08217161,1.147037,0.3763456,0.1152099,0.5386649,-0.09733343,0.8289108,0.003344185,0.003344185,0.003344185
StretchableCube-Blue:-0.03957204,0.9100994,0.2073572,-0.5256491,-0.6149041,0.5873306,0.02507265,0.0030118,0.0030118,0.0030118
StretchableCube-Yellow:0.06309633,1.069112,0.3328374,-0.4044709,-0.09630243,0.7247909,0.5493701,0.002679415,0.002679415,0.002679415
-8587874319772109215
StretchableCube-Orange:-0.08217161,1.147037,0.3763456,0.1152099,0.5386649,-0.09733343,0.8289108,0.004374473,0.004374473,0.004374473
StretchableCube-Blue:-0.03957204,0.9100994,0.2073572,-0.5256491,-0.6149041,0.5873306,0.02507265,0.004025522,0.004025522,0.004025522
StretchableCube-Yellow:0.06309633,1.069112,0.3328374,-0.4044709,-0.09630243,0.7247909,0.5493701,0.00367657,0.00367657,0.00367657
-8587874319771933043
StretchableCube-Orange:-0.08217161,1.147037,0.3763456,0.1152099,0.5386649,-0.09733343,0.8289108,0.005454487,0.005454487,0.005454487
StretchableCube-Blue:-0.03957204,0.9100994,0.2073572,-0.5256491,-0.6149041,0.5873306,0.02507265,0.005088956,0.005088956,0.005088956
StretchableCube-Yellow:0.06309633,1.069112,0.3328374,-0.4044709,-0.09630243,0.7247909,0.5493701,0.004723425,0.004723425,0.004723425
-8587874319771772751
StretchableCube-Orange:-0.08217161,1.147037,0.3763456,0.1152099,0.5386649,-0.09733343,0.8289108,0.006584188,0.006584188,0.006584188
StretchableCube-Blue:-0.03957204,0.9100994,0.2073572,-0.5256491,-0.6149041,0.5873306,0.02507265,0.006202103,0.006202103,0.006202103
StretchableCube-Yellow:0.06309633,1.069112,0.3328374,-0.4044709,-0.09630243,0.7247909,0.5493701,0.005820018,0.005820018,0.005820018
-8587874319771602729
StretchableCube-Orange:-0.08217161,1.147037,0.3763456,0.1152099,0.5386649,-0.09733343,0.8289108,0.007763596,0.007763596,0.007763596
StretchableCube-Blue:-0.03957204,0.9100994,0.2073572,-0.5256491,-0.6149041,0.5873306,0.02507265,0.007364934,0.007364934,0.007364934
StretchableCube-Yellow:0.06309633,1.069112,0.3328374,-0.4044709,-0.09630243,0.7247909,0.5493701,0.006966273,0.006966273,0.006966273
-8587874319771442585
StretchableCube-Orange:-0.08217161,1.147037,0.3763456,0.1152099,0.5386649,-0.09733343,0.8289108,0.008992694,0.008992694,0.008992694
StretchableCube-Blue:-0.03957204,0.9100994,0.2073572,-0.5256491,-0.6149041,0.5873306,0.02507265,0.008577476,0.008577476,0.008577476
StretchableCube-Yellow:0.06309633,1.069112,0.3328374,-0.4044709,-0.09630243,0.7247909,0.5493701,0.008162258,0.008162258,0.008162258
-8587874319771272422
StretchableCube-Orange:-0.08217161,1.147037,0.3763456,0.1152099,0.5386649,-0.09733343,0.8289108,0.01027148,0.01027148,0.01027148
StretchableCube-Blue:-0.03957204,0.9100994,0.2073572,-0.5256491,-0.6149041,0.5873306,0.02507265,0.009839699,0.009839699,0.009839699
StretchableCube-Yellow:0.06309633,1.069112,0.3328374,-0.4044709,-0.09630243,0.7247909,0.5493701,0.009407913,0.009407913,0.009407913
-8587874319771101825
StretchableCube-Orange:-0.08217161,1.147037,0.3763456,0.1152099,0.5386649,-0.09733343,0.8289108,0.01160059,0.01160059,0.01160059
StretchableCube-Blue:-0.03957204,0.9100994,0.2073572,-0.5256491,-0.6149041,0.5873306,0.02507265,0.01115193,0.01115193,0.01115193
StretchableCube-Yellow:0.06309633,1.069112,0.3328374,-0.4044709,-0.09630243,0.7247909,0.5493701,0.01070327,0.01070327,0.01070327
-8587874319770932020
StretchableCube-Orange:-0.08217161,1.147037,0.3763456,0.1152099,0.5386649,-0.09733343,0.8289108,0.01298056,0.01298056,0.01298056
StretchableCube-Blue:-0.03957204,0.9100994,0.2073572,-0.5256491,-0.6149041,0.5873306,0.02507265,0.01251491,0.01251491,0.01251491
StretchableCube-Yellow:0.06309633,1.069112,0.3328374,-0.4044709,-0.09630243,0.7247909,0.5493701,0.01204925,0.01204925,0.01204925
-8587874319770785767
StretchableCube-Orange:-0.08217161,1.147037,0.3763456,0.1152099,0.5386649,-0.09733343,0.8289108,0.01440919,0.01440919,0.01440919
StretchableCube-Blue:-0.03957204,0.9100994,0.2073572,-0.5256491,-0.6149041,0.5873306,0.02507265,0.01392771,0.01392771,0.01392771
StretchableCube-Yellow:0.06309633,1.069112,0.3328374,-0.4044709,-0.09630243,0.7247909,0.5493701,0.01344622,0.01344622,0.01344622
-8587874319770613029
StretchableCube-Orange:-0.08217161,1.147037,0.3763456,0.1152099,0.5386649,-0.09733343,0.8289108,0.01588783,0.01588783,0.01588783
StretchableCube-Blue:-0.03957204,0.9100994,0.2073572,-0.5256491,-0.6149041,0.5873306,0.02507265,0.01538925,0.01538925,0.01538925
StretchableCube-Yellow:0.06309633,1.069112,0.3328374,-0.4044709,-0.09630243,0.7247909,0.5493701,0.01489068,0.01489068,0.01489068
-8587874319770455993
StretchableCube-Orange:-0.08217161,1.147037,0.3763456,0.1152099,0.5386649,-0.09733343,0.8289108,0.01741564,0.01741564,0.01741564
StretchableCube-Blue:-0.03957204,0.9100994,0.2073572,-0.5256491,-0.6149041,0.5873306,0.02507265,0.01690102,0.01690102,0.01690102
StretchableCube-Yellow:0.06309633,1.069112,0.3328374,-0.4044709,-0.09630243,0.7247909,0.5493701,0.0163864,0.0163864,0.0163864
-8587874319770285927
StretchableCube-Orange:-0.08217161,1.147037,0.3763456,0.1152099,0.5386649,-0.09733343,0.8289108,0.01899263,0.01899263,0.01899263
StretchableCube-Blue:-0.03957204,0.9100994,0.2073572,-0.5256491,-0.6149041,0.5873306,0.02507265,0.01846145,0.01846145,0.01846145
StretchableCube-Yellow:0.06309633,1.069112,0.3328374,-0.4044709,-0.09630243,0.7247909,0.5493701,0.01793026,0.01793026,0.01793026
-8587874319770115351
StretchableCube-Orange:-0.08217161,1.147037,0.3763456,0.1152099,0.5386649,-0.09733343,0.8289108,0.02061933,0.02061933,0.02061933
StretchableCube-Blue:-0.03957204,0.9100994,0.2073572,-0.5256491,-0.6149041,0.5873306,0.02507265,0.02007157,0.02007157,0.02007157
StretchableCube-Yellow:0.06309633,1.069112,0.3328374,-0.4044709,-0.09630243,0.7247909,0.5493701,0.01952382,0.01952382,0.01952382
-8587874319769945188
StretchableCube-Orange:-0.08217161,1.147037,0.3763456,0.1152099,0.5386649,-0.09733343,0.8289108,0.02229575,0.02229575,0.02229575
StretchableCube-Blue:-0.03957204,0.9100994,0.2073572,-0.5256491,-0.6149041,0.5873306,0.02507265,0.02173142,0.02173142,0.02173142
StretchableCube-Yellow:0.06309633,1.069112,0.3328374,-0.4044709,-0.09630243,0.7247909,0.5493701,0.02116709,0.02116709,0.02116709
-8587874319769775134
StretchableCube-Orange:-0.08217161,1.147037,0.3763456,0.1152099,0.5386649,-0.09733343,0.8289108,0.02402281,0.02402281,0.02402281
StretchableCube-Blue:-0.03957204,0.9100994,0.2073572,-0.5256491,-0.6149041,0.5873306,0.02507265,0.02344145,0.02344145,0.02344145
StretchableCube-Yellow:0.06309633,1.069112,0.3328374,-0.4044709,-0.09630243,0.7247909,0.5493701,0.02286008,0.02286008,0.02286008
-8587874319769627074
StretchableCube-Orange:-0.08217161,1.147037,0.3763456,0.1152099,0.5386649,-0.09733343,0.8289108,0.02579908,0.02579908,0.02579908
StretchableCube-Blue:-0.03957204,0.9100994,0.2073572,-0.5256491,-0.6149041,0.5873306,0.02507265,0.02520163,0.02520163,0.02520163
StretchableCube-Yellow:0.06309633,1.069112,0.3328374,-0.4044709,-0.09630243,0.7247909,0.5493701,0.02460418,0.02460418,0.02460418
-8587874319769451169
StretchableCube-Orange:-0.08217161,1.147037,0.3763456,0.1152099,0.5386649,-0.09733343,0.8289108,0.02762457,0.02762457,0.02762457
StretchableCube-Blue:-0.03957204,0.9100994,0.2073572,-0.5256491,-0.6149041,0.5873306,0.02507265,0.02701055,0.02701055,0.02701055
StretchableCube-Yellow:0.06309633,1.069112,0.3328374,-0.4044709,-0.09630243,0.7247909,0.5493701,0.02639653,0.02639653,0.02639653
-8587874319769285119
StretchableCube-Orange:-0.08217161,1.147037,0.3763456,0.1152099,0.5386649,-0.09733343,0.8289108,0.02949976,0.02949976,0.02949976
StretchableCube-Blue:-0.03957204,0.9100994,0.2073572,-0.5256491,-0.6149041,0.5873306,0.02507265,0.02886917,0.02886917,0.02886917
StretchableCube-Yellow:0.06309633,1.069112,0.3328374,-0.4044709,-0.09630243,0.7247909,0.5493701,0.02823859,0.02823859,0.02823859
-8587874319769114823
StretchableCube-Orange:-0.08217161,1.147037,0.3763456,0.1152099,0.5386649,-0.09733343,0.8289108,0.03142508,0.03142508,0.03142508
StretchableCube-Blue:-0.03957204,0.9100994,0.2073572,-0.5256491,-0.6149041,0.5873306,0.02507265,0.03077771,0.03077771,0.03077771
StretchableCube-Yellow:0.06309633,1.069112,0.3328374,-0.4044709,-0.09630243,0.7247909,0.5493701,0.03013034,0.03013034,0.03013034
-8587874319768954671
StretchableCube-Orange:-0.08217161,1.147037,0.3763456,0.1152099,0.5386649,-0.09733343,0.8289108,0.03339988,0.03339988,0.03339988
StretchableCube-Blue:-0.03957204,0.9100994,0.2073572,-0.5256491,-0.6149041,0.5873306,0.02507265,0.03273617,0.03273617,0.03273617
StretchableCube-Yellow:0.06309633,1.069112,0.3328374,-0.4044709,-0.09630243,0.7247909,0.5493701,0.03207245,0.03207245,0.03207245
-8587874319768782795
StretchableCube-Orange:-0.08217161,1.147037,0.3763456,0.1152099,0.5386649,-0.09733343,0.8289108,0.03542464,0.03542464,0.03542464
StretchableCube-Blue:-0.03957204,0.9100994,0.2073572,-0.5256491,-0.6149041,0.5873306,0.02507265,0.03474412,0.03474412,0.03474412
StretchableCube-Yellow:0.06309633,1.069112,0.3328374,-0.4044709,-0.09630243,0.7247909,0.5493701,0.0340636,0.0340636,0.0340636
-8587874319768626837
StretchableCube-Orange:-0.08217161,1.147037,0.3763456,0.1152099,0.5386649,-0.09733343,0.8289108,0.03749948,0.03749948,0.03749948
StretchableCube-Blue:-0.03957204,0.9100994,0.2073572,-0.5256491,-0.6149041,0.5873306,0.02507265,0.03680232,0.03680232,0.03680232
StretchableCube-Yellow:0.06309633,1.069112,0.3328374,-0.4044709,-0.09630243,0.7247909,0.5493701,0.03610516,0.03610516,0.03610516
-8587874319768463079
StretchableCube-Orange:-0.08217161,1.147037,0.3763456,0.1152099,0.5386649,-0.09733343,0.8289108,0.03962347,0.03962347,0.03962347
StretchableCube-Blue:-0.03957204,0.9100994,0.2073572,-0.5256491,-0.6149041,0.5873306,0.02507265,0.03891006,0.03891006,0.03891006
StretchableCube-Yellow:0.06309633,1.069112,0.3328374,-0.4044709,-0.09630243,0.7247909,0.5493701,0.03819664,0.03819664,0.03819664
-8587874319768287350
StretchableCube-Orange:-0.08217161,1.147037,0.3763456,0.1152099,0.5386649,-0.09733343,0.8289108,0.04179715,0.04179715,0.04179715
StretchableCube-Blue:-0.03957204,0.9100994,0.2073572,-0.5256491,-0.6149041,0.5873306,0.02507265,0.04106702,0.04106702,0.04106702
StretchableCube-Yellow:0.06309633,1.069112,0.3328374,-0.4044709,-0.09630243,0.7247909,0.5493701,0.0403369,0.0403369,0.0403369
-8587874319768121109
StretchableCube-Orange:-0.08217161,1.147037,0.3763456,0.1152099,0.5386649,-0.09733343,0.8289108,0.04402075,0.04402075,0.04402075
StretchableCube-Blue:-0.03957204,0.9100994,0.2073572,-0.5256491,-0.6149041,0.5873306,0.02507265,0.04327402,0.04327402,0.04327402
StretchableCube-Yellow:0.06309633,1.069112,0.3328374,-0.4044709,-0.09630243,0.7247909,0.5493701,0.04252728,0.04252728,0.04252728
-8587874319767957586
StretchableCube-Orange:-0.08217161,1.147037,0.3763456,0.1152099,0.5386649,-0.09733343,0.8289108,0.04629372,0.04629372,0.04629372
StretchableCube-Blue:-0.03957204,0.9100994,0.2073572,-0.5256491,-0.6149041,0.5873306,0.02507265,0.04553061,0.04553061,0.04553061
StretchableCube-Yellow:0.06309633,1.069112,0.3328374,-0.4044709,-0.09630243,0.7247909,0.5493701,0.04476749,0.04476749,0.04476749
-8587874319767810032
StretchableCube-Orange:-0.08217161,1.147037,0.3763456,0.1152099,0.5386649,-0.09733343,0.8289108,0.04861621,0.04861621,0.04861621
StretchableCube-Blue:-0.03957204,0.9100994,0.2073572,-0.5256491,-0.6149041,0.5873306,0.02507265,0.04783653,0.04783653,0.04783653
StretchableCube-Yellow:0.06309633,1.069112,0.3328374,-0.4044709,-0.09630243,0.7247909,0.5493701,0.04705685,0.04705685,0.04705685
-8587874319767621946
StretchableCube-Orange:-0.08217161,1.147037,0.3763456,0.1152099,0.5386649,-0.09733343,0.8289108,0.05098923,0.05098923,0.05098923
StretchableCube-Blue:-0.03957204,0.9100994,0.2073572,-0.5256491,-0.6149041,0.5873306,0.02507265,0.05019256,0.05019256,0.05019256
StretchableCube-Yellow:0.06309633,1.069112,0.3328374,-0.4044709,-0.09630243,0.7247909,0.5493701,0.0493959,0.0493959,0.0493959
-8587874319767464895
StretchableCube-Orange:-0.08217161,1.147037,0.3763456,0.1152099,0.5386649,-0.09733343,0.8289108,0.05341152,0.05341152,0.05341152
StretchableCube-Blue:-0.03957204,0.9100994,0.2073572,-0.5256491,-0.6149041,0.5873306,0.02507265,0.05259871,0.05259871,0.05259871
StretchableCube-Yellow:0.06309633,1.069112,0.3328374,-0.4044709,-0.09630243,0.7247909,0.5493701,0.05178589,0.05178589,0.05178589
-8587874319767295026
-8587874319767134678
-8587874319766963987
-8587874319766811042
-8587874319766630219
-8587874319766470047
-8587874319766299718
-8587874319766129160
-8587874319765965338
-8587874319765807291
-8587874319765633065
-8587874319765474869
-8587874319765323424
-8587874319765162462
-8587874319764991904
-8587874319764838066
-8587874319764667902
-8587874319764497754
-8587874319764327591
-8587874319764157302
-8587874319763997274
-8587874319763847129
-8587874319763666951
-8587874319763506803
-8587874319763336376
-8587874319763164988
-8587874319763004968
-8587874319762848009
-8587874319762677830
-8587874319762507695
-8587874319762347538
-8587874319762177544
-8587874319762017569
-8587874319761847252
-8587874319761677120
-8587874319761516613
-8587874319761346301
-8587874319761186137
-8587874319761025619
-8587874319760854693
-8587874319760684522
-8587874319760523856
-8587874319760354668
-8587874319760194005
-8587874319760033004
-8587874319759858217
-8587874319759693388
-8587874319759527713
-8587874319759362357
-8587874319759200009
-8587874319759039579
-8587874319758869853
-8587874319758699247
-8587874319758538507
-8587874319758367824
-8587874319758203702
-8587874319758043328
-8587874319757874713
-8587874319757704573
-8587874319757543979
-8587874319757372945
-8587874319757212387
-8587874319757041735
-8587874319756881189
-8587874319756713337
-8587874319756542903
-8587874319756382987
-8587874319756222126
-8587874319756041518
-8587874319755884979
-8587874319755722992
-8587874319755552829
-8587874319755384319
-8587874319755223589
-8587874319755052430
-8587874319754888523
-8587874319754718611
-8587874319754558047
-8587874319754394589
-8587874319754227344
-8587874319754061691
-8587874319753889736
-8587874319753729205
-8587874319753565742
-8587874319753395338
-8587874319753235184
-8587874319753065020
-8587874319752894842
-8587874319752734703
-8587874319752564540
-8587874319752404368
-8587874319752244137
-8587874319752074053
-8587874319751903575
-8587874319751744796
-8587874319751573296
-8587874319751422712
-8587874319751242160
-8587874319751081376
-8587874319750920088
-8587874319750754246
-8587874319750581648
-8587874319750426164
-8587874319750246173
-8587874319750086042
-8587874319749915881
-8587874319749755727
-8587874319749590384
-8587874319749424084
-8587874319749258431
-8587874319749090144
-8587874319748923713
-8587874319748757172
-8587874319748590278
-8587874319748439706
-8587874319748259293
-8587874319748098796
-8587874319747928635
-8587874319747767790
-8587874319747591923
-8587874319747438986
-8587874319747269623
-8587874319747099460
-8587874319746936398
-8587874319746774864
-8587874319746603854
-8587874319746453144
-8587874319746273132
-8587874319746112323
-8587874319745940326
-8587874319745769989
-8587874319745619847
-8587874319745449668
-8587874319745283732
-8587874319745113571
-8587874319744953417
-8587874319744782524
-8587874319744627777
-8587874319744451531
-8587874319744288021
-8587874319744116516
-8587874319743950845
-8587874319743790221
-8587874319743629798
-8587874319743459187
-8587874319743289118
-8587874319743131867
-8587874319742961821
-8587874319742795647
-8587874319742635493
-8587874319742463914
-8587874319742304886
-8587874319742134677
-8587874319741964375
-8587874319741804352
-8587874319741644103
-8587874319741464035
-8587874319741303881
-8587874319741133580
-8587874319740973418
-8587874319740803263
-8587874319740653100
-8587874319740473990
-8587874319740309494
-8587874319740149340
-8587874319739984041
-8587874319739813878
-8587874319739648105
-8587874319739476840
-8587874319739322040
-8587874319739155081
-8587874319738982488
-8587874319738824408
-8587874319738659224
-8587874319738489921
-8587874319738319381
-8587874319738158946
-8587874319737988828
-8587874319730488200
-8587874319730328049
-8587874319730167898
StretchableCube-Orange:-0.08217161,1.147037,0.3763456,0.1152099,0.5386649,-0.09733343,0.8289108,0.05093994,0.05093994,0.05093994
StretchableCube-Blue:-0.03957204,0.9100994,0.2073572,-0.5256491,-0.6149041,0.5873306,0.02507265,0.05014369,0.05014369,0.05014369
StretchableCube-Yellow:0.06309633,1.069112,0.3328374,-0.4044709,-0.09630243,0.7247909,0.5493701,0.04934744,0.04934744,0.04934744
-8587874319729997612
StretchableCube-Orange:-0.08217161,1.147037,0.3763456,0.1152099,0.5386649,-0.09733343,0.8289108,0.04841865,0.04841865,0.04841865
StretchableCube-Blue:-0.03957204,0.9100994,0.2073572,-0.5256491,-0.6149041,0.5873306,0.02507265,0.04763897,0.04763897,0.04763897
StretchableCube-Yellow:0.06309633,1.069112,0.3328374,-0.4044709,-0.09630243,0.7247909,0.5493701,0.04685929,0.04685929,0.04685929
-8587874319729827563
StretchableCube-Orange:-0.08217161,1.147037,0.3763456,0.1152099,0.5386649,-0.09733343,0.8289108,0.04584767,0.04584767,0.04584767
StretchableCube-Blue:-0.03957204,0.9100994,0.2073572,-0.5256491,-0.6149041,0.5873306,0.02507265,0.04508455,0.04508455,0.04508455
StretchableCube-Yellow:0.06309633,1.069112,0.3328374,-0.4044709,-0.09630243,0.7247909,0.5493701,0.04432143,0.04432143,0.04432143
-8587874319729657234
StretchableCube-Orange:-0.08217161,1.147037,0.3763456,0.1152099,0.5386649,-0.09733343,0.8289108,0.04322593,0.04322593,0.04322593
StretchableCube-Blue:-0.03957204,0.9100994,0.2073572,-0.5256491,-0.6149041,0.5873306,0.02507265,0.04247991,0.04247991,0.04247991
StretchableCube-Yellow:0.06309633,1.069112,0.3328374,-0.4044709,-0.09630243,0.7247909,0.5493701,0.04173388,0.04173388,0.04173388
-8587874319729497154
StretchableCube-Orange:-0.08217161,1.147037,0.3763456,0.1152099,0.5386649,-0.09733343,0.8289108,0.04055501,0.04055501,0.04055501
StretchableCube-Blue:-0.03957204,0.9100994,0.2073572,-0.5256491,-0.6149041,0.5873306,0.02507265,0.03982503,0.03982503,0.03982503
StretchableCube-Yellow:0.06309633,1.069112,0.3328374,-0.4044709,-0.09630243,0.7247909,0.5493701,0.03909505,0.03909505,0.03909505
-8587874319729326991
StretchableCube-Orange:-0.08217161,1.147037,0.3763456,0.1152099,0.5386649,-0.09733343,0.8289108,0.03783492,0.03783492,0.03783492
StretchableCube-Blue:-0.03957204,0.9100994,0.2073572,-0.5256491,-0.6149041,0.5873306,0.02507265,0.03712151,0.03712151,0.03712151
StretchableCube-Yellow:0.06309633,1.069112,0.3328374,-0.4044709,-0.09630243,0.7247909,0.5493701,0.0364081,0.0364081,0.0364081
-8587874319729176846
StretchableCube-Orange:-0.08217161,1.147037,0.3763456,0.1152099,0.5386649,-0.09733343,0.8289108,0.03506514,0.03506514,0.03506514
StretchableCube-Blue:-0.03957204,0.9100994,0.2073572,-0.5256491,-0.6149041,0.5873306,0.02507265,0.03436829,0.03436829,0.03436829
StretchableCube-Yellow:0.06309633,1.069112,0.3328374,-0.4044709,-0.09630243,0.7247909,0.5493701,0.03367144,0.03367144,0.03367144
-8587874319729000278
StretchableCube-Orange:-0.08217161,1.147037,0.3763456,0.1152099,0.5386649,-0.09733343,0.8289108,0.03224565,0.03224565,0.03224565
StretchableCube-Blue:-0.03957204,0.9100994,0.2073572,-0.5256491,-0.6149041,0.5873306,0.02507265,0.03156537,0.03156537,0.03156537
StretchableCube-Yellow:0.06309633,1.069112,0.3328374,-0.4044709,-0.09630243,0.7247909,0.5493701,0.03088509,0.03088509,0.03088509
-8587874319728825665
StretchableCube-Orange:-0.08217161,1.147037,0.3763456,0.1152099,0.5386649,-0.09733343,0.8289108,0.02937477,0.02937477,0.02937477
StretchableCube-Blue:-0.03957204,0.9100994,0.2073572,-0.5256491,-0.6149041,0.5873306,0.02507265,0.0287119,0.0287119,0.0287119
StretchableCube-Yellow:0.06309633,1.069112,0.3328374,-0.4044709,-0.09630243,0.7247909,0.5493701,0.02804904,0.02804904,0.02804904
-8587874319728665511
StretchableCube-Orange:-0.08217161,1.147037,0.3763456,0.1152099,0.5386649,-0.09733343,0.8289108,0.02645442,0.02645442,0.02645442
StretchableCube-Blue:-0.03957204,0.9100994,0.2073572,-0.5256491,-0.6149041,0.5873306,0.02507265,0.02580758,0.02580758,0.02580758
StretchableCube-Yellow:0.06309633,1.069112,0.3328374,-0.4044709,-0.09630243,0.7247909,0.5493701,0.02516075,0.02516075,0.02516075
-8587874319728504485
StretchableCube-Orange:-0.08217161,1.147037,0.3763456,0.1152099,0.5386649,-0.09733343,0.8289108,0.02348552,0.02348552,0.02348552
StretchableCube-Blue:-0.03957204,0.9100994,0.2073572,-0.5256491,-0.6149041,0.5873306,0.02507265,0.02285494,0.02285494,0.02285494
StretchableCube-Yellow:0.06309633,1.069112,0.3328374,-0.4044709,-0.09630243,0.7247909,0.5493701,0.02222436,0.02222436,0.02222436
-8587874319728333627
StretchableCube-Orange:-0.08217161,1.147037,0.3763456,0.1152099,0.5386649,-0.09733343,0.8289108,0.02046656,0.02046656,0.02046656
StretchableCube-Blue:-0.03957204,0.9100994,0.2073572,-0.5256491,-0.6149041,0.5873306,0.02507265,0.01985288,0.01985288,0.01985288
StretchableCube-Yellow:0.06309633,1.069112,0.3328374,-0.4044709,-0.09630243,0.7247909,0.5493701,0.01923921,0.01923921,0.01923921
-8587874319728177201
StretchableCube-Orange:-0.08217161,1.147037,0.3763456,0.1152099,0.5386649,-0.09733343,0.8289108,0.01739824,0.01739824,0.01739824
StretchableCube-Blue:-0.03957204,0.9100994,0.2073572,-0.5256491,-0.6149041,0.5873306,0.02507265,0.01680079,0.01680079,0.01680079
StretchableCube-Yellow:0.06309633,1.069112,0.3328374,-0.4044709,-0.09630243,0.7247909,0.5493701,0.01620334,0.01620334,0.01620334
-8587874319728006766
StretchableCube-Orange:-0.08217161,1.147037,0.3763456,0.1152099,0.5386649,-0.09733343,0.8289108,0.01428055,0.01428055,0.01428055
StretchableCube-Blue:-0.03957204,0.9100994,0.2073572,-0.5256491,-0.6149041,0.5873306,0.02507265,0.01369967,0.01369967,0.01369967
StretchableCube-Yellow:0.06309633,1.069112,0.3328374,-0.4044709,-0.09630243,0.7247909,0.5493701,0.01311879,0.01311879,0.01311879
-8587874319727836664
StretchableCube-Orange:-0.08217161,1.147037,0.3763456,0.1152099,0.5386649,-0.09733343,0.8289108,0.01111243,0.01111243,0.01111243
StretchableCube-Blue:-0.03957204,0.9100994,0.2073572,-0.5256491,-0.6149041,0.5873306,0.02507265,0.01054848,0.01054848,0.01054848
StretchableCube-Yellow:0.06309633,1.069112,0.3328374,-0.4044709,-0.09630243,0.7247909,0.5493701,0.00998454,0.00998454,0.00998454
-8587874319727676492
StretchableCube-Orange:-0.08217161,1.147037,0.3763456,0.1152099,0.5386649,-0.09733343,0.8289108,0.007894984,0.007894984,0.007894984
StretchableCube-Blue:-0.03957204,0.9100994,0.2073572,-0.5256491,-0.6149041,0.5873306,0.02507265,0.007347233,0.007347233,0.007347233
StretchableCube-Yellow:0.06309633,1.069112,0.3328374,-0.4044709,-0.09630243,0.7247909,0.5493701,0.00679949,0.00679949,0.00679949
-8587874319727505986
StretchableCube-Orange:-0.08217161,1.147037,0.3763456,0.1152099,0.5386649,-0.09733343,0.8289108,0.004627616,0.004627616,0.004627616
StretchableCube-Blue:-0.03957204,0.9100994,0.2073572,-0.5256491,-0.6149041,0.5873306,0.02507265,0.004096723,0.004096723,0.004096723
StretchableCube-Yellow:0.06309633,1.069112,0.3328374,-0.4044709,-0.09630243,0.7247909,0.5493701,0.003565837,0.003565837,0.003565837
-8587874319727354500
StretchableCube-Orange:-0.08217161,1.147037,0.3763456,0.1152099,0.5386649,-0.09733343,0.8289108,0.001310839,0.001310839,0.001310839
StretchableCube-Blue:-0.03957204,0.9100994,0.2073572,-0.5256491,-0.6149041,0.5873306,0.02507265,0.0007962219,0.0007962219,0.0007962219
StretchableCube-Yellow:0.06309633,1.069112,0.3328374,-0.4044709,-0.09630243,0.7247909,0.5493701,0.0002816131,0.0002816131,0.0002816131
-8587874319727173201
StretchableCube-Orange:0.15,0.98,0.3,0.1152099,0.5386649,-0.09733343,0.8289108,-0.002055364,-0.002055364,-0.002055364
StretchableCube-Blue:0,0.98,0.3,-0.5256491,-0.6149041,0.5873306,0.02507265,-0.002553406,-0.002553406,-0.002553406
StretchableCube-Yellow:-0.15,0.98,0.3,-0.4044709,-0.09630243,0.7247909,0.5493701,-0.003051441,-0.003051441,-0.003051441
-8587874319727012259
StretchableCube-Orange:0.15,0.98,0.3,0.1152099,0.5386649,-0.09733343,0.8289108,0.00136053,0.00136053,0.00136053
StretchableCube-Blue:0,0.98,0.3,-0.5256491,-0.6149041,0.5873306,0.02507265,0.0008459294,0.0008459294,0.0008459294
StretchableCube-Yellow:-0.15,0.98,0.3,-0.4044709,-0.09630243,0.7247909,0.5493701,0.0003313366,0.0003313366,0.0003313366
-8587874319726851618
StretchableCube-Orange:0.15,0.98,0.3,0.1152099,0.5386649,-0.09733343,0.8289108,0.004826116,0.004826116,0.004826116
StretchableCube-Blue:0,0.98,0.3,-0.5256491,-0.6149041,0.5873306,0.02507265,0.004294949,0.004294949,0.004294949
StretchableCube-Yellow:-0.15,0.98,0.3,-0.4044709,-0.09630243,0.7247909,0.5493701,0.003763789,0.003763789,0.003763789
-8587874319726678153
StretchableCube-Orange:0.15,0.98,0.3,0.1152099,0.5386649,-0.09733343,0.8289108,0.008341876,0.008341876,0.008341876
StretchableCube-Blue:0,0.98,0.3,-0.5256491,-0.6149041,0.5873306,0.02507265,0.007793904,0.007793904,0.007793904
StretchableCube-Yellow:-0.15,0.98,0.3,-0.4044709,-0.09630243,0.7247909,0.5493701,0.007245942,0.007245942,0.007245942
-8587874319726507229
StretchableCube-Orange:0.15,0.98,0.3,0.1152099,0.5386649,-0.09733343,0.8289108,0.01190867,0.01190867,0.01190867
StretchableCube-Blue:0,0.98,0.3,-0.5256491,-0.6149041,0.5873306,0.02507265,0.01134358,0.01134358,0.01134358
StretchableCube-Yellow:-0.15,0.98,0.3,-0.4044709,-0.09630243,0.7247909,0.5493701,0.0107785,0.0107785,0.0107785
-8587874319726344428
StretchableCube-Orange:0.15,0.98,0.3,0.1152099,0.5386649,-0.09733343,0.8289108,0.01552507,0.01552507,0.01552507
StretchableCube-Blue:0,0.98,0.3,-0.5256491,-0.6149041,0.5873306,0.02507265,0.01494373,0.01494373,0.01494373
StretchableCube-Yellow:-0.15,0.98,0.3,-0.4044709,-0.09630243,0.7247909,0.5493701,0.01436241,0.01436241,0.01436241
-8587874319726184046
StretchableCube-Orange:0.15,0.98,0.3,0.1152099,0.5386649,-0.09733343,0.8289108,0.01918991,0.01918991,0.01918991
StretchableCube-Blue:0,0.98,0.3,-0.5256491,-0.6149041,0.5873306,0.02507265,0.01859248,0.01859248,0.01859248
StretchableCube-Yellow:-0.15,0.98,0.3,-0.4044709,-0.09630243,0.7247909,0.5493701,0.01799506,0.01799506,0.01799506
-8587874319726019797
StretchableCube-Orange:0.15,0.98,0.3,0.1152099,0.5386649,-0.09733343,0.8289108,0.022904,0.022904,0.022904
StretchableCube-Blue:0,0.98,0.3,-0.5256491,-0.6149041,0.5873306,0.02507265,0.02229,0.02229,0.02229
StretchableCube-Yellow:-0.15,0.98,0.3,-0.4044709,-0.09630243,0.7247909,0.5493701,0.02167601,0.02167601,0.02167601
-8587874319725849633
StretchableCube-Orange:0.15,0.98,0.3,0.1152099,0.5386649,-0.09733343,0.8289108,0.02666833,0.02666833,0.02666833
StretchableCube-Blue:0,0.98,0.3,-0.5256491,-0.6149041,0.5873306,0.02507265,0.02603749,0.02603749,0.02603749
StretchableCube-Yellow:-0.15,0.98,0.3,-0.4044709,-0.09630243,0.7247909,0.5493701,0.02540666,0.02540666,0.02540666
-8587874319725679224
StretchableCube-Orange:0.15,0.98,0.3,0.1152099,0.5386649,-0.09733343,0.8289108,0.03048355,0.03048355,0.03048355
StretchableCube-Blue:0,0.98,0.3,-0.5256491,-0.6149041,0.5873306,0.02507265,0.02983569,0.02983569,0.02983569
StretchableCube-Yellow:-0.15,0.98,0.3,-0.4044709,-0.09630243,0.7247909,0.5493701,0.02918783,0.02918783,0.02918783
-8587874319725518512
StretchableCube-Orange:0.15,0.98,0.3,0.1152099,0.5386649,-0.09733343,0.8289108,0.0343479,0.0343479,0.0343479
StretchableCube-Blue:0,0.98,0.3,-0.5256491,-0.6149041,0.5873306,0.02507265,0.03368399,0.03368399,0.03368399
StretchableCube-Yellow:-0.15,0.98,0.3,-0.4044709,-0.09630243,0.7247909,0.5493701,0.03302008,0.03302008,0.03302008
-8587874319725350881
StretchableCube-Orange:0.15,0.98,0.3,0.1152099,0.5386649,-0.09733343,0.8289108,0.03826193,0.03826193,0.03826193
StretchableCube-Blue:0,0.98,0.3,-0.5256491,-0.6149041,0.5873306,0.02507265,0.0375812,0.0375812,0.0375812
StretchableCube-Yellow:-0.15,0.98,0.3,-0.4044709,-0.09630243,0.7247909,0.5493701,0.03690048,0.03690048,0.03690048
-8587874319725180617
StretchableCube-Orange:0.15,0.98,0.3,0.1152099,0.5386649,-0.09733343,0.8289108,0.04222678,0.04222678,0.04222678
StretchableCube-Blue:0,0.98,0.3,-0.5256491,-0.6149041,0.5873306,0.02507265,0.04152905,0.04152905,0.04152905
StretchableCube-Yellow:-0.15,0.98,0.3,-0.4044709,-0.09630243,0.7247909,0.5493701,0.04083133,0.04083133,0.04083133
-8587874319725020161
StretchableCube-Orange:0.15,0.98,0.3,0.1152099,0.5386649,-0.09733343,0.8289108,0.04624075,0.04624075,0.04624075
StretchableCube-Blue:0,0.98,0.3,-0.5256491,-0.6149041,0.5873306,0.02507265,0.04552696,0.04552696,0.04552696
StretchableCube-Yellow:-0.15,0.98,0.3,-0.4044709,-0.09630243,0.7247909,0.5493701,0.04481318,0.04481318,0.04481318
-8587874319724859672
StretchableCube-Orange:0.15,0.98,0.3,0.1152099,0.5386649,-0.09733343,0.8289108,0.05030312,0.05030312,0.05030312
StretchableCube-Blue:0,0.98,0.3,-0.5256491,-0.6149041,0.5873306,0.02507265,0.04957315,0.04957315,0.04957315
StretchableCube-Yellow:-0.15,0.98,0.3,-0.4044709,-0.09630243,0.7247909,0.5493701,0.0488432,0.0488432,0.0488432
-8587874319724688643
StretchableCube-Orange:0.15,0.98,0.3,0.1152099,0.5386649,-0.09733343,0.8289108,0.05441481,0.05441481,0.05441481
StretchableCube-Blue:0,0.98,0.3,-0.5256491,-0.6149041,0.5873306,0.02507265,0.05366827,0.05366827,0.05366827
StretchableCube-Yellow:-0.15,0.98,0.3,-0.4044709,-0.09630243,0.7247909,0.5493701,0.05292175,0.05292175,0.05292175
-8587874319724520323
-8587874319724369931
-8587874319724199678
-8587874319724029366
-8587874319723858626
-8587874319723697902
-8587874319723532510
-8587874319723367305
-8587874319723195893
-8587874319723015694
-8587874319722844952
-8587874319722704469
-8587874319722534027
-8587874319722373755
-8587874319722209421
-8587874319722034501
-8587874319721869276
-8587874319721706314
-8587874319721545589
-8587874319721375016
-8587874319721215577
-8587874319721044960
-8587874319720884218
-8587874319720713977
-8587874319720553826
-8587874319720383430
-8587874319720213412
-8587874319720053266
-8587874319719883246
-8587874319719722982
-8587874319719562549
-8587874319719386698
-8587874319719165639
-8587874319719055553
-8587874319718885387
-8587874319718725239
-8587874319718565085
-8587874319718394911
-8587874319718224758
-8587874319718064604
-8587874319717904450
-8587874319717734282
-8587874319717574131
-8587874319717407009
-8587874319717236930
-8587874319717066467
-8587874319716905161
-8587874319716734949
-8587874319716579895
-8587874319716407545
-8587874319716244662
-8587874319716074529
-8587874319715914376
-8587874319715754081
-8587874319715583818
-8587874319715413142
-8587874319715252733
-8587874319715084238
-8587874319714924084
-8587874319714764074
-8587874319714581658
-8587874319714421018
-8587874319714250814
-8587874319714080717
-8587874319713912151
-8587874319713751992
-8587874319713586291
-8587874319713415546
-8587874319713255418
-8587874319713084351
-8587874319712913483
-8587874319712753465
-8587874319712582920
-8587874319712423885
-8587874319712262907
-8587874319712093763
-8587874319711922936
-8587874319711765852
-8587874319711595358
-8587874319711430225
-8587874319711263395
-8587874319711102023
-8587874319710930963
-8587874319710773172
-8587874319710597676
-8587874319710437395
-8587874319710267080
-8587874319710106227
-8587874319709942175
-8587874319709782671
-8587874319709602698
-8587874319709442884
-8587874319709274042
-8587874319709107580
-8587874319708953015
-8587874319708771383
-8587874319708612719
-8587874319708451774
-8587874319708281347
-8587874319708115779
-8587874319707954606
-8587874319707789345
-8587874319707618434
-8587874319707448386
-8587874319707288232
-8587874319707127932
-8587874319706957912
-8587874319706787588
-8587874319706617468
-8587874319706457434
-8587874319706297111
-8587874319706131510
-8587874319705971343
-8587874319705795783
-8587874319705635338
-8587874319705464757
-8587874319705297494
-8587874319705135630
-8587874319704975110
-8587874319704804786
-8587874319704634983
-8587874319704475500
-8587874319704304756
-8587874319704134106
-8587874319703943608
-8587874319703803481
-8587874319703643171
-8587874319703473003
-8587874319703312680
-8587874319703151966
-8587874319702980840
-8587874319702820880
-8587874319702652893
-8587874319702479885
-8587874319702315126
-8587874319702158853
-8587874319701979290
-8587874319701818468
-8587874319701653455
-8587874319701493785
-8587874319701318361
-8587874319701162149
-8587874319700985637
-8587874319700826456
-8587874319700665381
-8587874319700495476
-8587874319700334255
-8587874319700172580
-8587874319700001644
-8587874319699835753
-8587874319699662105
-8587874319699501352
-8587874319699335275
-8587874319699174842
-8587874319699004707
-8587874319698840861
-8587874319698670675
-8587874319698511952
-8587874319698341666
-8587874319698181471
-8587874319698009667
-8587874319697839542
-8587874319697679306
-8587874319697512993
-8587874319697352980
-8587874319697182629
-8587874319697014936
-8587874319696854045
-8587874319696687630
-8587874319696517323
-8587874319696361360
-8587874319696191012
-8587874319696020833
-8587874319695860682
-8587874319695690519
-8587874319695520371
-8587874319695365204
-8587874319695194533
-8587874319695029357
-8587874319694867821
-8587874319694698354
-8587874319694528208
-8587874319694378159
-8587874319694197282
-8587874319694037240
-8587874319693866327
-8587874319693706176
-8587874319693535088
-8587874319693374655
-8587874319693203890
-8587874319693046629
-8587874319692876141
-8587874319692705959
-8587874319692541433
-8587874319692381315
-8587874319692215772
-8587874319692045530
-8587874319691879030
-8587874319691719147
-8587874319691555560
-8587874319691384867
-8587874319691223917
-8587874319691053969
-8587874319690882515
-8587874319690722469
-8587874319690566050
-8587874319690388895
-8587874319690225785
-8587874319690057016
-8587874319689895508
-8587874319689723358
-8587874319689568619
-8587874319689392957
-8587874319689222317
-8587874319689061390
-8587874319688899030
-8587874319688731209
-8587874319688571050
-8587874319688408272
-8587874319688233636
-8587874319688073713
-8587874319687911368
-8587874319687741476
-8587874319687582960
-8587874319687412474
-8587874319687241924
-8587874319687071146
-8587874319686911638
-8587874319686748512
-8587874319686584613
-8587874319686414931
-8587874319686254713
-8587874319686084129
-8587874319685915807
-8587874319685755481
-8587874319685587530
-8587874319685421222
-8587874319685251058
-8587874319685091624
-8587874319684921473
-8587874319684762026
-8587874319684591939
-8587874319684425270
-8587874319684257134
-8587874319684095637
-8587874319683925455
-8587874319683775306
-8587874319683595138
-8587874319683424872
-8587874319683260172
-8587874319683099949
-8587874319682939875
-8587874319682779682
-8587874319682609734
-8587874319682438541
-8587874319682278403
-8587874319682107699
-8587874319681937480
-8587874319681785305
-8587874319681605025
-8587874319681444697
-8587874319681283314
-8587874319681112506
-8587874319680941508
-8587874319680791146
-8587874319680620975
-8587874319680450369
-8587874319680286255
-8587874319680110472
-8587874319679960381
-8587874319679790733
-8587874319679620664
-8587874319679457625
-8587874319679287651
-8587874319679121161
-8587874319678971020
-8587874319678790905
-8587874319678630749
-8587874319678461085
-8587874319678301015
-8587874319678128182
-8587874319677968026
-8587874319677801792
-8587874319677631367
-8587874319677470627
-8587874319677301967
-8587874319677141767
-8587874319676980476
-8587874319676798800
-8587874319676630519
-8587874319676470127
-8587874319676311803
-8587874319676152261
-8587874319675977075
-8587874319675811243
-8587874319675644078
-8587874319675472936
-8587874319675316374
-8587874319675155982
-8587874319674975405
-8587874319674815067
-8587874319674650266
-8587874319674379498
-8587874319674219456
-8587874319674044946
-8587874319673883889
-8587874319673723694
-8587874319673563637
-8587874319673395089
-8587874319673224250
-8587874319673054069
-8587874319672891611
-8587874319672720541
-8587874319672570397
-8587874319672390224
-8587874319672229904
-8587874319672059907
-8587874319671889743
-8587874319671729490
-8587874319671569431
-8587874319671399370
-8587874319671237534
-8587874319671073320
-8587874319670903103
-8587874319670733047
-8587874319670582460
-8587874319670402251
-8587874319670242084
-8587874319670070928
-8587874319669910774
-8587874319669752010
-8587874319669581893
-8587874319669411734
-8587874319669251578
-8587874319669081335
-8587874319668916525
-8587874319668756079
-8587874319668585706
-8587874319668411667
-8587874319668250929
-8587874319668091615
-8587874319667917857
-8587874319667767216
-8587874319667589954
-8587874319667421432
-8587874319667260876
-8587874319667090828
-8587874319666930205
-8587874319666764806
-8587874319666597825
-8587874319666429448
-8587874319666263447
-8587874319666093407
-8587874319665933125
-8587874319665771911
-8587874319665600913
-8587874319665439244
-8587874319665268484
-8587874319665107701
-8587874319664938211
-8587874319664778057
-8587874319664602054
-8587874319664441698
-8587874319664281431
-8587874319664109745
-8587874319663939331
-8587874319663791764
-8587874319663611184
-8587874319663440931
-8587874319663280439
-8587874319663122531
-8587874319662955767
-8587874319662791996
-8587874319662621464
-8587874319662453000
-8587874319662287593
-8587874319662122263
-8587874319661958863
-8587874319661788639
-8587874319661628574
-8587874319661458316
-8587874319661288132
-8587874319661128025
-8587874319660967845
-8587874319660797684
-8587874319660627521
-8587874319660467367
-8587874319660297199
-8587874319660135099
-8587874319659975014
-8587874319659794931
-8587874319659641021
-8587874319659470387
-8587874319659312335
-8587874319659146912
-8587874319658986216
-8587874319658815932
-8587874319658645093
-8587874319658475185
-8587874319658309753
-8587874319658139226
-8587874319657987543
-8587874319657817380
-8587874319657647802
-8587874319657477701
-8587874319657317549
-8587874319657157395
-8587874319656986566
-8587874319656820525
-8587874319656653449
-8587874319656493146
-8587874319656321549
-8587874319656168302
-8587874319655995653
-8587874319655825556
-8587874319655655349
-8587874319655495221
-8587874319655325178
-8587874319655175026
-8587874319654995867
-8587874319654835516
-8587874319654664938
-8587874319654500527
-8587874319654237328
-8587874319654057178
-8587874319653896829
-8587874319653736407
-8587874319653576545
-8587874319653403783
-8587874319653228279
-8587874319653058134
-8587874319652897908
-8587874319652729668
-8587874319652585322
-8587874319652405149
-8587874319652244995
-8587874319652077901
-8587874319651910339
-8587874319651755192
-8587874319651541514
-8587874319651411276
-8587874319651251235
-8587874319651080982
-8587874319650912529
-8587874319650752367
-8587874319650586668
-8587874319650416625
-8587874319650256471
-8587874319650086293
-8587874319649926154
-8587874319649765985
-8587874319649595834
-8587874319649425499
-8587874319649265502
-8587874319649095356
-8587874319648905174
-8587874319648734340
-8587874319648584285
-8587874319648405766
-8587874319648245479
-8587874319648075313
-8587874319647915251
-8587874319647754670
-8587874319647584171
-8587874319647414043
-8587874319647246553
-8587874319647086399
-8587874319646909764
-8587874319646759389
-8587874319646583015
-8587874319646421525
-8587874319646255737
-8587874319646089454
-8587874319645924406
-8587874319645761421
-8587874319645594780
-8587874319645431533
-8587874319645261367
-8587874319645091268
-8587874319644931288
-8587874319644770884
-8587874319644590536
-8587874319644430296
-8587874319644268834
-8587874319644097887
-8587874319643928453
-8587874319643770112
-8587874319643599948
-8587874319643441474
-8587874319643271426
-8587874319643101042
-8587874319642935430
-8587874319642775284
-8587874319642607056
-8587874319642436432
-8587874319642276706
-8587874319642110464
-8587874319641954578
-8587874319641783529
-8587874319641613071
-8587874319641452564
-8587874319641281840
-8587874319641120959
-8587874319640955821
-8587874319640786978
-8587874319640621553
-8587874319640459876
-8587874319640291497
-8587874319640120929
-8587874319639963761
-8587874319639793587
-8587874319639622922
-8587874319639458465
-8587874319639298306
-8587874319639128083
-8587874319638974468
-8587874319638798463
-8587874319638628304
-8587874319638468153
-8587874319638297987
-8587874319638137836
-8587874319637977559
-8587874319637807350
-8587874319637637347
-8587874319637467192
-8587874319637307038
-8587874319637137491
-8587874319636985517
-8587874319636815246
-8587874319636648108
-8587874319636478040
-8587874319636311629
-8587874319636152394
-8587874319635981335
-8587874319635815247
-8587874319635650465
-8587874319635480227
-8587874319635317593
-8587874319635157426
-8587874319634986188
-8587874319634816580
-8587874319634655960
-8587874319634485448
-8587874319634325822
-8587874319634165284
-8587874319633989655
-8587874319633828531
-8587874319633658488
-8587874319633497159
-8587874319633326996
-8587874319633174944
-8587874319632997316
-8587874319632835634
-8587874319632673624
-8587874319632494805
-8587874319632334590
-8587874319632175772
-8587874319632007050
-8587874319631844068
-8587874319631673433
-8587874319631513210
-8587874319631351044
-8587874319631170654
-8587874319631010438
-8587874319630839635
-8587874319630680707
-8587874319630510004
-8587874319630359532
-8587874319630179236
-8587874319630018842
-8587874319629848509
-8587874319629688148
-8587874319629517742
-8587874319629357473
-8587874319629189603
-8587874319629025760
-8587874319628855848
-8587874319628695184
-8587874319628525131
-8587874319628364841
-8587874319628190879
-8587874319628030582
-8587874319627859922
-8587874319627699901
-8587874319627529814
-8587874319627369832
-8587874319627199784
-8587874319627029618
-8587874319626869467
-8587874319626699301
-8587874319626529140
-8587874319626378993
-8587874319626208827
-8587874319626038485
-8587874319625871892
-8587874319625714869
-8587874319625555000
-8587874319625384598
-8587874319625218569
-8587874319625048406
-8587874319624884742
-8587874319624714343
-8587874319624520234
-8587874319624378827
-8587874319624217009
-8587874319624050355
-8587874319623887030
-8587874319623724490
-8587874319623563968
-8587874319623386733
-8587874319623220413
-8587874319623060254
-8587874319622900031
-8587874319622719384
-8587874319622569263
-8587874319622399268
-8587874319622224820
-8587874319622064312
-8587874319621896742
-8587874319621740377
-8587874319621570304
-8587874319621400365
-8587874319621239933
-8587874319621069646
-8587874319620909454
-8587874319620739457
-8587874319620581592
-8587874319620404665
-8587874319620244447
-8587874319620081907
-8587874319619911293
-8587874319619749683
-8587874319619578544
-8587874319619413685
-8587874319619248532
-8587874319619081581
-8587874319618913683
-8587874319618754960
-8587874319618588773
-8587874319618421878
-8587874319618251671
-8587874319618081505
-8587874319617921574
-8587874319617761180
-8587874319617584148
-8587874319617411862
-8587874319617251655
-8587874319617091711
-8587874319616921547
-8587874319616761330
-8587874319616590150
-8587874319616421510
-8587874319616261351
-8587874319616093532
-8587874319615928681
-8587874319615768481
-8587874319615598412
-8587874319615428246
-8587874319615267993
-8587874319615097837
-8587874319614927763
-8587874319614777609
-8587874319614607461
-8587874319614437297
-8587874319614267131
-8587874319614106716
-8587874319613946565
-8587874319613778573
-8587874319613613557
-8587874319613442198
-8587874319613276541
-8587874319613119208
-8587874319612949050
-8587874319612776587
-8587874319612616428
-8587874319612445837
-8587874319612285699
-8587874319612115100
-8587874319611964664
-8587874319611794189
-8587874319611623610
-8587874319611453447
-8587874319611293291
-8587874319611126419
-8587874319610962367
-8587874319610791837
-8587874319610621612
-8587874319610461113
-8587874319610298898
-8587874319610128743
-8587874319609968305
-8587874319609799792
-8587874319609609605
-8587874319609449453
-8587874319609299307
-8587874319609129146
-8587874319608978886
-8587874319608798987
-8587874319608638834
-8587874319608478493
-8587874319608309307
-8587874319608154742
-8587874319607974618
-8587874319607814315
-8587874319607643699
-8587874319607473594
-8587874319607318320
-8587874319607155434
-8587874319606984874
-8587874319606819503
-8587874319606649340
-8587874319606486262
-8587874319606316189
-8587874319606157837
-8587874319605989586
-8587874319605819187
-8587874319605662251
-8587874319605492136
-8587874319605329481
-8587874319605169008
-8587874319604988927
-8587874319604828857
-8587874319604663067
-8587874319604504431
-8587874319604334270
-8587874319604174114
-8587874319604003948
-8587874319603833789
-8587874319603673635
-8587874319603503290
-8587874319603338285
-8587874319603181895
-8587874319602986677
-8587874319602828850
-8587874319602659139
-8587874319602498998
-8587874319602330417
-8587874319602168510
-8587874319601997105
-8587874319601837064
-8587874319601664153
-8587874319601504046
-8587874319601333296
-8587874319601173877
-8587874319600998921
-8587874319600838788
-8587874319600669136
-8587874319600508711
-8587874319600335348
-8587874319600185265
-8587874319600005048
-8587874319599840376
-8587874319599673979
-8587874319599513914
-8587874319599353200
-8587874319599183182
-8587874319599012753
-8587874319598847983
-8587874319598677820
-8587874319598520067
-8587874319598361521
-8587874319598181540
-8587874319598024097
-8587874319597848870
-8587874319597684672
-8587874319597519219
-8587874319597368516
-8587874319597188336
-8587874319597028179
-8587874319596857670
-8587874319596692256
-8587874319596532163
-8587874319596372009
-8587874319596193664
-8587874319596033121
-8587874319595870833
-8587874319595700664
-8587874319595540510
-8587874319595380249
-8587874319595194838
-8587874319595038990
-8587874319594879674
-8587874319594708972
-8587874319594536139
-8587874319594375422
-8587874319594195239
-8587874319594027628
-8587874319593867481
-8587874319593717212
-8587874319593556881
-8587874319593381319
-8587874319593221104
-8587874319593052929
-8587874319592882874
-8587874319592712551
-8587874319592557343
-8587874319592384656
-8587874319592217785
-8587874319592055335
-8587874319591885156
-8587874319591715074
-8587874319591564846
-8587874319591384370
-8587874319591224954
-8587874319591064708
-8587874319590894452
-8587874319590734299
-8587874319590570126
-8587874319590402028
-8587874319590231711
-8587874319590071465
-8587874319589900426
-8587874319589740295
-8587874319589572485
-8587874319589401830
-8587874319589240363
-8587874319589074344
-8587874319588904180
-8587874319588739462
-8587874319588583394
-8587874319588411462
-8587874319588243369
-8587874319588082588
-8587874319587911995
-8587874319587756918
-8587874319587581004
-8587874319587416852
-8587874319587246320
-8587874319587082454
-8587874319586918755
-8587874319586755749
-8587874319586584815
-8587874319586421873
-8587874319586256338
-8587874319586096190
-8587874319585921569
-8587874319585761374
-8587874319585598100
-8587874319585427335
-8587874319585266897
-8587874319585091591
-8587874319584932394
-8587874319584776326
-8587874319584605461
-8587874319584432822
-8587874319584271967
-8587874319584101809
-8587874319583941655
-8587874319583780982
-8587874319583610337
-8587874319583445406
-8587874319583271610
-8587874319583105719
-8587874319582953325
-8587874319582782317
-8587874319582609644
-8587874319582449245
-8587874319582279076
-8587874319582108918
-8587874319581953692
-8587874319581786365
-8587874319581618368
-8587874319581458367
-8587874319581288201
-8587874319581118038
-8587874319580957779
-8587874319580787734
-8587874319580627462
-8587874319580457411
-8587874319580287250
-8587874319580127097
-8587874319579969603
-8587874319579789396
-8587874319579628265
-8587874319579467384
-8587874319579299734
-8587874319579132202
-8587874319578974829
-8587874319578804801
-8587874319578636773
-8587874319578466453
-8587874319578306146
-8587874319578135985
-8587874319577975498
-8587874319577804997
-8587874319577644574
-8587874319577474454
-8587874319577307230
-8587874319577149838
-8587874319576979936
-8587874319576814168
-8587874319576645551
-8587874319576481583
-8587874319576320587
-8587874319576160195
-8587874319575979837
-8587874319575817513
-8587874319575657692
-8587874319575487313
-8587874319575325462
-8587874319575159822
-8587874319574994364
-8587874319574824201
-8587874319574663479
-8587874319574492852
-8587874319574322540
-8587874319574171833
-8587874319574002273
-8587874319573830377
-8587874319573663040
-8587874319573502282
-8587874319573331660
-8587874319573169968
-8587874319572999717
-8587874319572831853
-8587874319572671328
-8587874319572510851
-8587874319572345839
-8587874319572185618
-8587874319572005448
-8587874319571841183
-8587874319571681331
-8587874319571510901
-8587874319571350671
-8587874319571180482
-8587874319571010226
-8587874319570850141
-8587874319570681603
-8587874319570511435
-8587874319570349958
-8587874319570178071
-8587874319570017621
-8587874319569857444
-8587874319569687280
-8587874319569517012
-8587874319569366870
-8587874319569186800
-8587874319569026554
-8587874319568856482
-8587874319568686286
-8587874319568525991
-8587874319568375732
-8587874319568196347
-8587874319568025802
-8587874319567865551
-8587874319567707008
-8587874319567534899
-8587874319567374476
-8587874319567204917
-8587874319567045285
-8587874319566864495
-8587874319566704480
-8587874319566536116
-8587874319566380929
-8587874319566205225
-8587874319566049444
-8587874319565879270
-8587874319565719122
-8587874319565558499
-8587874319565378052
-8587874319565217876
-8587874319565046765
-8587874319564883089
-8587874319564717915
-8587874319564554213
-8587874319564389300
-8587874319564228421
-8587874319564057687
-8587874319563889933
-8587874319563729605
-8587874319563569410
-8587874319563397316
-8587874319563225727
-8587874319563067762
-8587874319562887540
-8587874319562727389
-8587874319562577242
-8587874319562395994
-8587874319562235856
-8587874319562071301
-8587874319561901089
-8587874319561740472
-8587874319561574435
-8587874319561404287
-8587874319561231339
-8587874319561071185
-8587874319560909725
-8587874319560738712
-8587874319560588552
-8587874319560408605
-8587874319560252998
-8587874319560087470
-8587874319559910016
-8587874319559755533
-8587874319559581035
-8587874319559420561
-8587874319559250830
-8587874319559085226
-8587874319558925188
-8587874319558754538
-8587874319558593839
-8587874319558423722
-8587874319558253645
-8587874319558093381
-8587874319557923213
-8587874319557643059
-8587874319557472895
-8587874319557312742
-8587874319557152442
-8587874319556982547
-8587874319556810082
-8587874319556649552
-8587874319556479773
-8587874319556319773
-8587874319556153900
-8587874319555984351
-8587874319555824665
-8587874319555653977
-8587874319555483811
-8587874319555323660
-8587874319555163506
-8587874319554993238
-8587874319554823174
-8587874319554657795
-8587874319554489345
-8587874319554327524
-8587874319554165458
-8587874319553989719
-8587874319553833019
-8587874319553662843
-8587874319553502574
-8587874319553329912
-8587874319553179368
-8587874319552999374
-8587874319552839656
-8587874319552667288
-8587874319552507162
-8587874319552338143
-8587874319552178151
-8587874319552007473
-8587874319551848320
-8587874319551678269
-8587874319551507471
-8587874319551356827
-8587874319551180699
-8587874319551010820
-8587874319550844558
-8587874319550680155
-8587874319550520113
-8587874319550359604
-8587874319550189451
-8587874319550019932
-8587874319549858829
-8587874319549688312
-8587874319549520540
-8587874319549362206
-8587874319549189582
-8587874319549022112
-8587874319548856377
-8587874319548692955
-8587874319548529434
-8587874319548278449
-8587874319548113767
-8587874319547953610
-8587874319547777869
-8587874319547613312
-8587874319547442785
-8587874319547282152
-8587874319547111984
-8587874319546941917
-8587874319546791773
-8587874319546621610
-8587874319546451446
-8587874319546291293
-8587874319546121129
-8587874319545960975
-8587874319545780797
-8587874319545620185
-8587874319545463352
-8587874319545293263
-8587874319545123253
-8587874319544972932
-8587874319544791960
-8587874319544627641
-8587874319544464758
-8587874319544297342
-8587874319544136986
-8587874319543976748
-8587874319543797796
-8587874319543632289
-8587874319543469596
-8587874319543304278
-8587874319543141255
-8587874319542976029
-8587874319542805715
-8587874319542644634
-8587874319542474113
-8587874319542313959
-8587874319542148293
-8587874319541971479
-8587874319541810967
-8587874319541653844
-8587874319541483061
-8587874319541310944
-8587874319541160757
-8587874319540985053
-8587874319540819408
-8587874319524832969
-8587874319524622772
-8587874319524462618
-8587874319524292455
-8587874319524131978
-8587874319523881866
-8587874319523711646
-8587874319523551592
-8587874319523391231
-8587874319523211253
-8587874319523050994
-8587874319522880831
-8587874319522720631
-8587874319522560275
-8587874319522399786
-8587874319522229151
-8587874319522058752
-8587874319521890555
-8587874319521720187
-8587874319521561489
-8587874319521398622
-8587874319521228492
-8587874319521059959
-8587874319520891611
-8587874319520731457
-8587874319520571470
-8587874319520411137
-8587874319520231939
-8587874319520071788
-8587874319519905167
-8587874319519734031
-8587874319519566128
-8587874319519415838
-8587874319519245467
-8587874319519075176
-8587874319518913361
-8587874319518742747
-8587874319518586248
-8587874319518415350
-8587874319518247473
-8587874319518077194
-8587874319517921298
-8587874319517751227
-8587874319517594539
-8587874319517414366
-8587874319517251837
-8587874319517091063
-8587874319516920971
-8587874319516763462
-8587874319516603943
-8587874319516430767
-8587874319516263120
-8587874319516095424
-8587874319515926884
-8587874319515761085
-8587874319515600614
-8587874319515429350
-8587874319515261375
-8587874319515100458
-8587874319514940361
-8587874319514769063
-8587874319514615489
-8587874319514434284
-8587874319514273621
-8587874319514105267
-8587874319513945116
-8587874319513784863
-8587874319513604692
-8587874319513445501
-8587874319513284203
-8587874319513113205
-8587874319512943663
-8587874319512793407
-8587874319512613233
-8587874319512443065
-8587874319512282878
-8587874319512112860
-8587874319511952712
-8587874319511792558
-8587874319511622297
-8587874319511452136
-8587874319511288196
-8587874319511127103
-8587874319510956371
-8587874319510796343
-8587874319510621971
-8587874319510459423
-8587874319510296643
-8587874319510131362
-8587874319509971210
-8587874319509810340
-8587874319509629588
-8587874319509471295
-8587874319509294699
-8587874319509136867
-8587874319508970561
-8587874319508810121
-8587874319508639491
-8587874319508471286
-8587874319508300196
-8587874319508138952
-8587874319507987994
-8587874319507810765
-8587874319507652925
-8587874319507482575
-8587874319507314316
-8587874319507149319
-8587874319506986917
-8587874319506816546
-8587874319506645763
-8587874319506488088
-8587874319506317878
-8587874319506157515
-8587874319505999048
-8587874319505823990
-8587874319505652587
-8587874319505492057
-8587874319505319323
-8587874319505158885
-8587874319504998634
-8587874319504834771
-8587874319504663571
-8587874319504489260
-8587874319504328748
-8587874319504169306
-8587874319504008284
-8587874319503834373
-8587874319503663163
-8587874319503503485
-8587874319503331670
-8587874319503181416
-8587874319502998947
-8587874319502837520
-8587874319502677415
-8587874319502507162
-8587874319502336733
-8587874319502186588
-8587874319502005937
-8587874319501842862
-8587874319501682240
-8587874319501511347
-8587874319501332640
-8587874319501182402
-8587874319501022345
-8587874319500852174
-8587874319500692028
-8587874319500521834
-8587874319500356660
-8587874319500193884
-8587874319500023703
-8587874319499857144
-8587874319499694771
-8587874319499526614
-8587874319499361615
-8587874319499201535
-8587874319499033192
-8587874319498862926
-8587874319498703748
-8587874319498533704
-8587874319498372985
-8587874319498212452
-8587874319498034522
-8587874319497876109
-8587874319497705789
-8587874319497542873
-8587874319497382386
-8587874319497210423
-8587874319497049279
-8587874319496879177
-8587874319496718611
-8587874319496538384
-8587874319496392856
-8587874319496215642
-8587874319496050627
-8587874319495890050
-8587874319495719186
-8587874319495549212
-8587874319495397380
-8587874319495216790
-8587874319495053150
-8587874319494887976
-8587874319494722249
-8587874319494554847
-8587874319494397167
-8587874319494226970
-8587874319494056645
-8587874319493896276
-8587874319493735588
-8587874319493565427
-8587874319493403660
-8587874319493233617
-8587874319493073015
-8587874319492904378
-8587874319492742117
-8587874319492571303
-8587874319492408653
-8587874319492240930
-8587874319492070792
-8587874319491910461
-8587874319491747812
-8587874319491587804
-8587874319491406299
-8587874319491242516
-8587874319491077060
-8587874319490909472
-8587874319490740909
-8587874319490590693
-8587874319490421307
-8587874319490250417
-8587874319490080996
-8587874319489920694
-8587874319489750487
-8587874319489590417
-8587874319489421252
-8587874319489251179
-8587874319489088119
-8587874319488917951
-8587874319488757789
-8587874319488597505
-8587874319488421510
-8587874319488261151
-8587874319488103481
-8587874319487933312
-8587874319487772749
-8587874319487612590
-8587874319487436326
-8587874319487268674
-8587874319487095779
-8587874319486937396
-8587874319486775451
-8587874319486604081
-8587874319486443196
-8587874319486272925
-8587874319486102728
-8587874319485942252
-8587874319485782126
-8587874319485611934
-8587874319485453073
-8587874319485284507
-8587874319485113834
-8587874319484948072
-8587874319484787600
-8587874319484616126
-8587874319484455670
-8587874319484286559
-8587874319484126515
-8587874319483956370
-8587874319483795837
-8587874319483624857
-8587874319483453967
-8587874319483295392
-8587874319483125050
-8587874319482964535
-8587874319482804353
-8587874319482627795
-8587874319482456661
-8587874319482296105
-8587874319482135583
-8587874319481967470
-8587874319481807444
-8587874319481637053
-8587874319481474393
-8587874319481302967
-8587874319481142455
-8587874319480981390
-8587874319480813183
-8587874319480639282
-8587874319480479327
-8587874319480315968
-8587874319480145754
-8587874319479990077
-8587874319479811492
-8587874319479648965
-8587874319479480276
-8587874319479314600
-8587874319479150320
-8587874319478996901
-8587874319478820297
-8587874319478659869
-8587874319478487773
-8587874319478322502
-8587874319478157328
-8587874319477997102
-8587874319477821936
-8587874319477661749
-8587874319477491601
-8587874319477331445
-8587874319477161284
-8587874319477001130
-8587874319476833706
-8587874319476664257
-8587874319476497324
-8587874319476335890
-8587874319476174979
-8587874319476009590
-8587874319475843402
-8587874319475667466
-8587874319475509155
-8587874319475337018
-8587874319475185860
-8587874319475015702
-8587874319474835432
-8587874319474675081
-8587874319474504917
-8587874319474344159
-8587874319474183463
-8587874319474013166
-8587874319473854556
-8587874319473684743
-8587874319473474275
-8587874319473357985
-8587874319473197639
-8587874319473023658
-8587874319472848905
-8587874319472694222
-8587874319472517003
-8587874319472355907
-8587874319472199834
-8587874319472024200
-8587874319471863478
-8587874319471693002
-8587874319471532848
-8587874319471362436
-8587874319471202283
-8587874319471012100
-8587874319470841209
-8587874319470681289
-8587874319470518068
-8587874319470347590
-8587874319470190462
-8587874319470020716
-8587874319469850189
-8587874319469683151
-8587874319469523164
-8587874319469352483
-8587874319469191930
-8587874319469021267
-8587874319468857419
-8587874319468692850
-8587874319468525902
-8587874319468364578
-8587874319468204196
-8587874319468029340
-8587874319467864550
-8587874319467699125
-8587874319467537090
-8587874319467364653
-8587874319467210275
-8587874319467036545
-8587874319466874098
-8587874319466703932
-8587874319466533768
-8587874319466383624
-8587874319466213463
-8587874319466043285
-8587874319465873134
-8587874319465712980
-8587874319465543047
-8587874319465382883
-8587874319465212195
-8587874319465051757
-8587874319464881578
-8587874319464712469
-8587874319464542442
-8587874319464391409
-8587874319464216750
-8587874319464056758
-8587874319463887485
-8587874319463724989
-8587874319463554959
-8587874319463394639
-8587874319463224537
-8587874319463054232
-8587874319462894027
-8587874319462723634
-8587874319462563480
-8587874319462403341
-8587874319462232052
-8587874319462064929
-8587874319461895168
-8587874319461724725
-8587874319461564456
-8587874319461406742
-8587874319461235440
-8587874319461074556
-8587874319460909713
-8587874319460745199
-8587874319460580366
-8587874319460409729
-8587874319460239248
-8587874319460082340
-8587874319459911683
-8587874319459751414
-8587874319459590187
-8587874319459409804
-8587874319459249318
-8587874319459079059
-8587874319458918491
-8587874319458748123
-8587874319458587521
-8587874319458425339
-8587874319458252332
-8587874319458083008
-8587874319457922775
-8587874319457752694
-8587874319457596339
-8587874319457426170
-8587874319457256014
-8587874319457094335
-8587874319456927041
-8587874319456763293
-8587874319456599578
-8587874319456435070
-8587874319456269230
-8587874319456098888
-8587874319455938967
-8587874319455769761
-8587874319455612610
-8587874319455442278
-8587874319455262276
-8587874319455108236
-8587874319454937903
-8587874319454777919
-8587874319454607635
-8587874319454437592
-8587874319454277382
-8587874319454117133
-8587874319453947354
-8587874319453786772
-8587874319453616632
-8587874319453445903
-8587874319453285547
-8587874319453114641
-8587874319452944623
-8587874319452794392
-8587874319452614437
-8587874319452454024
-8587874319452294152
-8587874319452129961
-8587874319451953590
-8587874319451797025
-8587874319451625510
-8587874319451459169
-8587874319451293065
-8587874319451012394
-8587874319450581984
-8587874319450161580
-8587874319449741186
-8587874319449340792
-8587874319448880255
-8587874319448499984
-8587874319448342032
-8587874319448181904
-8587874319448011643
-8587874319447841382
-8587874319447680681
-8587874319447509539
-8587874319447345402
-8587874319447186562
-8587874319447016188
-8587874319446845828
-8587874319446655643
-8587874319446495094
-8587874319446324086
-8587874319446150789
-8587874319445996570
-8587874319445826096
-8587874319445665377
-8587874319445490209
-8587874319445329794
-8587874319445169474
-8587874319445009051
-8587874319444828911
-8587874319444669177
-8587874319444501791
-8587874319444341535
-8587874319444179075
-8587874319443998822
-8587874319443838748
-8587874319443668454
-8587874319443508431
-8587874319443338270
-8587874319443188080
-8587874319443007942
-8587874319442847799
-8587874319442679274
-8587874319442519184
-8587874319442349021
-8587874319442188821
-8587874319442018496
-8587874319441850481
-8587874319441680276
-8587874319441513269
-8587874319441351894
-8587874319441190373
-8587874319441020297
-8587874319440850144
-8587874319440684192
-8587874319440518956
-8587874319440356132
-8587874319440195766
-8587874319440015524
-8587874319439860088
-8587874319439697016
-8587874319439525934
-8587874319439355401
-8587874319439204328
-8587874319439024188
-8587874319438864843
-8587874319438704692
-8587874319438523892
-8587874319438374580
-8587874319438204309
-8587874319438034087
-8587874319437873172
-8587874319437703859
-8587874319437543708
-8587874319437382973
-8587874319437212208
-8587874319437042067
-8587874319436871906
-8587874319436708007
-8587874319436547974
-8587874319436388964
-8587874319436211223
-8587874319436050970
-8587874319435881244
-8587874319435720847
-8587874319435550709
-8587874319435390020
-8587874319435215303
-8587874319435060364
-8587874319434886204
-8587874319434725866
-8587874319434555705
-8587874319434398316
-8587874319434227180
-8587874319434056973
-8587874319433896788
-8587874319433726018
-8587874319433556495
-8587874319433407838
-8587874319433236195
-8587874319433066019
-8587874319432900494
-8587874319432739979
-8587874319432569698
-8587874319432409662
-8587874319432239496
-8587874319432069215
-8587874319431909166
-8587874319431739018
-8587874319431578864
-8587874319431408685
-8587874319431248547
-8587874319431077669
-8587874319430912587
-8587874319430746221
-8587874319430586080
-8587874319430415816
-8587874319430255662
-8587874319430085417
-8587874319429915860
-8587874319429754939
-8587874319429596359
-8587874319429418613
-8587874319429258272
-8587874319429088767
-8587874319428928598
-8587874319428760892
-8587874319428597126
-8587874319428421671
-8587874319428261312
-8587874319428099423
-8587874319427929239
-8587874319427766343
-8587874319427603205
-8587874319427432565
-8587874319427262143
-8587874319427099921
-8587874319426931324
-8587874319426769186
-8587874319426616961
-8587874319426436852
-8587874319426276503
-8587874319426101243
-8587874319425946045
-8587874319425783780
-8587874319425613749
-8587874319425443591
-8587874319425283514
-8587874319425112385
-8587874319424940269
-8587874319424793151
-8587874319424610471
-8587874319424452417
-8587874319424285996
-8587874319424125589
-8587874319423961521
-8587874319423800622
-8587874319423622067
-8587874319423462993
-8587874319423294473
-8587874319423126146
-8587874319422955782
-8587874319422801977
-8587874319422611889
-8587874319422451641
-8587874319422201726
-8587874319422051182
-8587874319421890793
-8587874319421718208
-8587874319421561223
-8587874319421401026
-8587874319421230734
-8587874319421060571
-8587874319420890413
-8587874319420730259
-8587874319420560093
-8587874319420399942
-8587874319420229778
-8587874319420069624
-8587874319419899461
-8587874319419729305
-8587874319419571896
-8587874319419415480
-8587874319419240073
-8587874319419075575
-8587874319418905133
-8587874319418739293
-8587874319418583568
-8587874319418411098
-8587874319418245497
-8587874319418077589
-8587874319417907341
-8587874319417755085
-8587874319417586992
-8587874319417423636
-8587874319417251878
-8587874319417090723
-8587874319416881931
-8587874319416752815
-8587874319416592285
-8587874319416426051
-8587874319416255852
-8587874319416096858
-8587874319415927401
-8587874319415766968
-8587874319415601259
-8587874319415427501
-8587874319415262622
-8587874319415102053
-8587874319414936183
-8587874319414765523
-8587874319414612583
-8587874319414436847
-8587874319414259920
-8587874319414101732
-8587874319413928550
-8587874319413781366
-8587874319413604352
-8587874319413446312
-8587874319413275885
-8587874319413109104
-8587874319412943548
-8587874319412782964
-8587874319412614713
-8587874319412443697
-8587874319412284629
-8587874319412118825
-8587874319411951444
-8587874319411789673
-8587874319411619097
-8587874319411449540
-8587874319411290815
-8587874319411120240
-8587874319410939716
-8587874319410768920
-8587874319410609419
-8587874319410438815
-8587874319410276337
-8587874319410105774
-8587874319409941207
-8587874319409779799
-8587874319409614064
-8587874319409443908
-8587874319409273745
-8587874319409113591
-8587874319408943433
-8587874319408783271
-8587874319408613116
-8587874319408447929
-8587874319408281695
-8587874319408112543
-8587874319407951864
-8587874319407796075
-8587874319407622028
-8587874319407451921
-8587874319407281540
-8587874319407123609
-8587874319406933364
-8587874319406792979
-8587874319406623499
-8587874319406463271
-8587874319406292245
-8587874319406131961
-8587874319405961620
-8587874319405801177
-8587874319405634767
-8587874319405461304
-8587874319405301575
-8587874319405141413
-8587874319404979808
-8587874319404800124
-8587874319404637889
-8587874319404467725
-8587874319404307620
-8587874319404141589
-8587874319403970924
-8587874319403820846
-8587874319403649850
-8587874319403479892
-8587874319403320160
-8587874319403149910
-8587874319402989679
-8587874319402819969
-8587874319402651452
-8587874319402487079
-8587874319402321910
-8587874319402161756
-8587874319402001710
-8587874319401831383
-8587874319401650967
-8587874319401497994
-8587874319401327677
-8587874319401167372
-8587874319401008022
-8587874319400827483
-8587874319400664195
-8587874319400493546
-8587874319400331408
-8587874319400160656
-8587874319400010102
-8587874319399843415
-8587874319399671646
-8587874319399511316
-8587874319399341176
-8587874319399177164
-8587874319399006504
-8587874319398840977
-8587874319398675091
-8587874319398504607
-8587874319398346276
-8587874319398183880
-8587874319398013724
-8587874319397853558
-8587874319397683407
-8587874319397513041
-8587874319397352762
-8587874319397187514
-8587874319397015338
-8587874319396855185
-8587874319396694967
-8587874319396524598
-8587874319396354589
-8587874319396203953
-8587874319396019876
-8587874319395859778
-8587874319395690537
-8587874319395529802
-8587874319395359247
-8587874319395208944
-8587874319395028348
-8587874319394868194
-8587874319394700804
-8587874319394529795
-8587874319394368753
-8587874319394211671
-8587874319394041444
-8587874319393874383
-8587874319393704025
-8587874319393543902
-8587874319393380505
-8587874319393210180
-8587874319393040152
-8587874319392879732
-8587874319392709147
-8587874319392548378
-8587874319392389999
-8587874319392209639
-8587874319392049999
-8587874319391886310
-8587874319391716510
-8587874319391555658
-8587874319391391014
-8587874319391223669
-8587874319391054005
-8587874319390893285
-8587874319390721309
-8587874319390560421
-8587874319390400886
-8587874319390221172
-8587874319390061010
-8587874319389900621
-8587874319389729221
-8587874319389566026
-8587874319389410815
-8587874319389230309
-8587874319389059952
-8587874319388901733
-8587874319388739357
-8587874319388569312
-8587874319388410683
-8587874319388240579
-8587874319388069742
-8587874319387911025
-8587874319387740592
-8587874319387579776
-8587874319387411148
-8587874319387240734
-8587874319387080347
-8587874319386910140
-8587874319386750148
-8587874319386589873
-8587874319386419830
-8587874319386249652
-8587874319386079363
-8587874319385919255
-8587874319385749174
-8587874319385589017
-8587874319385418864
-8587874319385258518
-8587874319385088465
-8587874319384918826
-8587874319384761304
-8587874319384601033
-8587874319384423750
-8587874319384263596
-8587874319384091105
-8587874319383931802
-8587874319383761641
-8587874319383602055
-8587874319383429171
-8587874319383269905
-8587874319383099291
-8587874319382939076
-8587874319382764120
-8587874319382613105
-8587874319382441857
-8587874319382269594
-8587874319382104438
-8587874319381938570
-8587874319381780500
-8587874319381610449
-8587874319381439754
-8587874319381279564
-8587874319381109255
-8587874319380949037
-8587874319380788361
-8587874319380619421
-8587874319380450133
-8587874319380284125
-8587874319380117499
-8587874319379957043
-8587874319379792903
-8587874319379622046
-8587874319379454625
-8587874319379294151
-8587874319379123603
-8587874319378962705
-8587874319378758365
-8587874319378599271
-8587874319378428742
-8587874319378258263
-8587874319378088382
-8587874319377927675
-8587874319377766937
-8587874319377603397
-8587874319377422663
-8587874319377262637
-8587874319377092348
-8587874319376934688
-8587874319376763900
-8587874319376603145
-8587874319376432533
-8587874319376272418
-8587874319376098386
-8587874319375938184
-8587874319375782623
-8587874319375611338
-8587874319375441520
-8587874319375266316
-8587874319375111146
-8587874319374940965
-8587874319374770676
-8587874319374620404
-8587874319374450251
-8587874319374280190
-8587874319374079841
-8587874319373919642
-8587874319373749214
-8587874319373589089
-8587874319373418523
-8587874319373249164
-8587874319373088168
-8587874319372925510
-8587874319372755350
-8587874319372595180
-8587874319372426243
-8587874319372251321
-8587874319372090476
-8587874319371921638
-8587874319371762091
-8587874319371601474
-8587874319371423126
-8587874319371263090
-8587874319371094130
-8587874319370924090
-8587874319370758025
-8587874319370607299
-8587874319370426916
-8587874319370261323
-8587874319370091144
-8587874319369930591
-8587874319369766469
-8587874319369607431
-8587874319369435942
-8587874319369269311
-8587874319369102770
-8587874319368942097
-8587874319368784024
-8587874319368605116
-8587874319368441862
-8587874319368271578
-8587874319368111603
-8587874319367940659
-8587874319367790149
-8587874319367609984
-8587874319367439290
-8587874319367280852
-8587874319367120465
-8587874319366952439
-8587874319366792019
-8587874319366611562
-8587874319366451139
-8587874319366291229
-8587874319366121390
-8587874319365961236
-8587874319365796984
-8587874319365616657
-8587874319365456442
-8587874319365285580
-8587874319365125372
-8587874319364960713
-8587874319364798660
-8587874319364626906
-8587874319364463281
-8587874319364262943
-8587874319364089713
-8587874319363919219
-8587874319363758940
-8587874319363598912
-8587874319363428746
-8587874319363268579
-8587874319363098431
-8587874319362928267
-8587874319362768114
-8587874319362607960
-8587874319362437489
-8587874319362267438
-8587874319362107239
-8587874319361935923
-8587874319361776809
-8587874319361606584
-8587874319361446195
-8587874319361276597
-8587874319361109843
-8587874319360942250
-8587874319360782081
-8587874319360609411
-8587874319360446339
-8587874319360276189
-8587874319360116042
-8587874319359947840
-8587874319359787799
-8587874319359617615
-8587874319359447270
-8587874319359286018
-8587874319359117841
-8587874319358957070
-8587874319358796740
-8587874319358622209
-8587874319358463798
-8587874319358289984
-8587874319358129452
-8587874319357959350
-8587874319357809170
-8587874319357634391
-8587874319357469209
-8587874319357304160
-8587874319357139035
-8587874319356965700
-8587874319356805444
-8587874319356635162
-8587874319356474725
-8587874319356311258
-8587874319356141095
-8587874319355980431
-8587874319355809761
-8587874319355639065
-8587874319355479006
-8587874319355309117
-8587874319355151136
-8587874319354986756
-8587874319354814859
-8587874319354644555
-8587874319354482392
-8587874319354311962
-8587874319354150869
-8587874319353995425
-8587874319353819425
-8587874319353652162
-8587874319353491084
-8587874319353320588
-8587874319353151615
-8587874319353001468
-8587874319352831023
-8587874319352659306
-8587874319352498996
-8587874319352328986
-8587874319352168835
-8587874319351998666
-8587874319351828416
-8587874319351668352
-8587874319351498196
-8587874319351338037
-8587874319351167868
-8587874319351011575
-8587874319350841222
-8587874319350670990
-8587874319350500348
-8587874319350340286
-8587874319350187444
-8587874319350007258
-8587874319349846817
-8587874319349672842
-8587874319349518527
-8587874319349350747
-8587874319349187253
-8587874319349018431
-8587874319348847922
-8587874319348684187
-8587874319348515449
-8587874319348350662
-8587874319348190411
-8587874319348020198
-8587874319347850017
-8587874319111851694
-8587874319111371248
-8587874319111221093
-8587874319110980853
-8587874319110229993
-8587874319110039608
-8587874319109869445
-8587874319109709115
-8587874319109538844
-8587874319109378692
-8587874319109218536
-8587874319109048485
-8587874319108878317
-8587874319108708151
-8587874319108537836
-8587874319108357686
-8587874319108187653
-8587874319108027497
-8587874319107867359
-8587874319107697180
-8587874319107536921
-8587874319107366737
-8587874319107206583
-8587874319107036415
-8587874319106866392
-8587874319106706228
-8587874319106535906
-8587874319106375911
-8587874319106205760
-8587874319106045491
-8587874319105875279
-8587874319105715164
-8587874319105544970
-8587874319105374950
-8587874319105224816
-8587874319105044525
-8587874319104879359
-8587874319104712434
-8587874319104542370
-8587874319104335824
-8587874319104215703
-8587874319104045545
-8587874319103888474
-8587874319103717990
