----------New Stimuli List Generated----------
-8587871788140900624
StretchableCube-Yellow:0.09332802,0.790751,0.2245567,0.5188298,-0.5238537,0.6649014,0.1195788,0,0,0
StretchableCube-Red:-0.04086277,1.032868,0.2380873,-0.3336467,-0.6471527,-0.6612197,0.1807262,0,0,0
StretchableCube-Blue:0.0848969,0.8863246,0.367656,-0.2965265,0.7771899,-0.3458843,0.4340647,0,0,0
-8587871788140830557
StretchableCube-Yellow:0.09332802,0.790751,0.2245567,0.5188298,-0.5238537,0.6649014,0.1195788,4E-05,4E-05,4E-05
StretchableCube-Red:-0.04086277,1.032868,0.2380873,-0.3336467,-0.6471527,-0.6612197,0.1807262,2E-05,2E-05,2E-05
StretchableCube-Blue:0.0848969,0.8863246,0.367656,-0.2965265,0.7771899,-0.3458843,0.4340647,0,0,0
-8587871788139163700
StretchableCube-Yellow:0.09332802,0.790751,0.2245567,0.5188298,-0.5238537,0.6649014,0.1195788,0.0004229794,0.0004229794,0.0004229794
StretchableCube-Red:-0.04086277,1.032868,0.2380873,-0.3336467,-0.6471527,-0.6612197,0.1807262,0.0002414897,0.0002414897,0.0002414897
StretchableCube-Blue:0.0848969,0.8863246,0.367656,-0.2965265,0.7771899,-0.3458843,0.4340647,6E-05,6E-05,6E-05
-8587871788138953632
StretchableCube-Yellow:0.09332802,0.790751,0.2245567,0.5188298,-0.5238537,0.6649014,0.1195788,0.00101938,0.00101938,0.00101938
StretchableCube-Red:-0.04086277,1.032868,0.2380873,-0.3336467,-0.6471527,-0.6612197,0.1807262,0.0008119247,0.0008119247,0.0008119247
StretchableCube-Blue:0.0848969,0.8863246,0.367656,-0.2965265,0.7771899,-0.3458843,0.4340647,0.000604469,0.000604469,0.000604469
-8587871788138793481
StretchableCube-Yellow:0.09332802,0.790751,0.2245567,0.5188298,-0.5238537,0.6649014,0.1195788,0.001674899,0.001674899,0.001674899
StretchableCube-Red:-0.04086277,1.032868,0.2380873,-0.3336467,-0.6471527,-0.6612197,0.1807262,0.001450868,0.001450868,0.001450868
StretchableCube-Blue:0.0848969,0.8863246,0.367656,-0.2965265,0.7771899,-0.3458843,0.4340647,0.001226836,0.001226836,0.001226836
-8587871788138625517
StretchableCube-Yellow:0.09332802,0.790751,0.2245567,0.5188298,-0.5238537,0.6649014,0.1195788,0.002380111,0.002380111,0.002380111
StretchableCube-Red:-0.04086277,1.032868,0.2380873,-0.3336467,-0.6471527,-0.6612197,0.1807262,0.002139521,0.002139521,0.002139521
StretchableCube-Blue:0.0848969,0.8863246,0.367656,-0.2965265,0.7771899,-0.3458843,0.4340647,0.001898931,0.001898931,0.001898931
-8587871788138462200
StretchableCube-Yellow:0.09332802,0.790751,0.2245567,0.5188298,-0.5238537,0.6649014,0.1195788,0.003135541,0.003135541,0.003135541
StretchableCube-Red:-0.04086277,1.032868,0.2380873,-0.3336467,-0.6471527,-0.6612197,0.1807262,0.002878121,0.002878121,0.002878121
StretchableCube-Blue:0.0848969,0.8863246,0.367656,-0.2965265,0.7771899,-0.3458843,0.4340647,0.002620701,0.002620701,0.002620701
-8587871788138291343
StretchableCube-Yellow:0.09332802,0.790751,0.2245567,0.5188298,-0.5238537,0.6649014,0.1195788,0.003940409,0.003940409,0.003940409
StretchableCube-Red:-0.04086277,1.032868,0.2380873,-0.3336467,-0.6471527,-0.6612197,0.1807262,0.003666685,0.003666685,0.003666685
StretchableCube-Blue:0.0848969,0.8863246,0.367656,-0.2965265,0.7771899,-0.3458843,0.4340647,0.003392962,0.003392962,0.003392962
-8587871788138132178
StretchableCube-Yellow:0.09332802,0.790751,0.2245567,0.5188298,-0.5238537,0.6649014,0.1195788,0.004794713,0.004794713,0.004794713
StretchableCube-Red:-0.04086277,1.032868,0.2380873,-0.3336467,-0.6471527,-0.6612197,0.1807262,0.004504423,0.004504423,0.004504423
StretchableCube-Blue:0.0848969,0.8863246,0.367656,-0.2965265,0.7771899,-0.3458843,0.4340647,0.004214132,0.004214132,0.004214132
-8587871788137952103
StretchableCube-Yellow:0.09332802,0.790751,0.2245567,0.5188298,-0.5238537,0.6649014,0.1195788,0.005699906,0.005699906,0.005699906
StretchableCube-Red:-0.04086277,1.032868,0.2380873,-0.3336467,-0.6471527,-0.6612197,0.1807262,0.005392455,0.005392455,0.005392455
StretchableCube-Blue:0.0848969,0.8863246,0.367656,-0.2965265,0.7771899,-0.3458843,0.4340647,0.005085004,0.005085004,0.005085004
-8587871788137791914
StretchableCube-Yellow:0.09332802,0.790751,0.2245567,0.5188298,-0.5238537,0.6649014,0.1195788,0.006654306,0.006654306,0.006654306
StretchableCube-Red:-0.04086277,1.032868,0.2380873,-0.3336467,-0.6471527,-0.6612197,0.1807262,0.006330831,0.006330831,0.006330831
StretchableCube-Blue:0.0848969,0.8863246,0.367656,-0.2965265,0.7771899,-0.3458843,0.4340647,0.006007357,0.006007357,0.006007357
-8587871788137631491
StretchableCube-Yellow:0.09332802,0.790751,0.2245567,0.5188298,-0.5238537,0.6649014,0.1195788,0.007657761,0.007657761,0.007657761
StretchableCube-Red:-0.04086277,1.032868,0.2380873,-0.3336467,-0.6471527,-0.6612197,0.1807262,0.007317771,0.007317771,0.007317771
StretchableCube-Blue:0.0848969,0.8863246,0.367656,-0.2965265,0.7771899,-0.3458843,0.4340647,0.006977781,0.006977781,0.006977781
-8587871788137461446
StretchableCube-Yellow:0.09332802,0.790751,0.2245567,0.5188298,-0.5238537,0.6649014,0.1195788,0.008710864,0.008710864,0.008710864
StretchableCube-Red:-0.04086277,1.032868,0.2380873,-0.3336467,-0.6471527,-0.6612197,0.1807262,0.008354307,0.008354307,0.008354307
StretchableCube-Blue:0.0848969,0.8863246,0.367656,-0.2965265,0.7771899,-0.3458843,0.4340647,0.007997751,0.007997751,0.007997751
-8587871788137301278
StretchableCube-Yellow:0.09332802,0.790751,0.2245567,0.5188298,-0.5238537,0.6649014,0.1195788,0.009813667,0.009813667,0.009813667
StretchableCube-Red:-0.04086277,1.032868,0.2380873,-0.3336467,-0.6471527,-0.6612197,0.1807262,0.009440543,0.009440543,0.009440543
StretchableCube-Blue:0.0848969,0.8863246,0.367656,-0.2965265,0.7771899,-0.3458843,0.4340647,0.009067421,0.009067421,0.009067421
-8587871788137131117
StretchableCube-Yellow:0.09332802,0.790751,0.2245567,0.5188298,-0.5238537,0.6649014,0.1195788,0.01096617,0.01096617,0.01096617
StretchableCube-Red:-0.04086277,1.032868,0.2380873,-0.3336467,-0.6471527,-0.6612197,0.1807262,0.01057648,0.01057648,0.01057648
StretchableCube-Blue:0.0848969,0.8863246,0.367656,-0.2965265,0.7771899,-0.3458843,0.4340647,0.01018679,0.01018679,0.01018679
-8587871788136935910
StretchableCube-Yellow:0.09332802,0.790751,0.2245567,0.5188298,-0.5238537,0.6649014,0.1195788,0.01216838,0.01216838,0.01216838
StretchableCube-Red:-0.04086277,1.032868,0.2380873,-0.3336467,-0.6471527,-0.6612197,0.1807262,0.01176212,0.01176212,0.01176212
StretchableCube-Blue:0.0848969,0.8863246,0.367656,-0.2965265,0.7771899,-0.3458843,0.4340647,0.01135586,0.01135586,0.01135586
-8587871788136793011
StretchableCube-Yellow:0.09332802,0.790751,0.2245567,0.5188298,-0.5238537,0.6649014,0.1195788,0.01342128,0.01342128,0.01342128
StretchableCube-Red:-0.04086277,1.032868,0.2380873,-0.3336467,-0.6471527,-0.6612197,0.1807262,0.01299796,0.01299796,0.01299796
StretchableCube-Blue:0.0848969,0.8863246,0.367656,-0.2965265,0.7771899,-0.3458843,0.4340647,0.01257463,0.01257463,0.01257463
-8587871788136649170
StretchableCube-Yellow:0.09332802,0.790751,0.2245567,0.5188298,-0.5238537,0.6649014,0.1195788,0.01472339,0.01472339,0.01472339
StretchableCube-Red:-0.04086277,1.032868,0.2380873,-0.3336467,-0.6471527,-0.6612197,0.1807262,0.014284,0.014284,0.014284
StretchableCube-Blue:0.0848969,0.8863246,0.367656,-0.2965265,0.7771899,-0.3458843,0.4340647,0.01384461,0.01384461,0.01384461
-8587871788136474005
StretchableCube-Yellow:0.09332802,0.790751,0.2245567,0.5188298,-0.5238537,0.6649014,0.1195788,0.01607469,0.01607469,0.01607469
StretchableCube-Red:-0.04086277,1.032868,0.2380873,-0.3336467,-0.6471527,-0.6612197,0.1807262,0.01561874,0.01561874,0.01561874
StretchableCube-Blue:0.0848969,0.8863246,0.367656,-0.2965265,0.7771899,-0.3458843,0.4340647,0.01516278,0.01516278,0.01516278
-8587871788136302659
StretchableCube-Yellow:0.09332802,0.790751,0.2245567,0.5188298,-0.5238537,0.6649014,0.1195788,0.0174757,0.0174757,0.0174757
StretchableCube-Red:-0.04086277,1.032868,0.2380873,-0.3336467,-0.6471527,-0.6612197,0.1807262,0.01700317,0.01700317,0.01700317
StretchableCube-Blue:0.0848969,0.8863246,0.367656,-0.2965265,0.7771899,-0.3458843,0.4340647,0.01653065,0.01653065,0.01653065
-8587871788136132496
StretchableCube-Yellow:0.09332802,0.790751,0.2245567,0.5188298,-0.5238537,0.6649014,0.1195788,0.01892703,0.01892703,0.01892703
StretchableCube-Red:-0.04086277,1.032868,0.2380873,-0.3336467,-0.6471527,-0.6612197,0.1807262,0.01843763,0.01843763,0.01843763
StretchableCube-Blue:0.0848969,0.8863246,0.367656,-0.2965265,0.7771899,-0.3458843,0.4340647,0.01794822,0.01794822,0.01794822
-8587871788135973338
StretchableCube-Yellow:0.09332802,0.790751,0.2245567,0.5188298,-0.5238537,0.6649014,0.1195788,0.02042775,0.02042775,0.02042775
StretchableCube-Red:-0.04086277,1.032868,0.2380873,-0.3336467,-0.6471527,-0.6612197,0.1807262,0.01992209,0.01992209,0.01992209
StretchableCube-Blue:0.0848969,0.8863246,0.367656,-0.2965265,0.7771899,-0.3458843,0.4340647,0.01941644,0.01941644,0.01941644
-8587871788135801937
StretchableCube-Yellow:0.09332802,0.790751,0.2245567,0.5188298,-0.5238537,0.6649014,0.1195788,0.02197832,0.02197832,0.02197832
StretchableCube-Red:-0.04086277,1.032868,0.2380873,-0.3336467,-0.6471527,-0.6612197,0.1807262,0.02145586,0.02145586,0.02145586
StretchableCube-Blue:0.0848969,0.8863246,0.367656,-0.2965265,0.7771899,-0.3458843,0.4340647,0.02093341,0.02093341,0.02093341
-8587871788135643890
StretchableCube-Yellow:0.09332802,0.790751,0.2245567,0.5188298,-0.5238537,0.6649014,0.1195788,0.02357932,0.02357932,0.02357932
StretchableCube-Red:-0.04086277,1.032868,0.2380873,-0.3336467,-0.6471527,-0.6612197,0.1807262,0.02304005,0.02304005,0.02304005
StretchableCube-Blue:0.0848969,0.8863246,0.367656,-0.2965265,0.7771899,-0.3458843,0.4340647,0.02250078,0.02250078,0.02250078
-8587871788135481835
StretchableCube-Yellow:0.09332802,0.790751,0.2245567,0.5188298,-0.5238537,0.6649014,0.1195788,0.02522931,0.02522931,0.02522931
StretchableCube-Red:-0.04086277,1.032868,0.2380873,-0.3336467,-0.6471527,-0.6612197,0.1807262,0.02467395,0.02467395,0.02467395
StretchableCube-Blue:0.0848969,0.8863246,0.367656,-0.2965265,0.7771899,-0.3458843,0.4340647,0.02411859,0.02411859,0.02411859
-8587871788135311334
StretchableCube-Yellow:0.09332802,0.790751,0.2245567,0.5188298,-0.5238537,0.6649014,0.1195788,0.02692851,0.02692851,0.02692851
StretchableCube-Red:-0.04086277,1.032868,0.2380873,-0.3336467,-0.6471527,-0.6612197,0.1807262,0.02635659,0.02635659,0.02635659
StretchableCube-Blue:0.0848969,0.8863246,0.367656,-0.2965265,0.7771899,-0.3458843,0.4340647,0.02578466,0.02578466,0.02578466
-8587871788135150405
StretchableCube-Yellow:0.09332802,0.790751,0.2245567,0.5188298,-0.5238537,0.6649014,0.1195788,0.02867742,0.02867742,0.02867742
StretchableCube-Red:-0.04086277,1.032868,0.2380873,-0.3336467,-0.6471527,-0.6612197,0.1807262,0.02808893,0.02808893,0.02808893
StretchableCube-Blue:0.0848969,0.8863246,0.367656,-0.2965265,0.7771899,-0.3458843,0.4340647,0.02750044,0.02750044,0.02750044
-8587871788134980242
StretchableCube-Yellow:0.09332802,0.790751,0.2245567,0.5188298,-0.5238537,0.6649014,0.1195788,0.03047603,0.03047603,0.03047603
StretchableCube-Red:-0.04086277,1.032868,0.2380873,-0.3336467,-0.6471527,-0.6612197,0.1807262,0.02987097,0.02987097,0.02987097
StretchableCube-Blue:0.0848969,0.8863246,0.367656,-0.2965265,0.7771899,-0.3458843,0.4340647,0.0292659,0.0292659,0.0292659
-8587871788134809892
StretchableCube-Yellow:0.09332802,0.790751,0.2245567,0.5188298,-0.5238537,0.6649014,0.1195788,0.03232446,0.03232446,0.03232446
StretchableCube-Red:-0.04086277,1.032868,0.2380873,-0.3336467,-0.6471527,-0.6612197,0.1807262,0.03170278,0.03170278,0.03170278
StretchableCube-Blue:0.0848969,0.8863246,0.367656,-0.2965265,0.7771899,-0.3458843,0.4340647,0.03108109,0.03108109,0.03108109
-8587871788134639734
StretchableCube-Yellow:0.09332802,0.790751,0.2245567,0.5188298,-0.5238537,0.6649014,0.1195788,0.03422252,0.03422252,0.03422252
StretchableCube-Red:-0.04086277,1.032868,0.2380873,-0.3336467,-0.6471527,-0.6612197,0.1807262,0.03358433,0.03358433,0.03358433
StretchableCube-Blue:0.0848969,0.8863246,0.367656,-0.2965265,0.7771899,-0.3458843,0.4340647,0.03294614,0.03294614,0.03294614
-8587871788134479148
StretchableCube-Yellow:0.09332802,0.790751,0.2245567,0.5188298,-0.5238537,0.6649014,0.1195788,0.03617024,0.03617024,0.03617024
StretchableCube-Red:-0.04086277,1.032868,0.2380873,-0.3336467,-0.6471527,-0.6612197,0.1807262,0.03551548,0.03551548,0.03551548
StretchableCube-Blue:0.0848969,0.8863246,0.367656,-0.2965265,0.7771899,-0.3458843,0.4340647,0.03486071,0.03486071,0.03486071
-8587871788134320746
StretchableCube-Yellow:0.09332802,0.790751,0.2245567,0.5188298,-0.5238537,0.6649014,0.1195788,0.03816765,0.03816765,0.03816765
StretchableCube-Red:-0.04086277,1.032868,0.2380873,-0.3336467,-0.6471527,-0.6612197,0.1807262,0.03749633,0.03749633,0.03749633
StretchableCube-Blue:0.0848969,0.8863246,0.367656,-0.2965265,0.7771899,-0.3458843,0.4340647,0.036825,0.036825,0.036825
-8587871788134150644
StretchableCube-Yellow:0.09332802,0.790751,0.2245567,0.5188298,-0.5238537,0.6649014,0.1195788,0.04021475,0.04021475,0.04021475
StretchableCube-Red:-0.04086277,1.032868,0.2380873,-0.3336467,-0.6471527,-0.6612197,0.1807262,0.03952686,0.03952686,0.03952686
StretchableCube-Blue:0.0848969,0.8863246,0.367656,-0.2965265,0.7771899,-0.3458843,0.4340647,0.03883898,0.03883898,0.03883898
-8587871788133980551
StretchableCube-Yellow:0.09332802,0.790751,0.2245567,0.5188298,-0.5238537,0.6649014,0.1195788,0.04231183,0.04231183,0.04231183
StretchableCube-Red:-0.04086277,1.032868,0.2380873,-0.3336467,-0.6471527,-0.6612197,0.1807262,0.04160724,0.04160724,0.04160724
StretchableCube-Blue:0.0848969,0.8863246,0.367656,-0.2965265,0.7771899,-0.3458843,0.4340647,0.04090264,0.04090264,0.04090264
-8587871788133811250
StretchableCube-Yellow:0.09332802,0.790751,0.2245567,0.5188298,-0.5238537,0.6649014,0.1195788,0.04445847,0.04445847,0.04445847
StretchableCube-Red:-0.04086277,1.032868,0.2380873,-0.3336467,-0.6471527,-0.6612197,0.1807262,0.04373745,0.04373745,0.04373745
StretchableCube-Blue:0.0848969,0.8863246,0.367656,-0.2965265,0.7771899,-0.3458843,0.4340647,0.04301642,0.04301642,0.04301642
-8587871788133660851
StretchableCube-Yellow:0.09332802,0.790751,0.2245567,0.5188298,-0.5238537,0.6649014,0.1195788,0.04665467,0.04665467,0.04665467
StretchableCube-Red:-0.04086277,1.032868,0.2380873,-0.3336467,-0.6471527,-0.6612197,0.1807262,0.04591709,0.04591709,0.04591709
StretchableCube-Blue:0.0848969,0.8863246,0.367656,-0.2965265,0.7771899,-0.3458843,0.4340647,0.04517949,0.04517949,0.04517949
-8587871788133479741
StretchableCube-Yellow:0.09332802,0.790751,0.2245567,0.5188298,-0.5238537,0.6649014,0.1195788,0.04890161,0.04890161,0.04890161
StretchableCube-Red:-0.04086277,1.032868,0.2380873,-0.3336467,-0.6471527,-0.6612197,0.1807262,0.04814694,0.04814694,0.04814694
StretchableCube-Blue:0.0848969,0.8863246,0.367656,-0.2965265,0.7771899,-0.3458843,0.4340647,0.04739226,0.04739226,0.04739226
-8587871788133319588
StretchableCube-Yellow:0.09332802,0.790751,0.2245567,0.5188298,-0.5238537,0.6649014,0.1195788,0.05119773,0.05119773,0.05119773
StretchableCube-Red:-0.04086277,1.032868,0.2380873,-0.3336467,-0.6471527,-0.6612197,0.1807262,0.05042701,0.05042701,0.05042701
StretchableCube-Blue:0.0848969,0.8863246,0.367656,-0.2965265,0.7771899,-0.3458843,0.4340647,0.04965628,0.04965628,0.04965628
-8587871788133148744
StretchableCube-Yellow:0.09332802,0.790751,0.2245567,0.5188298,-0.5238537,0.6649014,0.1195788,0.05354402,0.05354402,0.05354402
StretchableCube-Red:-0.04086277,1.032868,0.2380873,-0.3336467,-0.6471527,-0.6612197,0.1807262,0.05275625,0.05275625,0.05275625
StretchableCube-Blue:0.0848969,0.8863246,0.367656,-0.2965265,0.7771899,-0.3458843,0.4340647,0.05196846,0.05196846,0.05196846
-8587871788132988590
-8587871788132805169
-8587871788132664843
-8587871788132494721
-8587871788132332394
-8587871788132163099
-8587871788131982397
-8587871788131841584
-8587871788131671583
-8587871788131501123
-8587871788131315853
-8587871788131171815
-8587871788131009383
-8587871788130840682
-8587871788130689373
-8587871788130516704
-8587871788130349657
-8587871788130189291
-8587871788130028838
-8587871788129818857
-8587871788129695092
-8587871788129524765
-8587871788129361552
-8587871788129191515
-8587871788129030826
-8587871788128870238
-8587871788128694847
-8587871788128533957
-8587871788128362875
-8587871788128199270
-8587871788128039017
-8587871788127882369
-8587871788127702437
-8587871788127541968
-8587871788127372113
-8587871788127208240
-8587871788127037601
-8587871788126877555
-8587871788126707207
-8587871788126546762
-8587871788126376361
-8587871788126208333
-8587871788126053154
-8587871788125885413
-8587871788125715222
-8587871788125550071
-8587871788125384898
-8587871788125214730
-8587871788125064591
-8587871788124884419
-8587871788124714256
-8587871788124554084
-8587871788124393747
-8587871788124223589
-8587871788124064109
-8587871788123893285
-8587871788123732825
-8587871788123562163
-8587871788123401892
-8587871788123232763
-8587871788123072392
-8587871788122902032
-8587871788122736400
-8587871788122565802
-8587871788122405262
-8587871788122234720
-8587871788122085088
-8587871788121904888
-8587871788121744734
-8587871788121571622
-8587871788121411295
-8587871788121240894
-8587871788121080387
-8587871788120910322
-8587871788120750040
-8587871788120582550
-8587871788120412029
-8587871788120256325
-8587871788120087915
-8587871788119914089
-8587871788119752584
-8587871788119587508
-8587871788119416290
-8587871788119266034
-8587871788119085403
-8587871788118929404
-8587871788118756423
-8587871788118595699
-8587871788118425920
-8587871788118266148
-8587871788118095916
-8587871788117935409
-8587871788117766319
-8587871788117596153
-8587871788117425163
-8587871788117275762
-8587871788117097691
-8587871788116936673
-8587871788116728901
-8587871788116600230
-8587871788116435011
-8587871788116282315
-8587871788116105229
-8587871788115944884
-8587871788115772161
-8587871788115601709
-8587871788115441988
-8587871788115286269
-8587871788115110978
-8587871788114951063
-8587871788114780818
-8587871788114615030
-8587871788114455005
-8587871788114284683
-8587871788114124591
-8587871788113954526
-8587871788113784360
-8587871788113624209
-8587871788113463933
-8587871788113293768
-8587871788113123728
-8587871788112964785
-8587871788112794543
-8587871788112629927
-8587871788112471371
-8587871788112294074
-8587871788112133534
-8587871788111968222
-8587871788111798136
-8587871788111637921
-8587871788111477627
-8587871788111301998
-8587871788111143274
-8587871788110968354
-8587871788110803178
-8587871788110639881
-8587871788110481870
-8587871788110306273
-8587871788110146217
-8587871788109976340
-8587871788109816407
-8587871788109646277
-8587871788109484094
-8587871788109315951
-8587871788109145737
-8587871788108989262
-8587871788108822253
-8587871788108660971
-8587871788108487362
-8587871788108320904
-8587871788108160502
-8587871788107986481
-8587871788107823814
-8587871788107663491
-8587871788107492965
-8587871788107322088
-8587871788107161829
-8587871788106991513
-8587871788106830694
-8587871788106669913
-8587871788106494917
-8587871788106333668
-8587871788106164138
-8587871788106003984
-8587871788105832385
-8587871788105675570
-8587871788105504677
-8587871788105341867
-8587871788105171256
-8587871788105000988
-8587871788104840832
-8587871788104680986
-8587871788104510511
-8587871788104340161
-8587871788104179949
-8587871788104019155
-8587871788103861547
-8587871788103637857
-8587871788103520770
-8587871788103350482
-8587871788103188201
-8587871788103018120
StretchableCube-Yellow:0.09332802,0.790751,0.2245567,0.5188298,-0.5238537,0.6649014,0.1195788,0.05114761,0.05114761,0.05114761
StretchableCube-Red:-0.04086277,1.032868,0.2380873,-0.3336467,-0.6471527,-0.6612197,0.1807262,0.05037636,0.05037636,0.05037636
StretchableCube-Blue:0.0848969,0.8863246,0.367656,-0.2965265,0.7771899,-0.3458843,0.4340647,0.04960511,0.04960511,0.04960511
-8587871788102857977
StretchableCube-Yellow:0.09332802,0.790751,0.2245567,0.5188298,-0.5238537,0.6649014,0.1195788,0.04870152,0.04870152,0.04870152
StretchableCube-Red:-0.04086277,1.032868,0.2380873,-0.3336467,-0.6471527,-0.6612197,0.1807262,0.04794684,0.04794684,0.04794684
StretchableCube-Blue:0.0848969,0.8863246,0.367656,-0.2965265,0.7771899,-0.3458843,0.4340647,0.04719216,0.04719216,0.04719216
-8587871788102687799
StretchableCube-Yellow:0.09332802,0.790751,0.2245567,0.5188298,-0.5238537,0.6649014,0.1195788,0.04620511,0.04620511,0.04620511
StretchableCube-Red:-0.04086277,1.032868,0.2380873,-0.3336467,-0.6471527,-0.6612197,0.1807262,0.04546731,0.04546731,0.04546731
StretchableCube-Blue:0.0848969,0.8863246,0.367656,-0.2965265,0.7771899,-0.3458843,0.4340647,0.0447295,0.0447295,0.0447295
-8587871788102517636
StretchableCube-Yellow:0.09332802,0.790751,0.2245567,0.5188298,-0.5238537,0.6649014,0.1195788,0.04365931,0.04365931,0.04365931
StretchableCube-Red:-0.04086277,1.032868,0.2380873,-0.3336467,-0.6471527,-0.6612197,0.1807262,0.04293777,0.04293777,0.04293777
StretchableCube-Blue:0.0848969,0.8863246,0.367656,-0.2965265,0.7771899,-0.3458843,0.4340647,0.04221621,0.04221621,0.04221621
-8587871788102357482
StretchableCube-Yellow:0.09332802,0.790751,0.2245567,0.5188298,-0.5238537,0.6649014,0.1195788,0.04106412,0.04106412,0.04106412
StretchableCube-Red:-0.04086277,1.032868,0.2380873,-0.3336467,-0.6471527,-0.6612197,0.1807262,0.04035915,0.04035915,0.04035915
StretchableCube-Blue:0.0848969,0.8863246,0.367656,-0.2965265,0.7771899,-0.3458843,0.4340647,0.03965416,0.03965416,0.03965416
-8587871788102187322
StretchableCube-Yellow:0.09332802,0.790751,0.2245567,0.5188298,-0.5238537,0.6649014,0.1195788,0.03841792,0.03841792,0.03841792
StretchableCube-Red:-0.04086277,1.032868,0.2380873,-0.3336467,-0.6471527,-0.6612197,0.1807262,0.03773017,0.03773017,0.03773017
StretchableCube-Blue:0.0848969,0.8863246,0.367656,-0.2965265,0.7771899,-0.3458843,0.4340647,0.03704241,0.03704241,0.03704241
-8587871788102027169
StretchableCube-Yellow:0.09332802,0.790751,0.2245567,0.5188298,-0.5238537,0.6649014,0.1195788,0.03572246,0.03572246,0.03572246
StretchableCube-Red:-0.04086277,1.032868,0.2380873,-0.3336467,-0.6471527,-0.6612197,0.1807262,0.03505072,0.03505072,0.03505072
StretchableCube-Blue:0.0848969,0.8863246,0.367656,-0.2965265,0.7771899,-0.3458843,0.4340647,0.03437898,0.03437898,0.03437898
-8587871788101867018
StretchableCube-Yellow:0.09332802,0.790751,0.2245567,0.5188298,-0.5238537,0.6649014,0.1195788,0.03297696,0.03297696,0.03297696
StretchableCube-Red:-0.04086277,1.032868,0.2380873,-0.3336467,-0.6471527,-0.6612197,0.1807262,0.03232223,0.03232223,0.03232223
StretchableCube-Blue:0.0848969,0.8863246,0.367656,-0.2965265,0.7771899,-0.3458843,0.4340647,0.03166749,0.03166749,0.03166749
-8587871788101696868
StretchableCube-Yellow:0.09332802,0.790751,0.2245567,0.5188298,-0.5238537,0.6649014,0.1195788,0.03018242,0.03018242,0.03018242
StretchableCube-Red:-0.04086277,1.032868,0.2380873,-0.3336467,-0.6471527,-0.6612197,0.1807262,0.02954371,0.02954371,0.02954371
StretchableCube-Blue:0.0848969,0.8863246,0.367656,-0.2965265,0.7771899,-0.3458843,0.4340647,0.02890498,0.02890498,0.02890498
-8587871788101526697
StretchableCube-Yellow:0.09332802,0.790751,0.2245567,0.5188298,-0.5238537,0.6649014,0.1195788,0.02733779,0.02733779,0.02733779
StretchableCube-Red:-0.04086277,1.032868,0.2380873,-0.3336467,-0.6471527,-0.6612197,0.1807262,0.02671612,0.02671612,0.02671612
StretchableCube-Blue:0.0848969,0.8863246,0.367656,-0.2965265,0.7771899,-0.3458843,0.4340647,0.02609443,0.02609443,0.02609443
-8587871788101366577
StretchableCube-Yellow:0.09332802,0.790751,0.2245567,0.5188298,-0.5238537,0.6649014,0.1195788,0.02444391,0.02444391,0.02444391
StretchableCube-Red:-0.04086277,1.032868,0.2380873,-0.3336467,-0.6471527,-0.6612197,0.1807262,0.02383835,0.02383835,0.02383835
StretchableCube-Blue:0.0848969,0.8863246,0.367656,-0.2965265,0.7771899,-0.3458843,0.4340647,0.02323277,0.02323277,0.02323277
-8587871788101196795
StretchableCube-Yellow:0.09332802,0.790751,0.2245567,0.5188298,-0.5238537,0.6649014,0.1195788,0.02150021,0.02150021,0.02150021
StretchableCube-Red:-0.04086277,1.032868,0.2380873,-0.3336467,-0.6471527,-0.6612197,0.1807262,0.02091151,0.02091151,0.02091151
StretchableCube-Blue:0.0848969,0.8863246,0.367656,-0.2965265,0.7771899,-0.3458843,0.4340647,0.02032278,0.02032278,0.02032278
-8587871788101025870
StretchableCube-Yellow:0.09332802,0.790751,0.2245567,0.5188298,-0.5238537,0.6649014,0.1195788,0.01850713,0.01850713,0.01850713
StretchableCube-Red:-0.04086277,1.032868,0.2380873,-0.3336467,-0.6471527,-0.6612197,0.1807262,0.01793469,0.01793469,0.01793469
StretchableCube-Blue:0.0848969,0.8863246,0.367656,-0.2965265,0.7771899,-0.3458843,0.4340647,0.01736223,0.01736223,0.01736223
-8587871788100865440
StretchableCube-Yellow:0.09332802,0.790751,0.2245567,0.5188298,-0.5238537,0.6649014,0.1195788,0.01546398,0.01546398,0.01546398
StretchableCube-Red:-0.04086277,1.032868,0.2380873,-0.3336467,-0.6471527,-0.6612197,0.1807262,0.01490844,0.01490844,0.01490844
StretchableCube-Blue:0.0848969,0.8863246,0.367656,-0.2965265,0.7771899,-0.3458843,0.4340647,0.01435288,0.01435288,0.01435288
-8587871788100696920
StretchableCube-Yellow:0.09332802,0.790751,0.2245567,0.5188298,-0.5238537,0.6649014,0.1195788,0.01237147,0.01237147,0.01237147
StretchableCube-Red:-0.04086277,1.032868,0.2380873,-0.3336467,-0.6471527,-0.6612197,0.1807262,0.01183216,0.01183216,0.01183216
StretchableCube-Blue:0.0848969,0.8863246,0.367656,-0.2965265,0.7771899,-0.3458843,0.4340647,0.01129283,0.01129283,0.01129283
-8587871788100530426
StretchableCube-Yellow:0.09332802,0.790751,0.2245567,0.5188298,-0.5238537,0.6649014,0.1195788,0.009229224,0.009229224,0.009229224
StretchableCube-Red:-0.04086277,1.032868,0.2380873,-0.3336467,-0.6471527,-0.6612197,0.1807262,0.008706663,0.008706663,0.008706663
StretchableCube-Blue:0.0848969,0.8863246,0.367656,-0.2965265,0.7771899,-0.3458843,0.4340647,0.008184079,0.008184079,0.008184079
-8587871788100367823
StretchableCube-Yellow:0.09332802,0.790751,0.2245567,0.5188298,-0.5238537,0.6649014,0.1195788,0.006036716,0.006036716,0.006036716
StretchableCube-Red:-0.04086277,1.032868,0.2380873,-0.3336467,-0.6471527,-0.6612197,0.1807262,0.005530914,0.005530914,0.005530914
StretchableCube-Blue:0.0848969,0.8863246,0.367656,-0.2965265,0.7771899,-0.3458843,0.4340647,0.00502509,0.00502509,0.00502509
-8587871788100199636
StretchableCube-Yellow:0.09332802,0.790751,0.2245567,0.5188298,-0.5238537,0.6649014,0.1195788,0.002794838,0.002794838,0.002794838
StretchableCube-Red:-0.04086277,1.032868,0.2380873,-0.3336467,-0.6471527,-0.6612197,0.1807262,0.002305341,0.002305341,0.002305341
StretchableCube-Blue:0.0848969,0.8863246,0.367656,-0.2965265,0.7771899,-0.3458843,0.4340647,0.001815822,0.001815822,0.001815822
-8587871788100034463
StretchableCube-Yellow:0.15,0.98,0.3,0.5188298,-0.5238537,0.6649014,0.1195788,-0.0004964019,-0.0004964019,-0.0004964019
StretchableCube-Red:0,0.98,0.3,-0.3336467,-0.6471527,-0.6612197,0.1807262,-0.0009693699,-0.0009693699,-0.0009693699
StretchableCube-Blue:-0.15,0.98,0.3,-0.2965265,0.7771899,-0.3458843,0.4340647,-0.001442361,-0.001442361,-0.001442361
-8587871788099879299
StretchableCube-Yellow:0.15,0.98,0.3,0.5188298,-0.5238537,0.6649014,0.1195788,0.002844355,0.002844355,0.002844355
StretchableCube-Red:0,0.98,0.3,-0.3336467,-0.6471527,-0.6612197,0.1807262,0.002354893,0.002354893,0.002354893
StretchableCube-Blue:-0.15,0.98,0.3,-0.2965265,0.7771899,-0.3458843,0.4340647,0.001865408,0.001865408,0.001865408
-8587871788099708962
StretchableCube-Yellow:0.15,0.98,0.3,0.5188298,-0.5238537,0.6649014,0.1195788,0.006234741,0.006234741,0.006234741
StretchableCube-Red:0,0.98,0.3,-0.3336467,-0.6471527,-0.6612197,0.1807262,0.005728711,0.005728711,0.005728711
StretchableCube-Blue:-0.15,0.98,0.3,-0.2965265,0.7771899,-0.3458843,0.4340647,0.00522266,0.00522266,0.00522266
-8587871788099546640
StretchableCube-Yellow:0.15,0.98,0.3,0.5188298,-0.5238537,0.6649014,0.1195788,0.009674825,0.009674825,0.009674825
StretchableCube-Red:0,0.98,0.3,-0.3336467,-0.6471527,-0.6612197,0.1807262,0.00915223,0.00915223,0.00915223
StretchableCube-Blue:-0.15,0.98,0.3,-0.2965265,0.7771899,-0.3458843,0.4340647,0.008629612,0.008629612,0.008629612
-8587871788099376339
StretchableCube-Yellow:0.15,0.98,0.3,0.5188298,-0.5238537,0.6649014,0.1195788,0.01316487,0.01316487,0.01316487
StretchableCube-Red:0,0.98,0.3,-0.3336467,-0.6471527,-0.6612197,0.1807262,0.01262558,0.01262558,0.01262558
StretchableCube-Blue:-0.15,0.98,0.3,-0.2965265,0.7771899,-0.3458843,0.4340647,0.01208626,0.01208626,0.01208626
-8587871788099206217
StretchableCube-Yellow:0.15,0.98,0.3,0.5188298,-0.5238537,0.6649014,0.1195788,0.01670559,0.01670559,0.01670559
StretchableCube-Red:0,0.98,0.3,-0.3336467,-0.6471527,-0.6612197,0.1807262,0.01614931,0.01614931,0.01614931
StretchableCube-Blue:-0.15,0.98,0.3,-0.2965265,0.7771899,-0.3458843,0.4340647,0.01559301,0.01559301,0.01559301
-8587871788099046158
StretchableCube-Yellow:0.15,0.98,0.3,0.5188298,-0.5238537,0.6649014,0.1195788,0.02029533,0.02029533,0.02029533
StretchableCube-Red:0,0.98,0.3,-0.3336467,-0.6471527,-0.6612197,0.1807262,0.01972304,0.01972304,0.01972304
StretchableCube-Blue:-0.15,0.98,0.3,-0.2965265,0.7771899,-0.3458843,0.4340647,0.01915072,0.01915072,0.01915072
-8587871788098875898
StretchableCube-Yellow:0.15,0.98,0.3,0.5188298,-0.5238537,0.6649014,0.1195788,0.02393516,0.02393516,0.02393516
StretchableCube-Red:0,0.98,0.3,-0.3336467,-0.6471527,-0.6612197,0.1807262,0.02334583,0.02334583,0.02334583
StretchableCube-Blue:-0.15,0.98,0.3,-0.2965265,0.7771899,-0.3458843,0.4340647,0.02275647,0.02275647,0.02275647
-8587871788098715714
StretchableCube-Yellow:0.15,0.98,0.3,0.5188298,-0.5238537,0.6649014,0.1195788,0.02762422,0.02762422,0.02762422
StretchableCube-Red:0,0.98,0.3,-0.3336467,-0.6471527,-0.6612197,0.1807262,0.02701879,0.02701879,0.02701879
StretchableCube-Blue:-0.15,0.98,0.3,-0.2965265,0.7771899,-0.3458843,0.4340647,0.02641334,0.02641334,0.02641334
-8587871788098545095
StretchableCube-Yellow:0.15,0.98,0.3,0.5188298,-0.5238537,0.6649014,0.1195788,0.0313625,0.0313625,0.0313625
StretchableCube-Red:0,0.98,0.3,-0.3336467,-0.6471527,-0.6612197,0.1807262,0.03074051,0.03074051,0.03074051
StretchableCube-Blue:-0.15,0.98,0.3,-0.2965265,0.7771899,-0.3458843,0.4340647,0.03011849,0.03011849,0.03011849
-8587871788098385165
StretchableCube-Yellow:0.15,0.98,0.3,0.5188298,-0.5238537,0.6649014,0.1195788,0.03515049,0.03515049,0.03515049
StretchableCube-Red:0,0.98,0.3,-0.3336467,-0.6471527,-0.6612197,0.1807262,0.03451193,0.03451193,0.03451193
StretchableCube-Blue:-0.15,0.98,0.3,-0.2965265,0.7771899,-0.3458843,0.4340647,0.03387334,0.03387334,0.03387334
-8587871788098214592
StretchableCube-Yellow:0.15,0.98,0.3,0.5188298,-0.5238537,0.6649014,0.1195788,0.03898883,0.03898883,0.03898883
StretchableCube-Red:0,0.98,0.3,-0.3336467,-0.6471527,-0.6612197,0.1807262,0.03833338,0.03833338,0.03833338
StretchableCube-Blue:-0.15,0.98,0.3,-0.2965265,0.7771899,-0.3458843,0.4340647,0.03767789,0.03767789,0.03767789
-8587871788098057490
StretchableCube-Yellow:0.15,0.98,0.3,0.5188298,-0.5238537,0.6649014,0.1195788,0.04287654,0.04287654,0.04287654
StretchableCube-Red:0,0.98,0.3,-0.3336467,-0.6471527,-0.6612197,0.1807262,0.04220485,0.04220485,0.04220485
StretchableCube-Blue:-0.15,0.98,0.3,-0.2965265,0.7771899,-0.3458843,0.4340647,0.04153313,0.04153313,0.04153313
-8587871788097881964
StretchableCube-Yellow:0.15,0.98,0.3,0.5188298,-0.5238537,0.6649014,0.1195788,0.04681363,0.04681363,0.04681363
StretchableCube-Red:0,0.98,0.3,-0.3336467,-0.6471527,-0.6612197,0.1807262,0.04612537,0.04612537,0.04612537
StretchableCube-Blue:-0.15,0.98,0.3,-0.2965265,0.7771899,-0.3458843,0.4340647,0.04543708,0.04543708,0.04543708
-8587871788097722448
StretchableCube-Yellow:0.15,0.98,0.3,0.5188298,-0.5238537,0.6649014,0.1195788,0.05080041,0.05080041,0.05080041
StretchableCube-Red:0,0.98,0.3,-0.3336467,-0.6471527,-0.6612197,0.1807262,0.05009558,0.05009558,0.05009558
StretchableCube-Blue:-0.15,0.98,0.3,-0.2965265,0.7771899,-0.3458843,0.4340647,0.04939073,0.04939073,0.04939073
-8587871788097551794
StretchableCube-Yellow:0.15,0.98,0.3,0.5188298,-0.5238537,0.6649014,0.1195788,0.05483754,0.05483754,0.05483754
StretchableCube-Red:0,0.98,0.3,-0.3336467,-0.6471527,-0.6612197,0.1807262,0.05411582,0.05411582,0.05411582
StretchableCube-Blue:-0.15,0.98,0.3,-0.2965265,0.7771899,-0.3458843,0.4340647,0.05339408,0.05339408,0.05339408
-8587871788097342130
-8587871788097222012
-8587871788097061557
-8587871788096517606
-8587871788096367555
-8587871788096198521
-8587871788096028307
-8587871788095878363
-8587871788095698236
-8587871788095538091
-8587871788095367928
-8587871788095207774
-8587871788095037424
-8587871788094877123
-8587871788094670572
-8587871788094530578
-8587871788094370428
-8587871788094210134
-8587871788094049760
-8587871788093889602
-8587871788093709437
-8587871788093549281
-8587871788093379120
-8587871788093218847
-8587871788093058696
-8587871788092878009
-8587871788092713928
-8587871788092553875
-8587871788092383715
-8587871788092223426
-8587871788092063971
-8587871788091894015
-8587871788091725007
-8587871788091554560
-8587871788091394266
-8587871788091224251
-8587871788091073959
-8587871788090893920
-8587871788090723767
-8587871788090563473
-8587871788090403320
-8587871788090233300
-8587871788090072985
-8587871788089902817
-8587871788089732821
-8587871788089572506
-8587871788089409148
-8587871788089239128
-8587871788089078982
-8587871788088908817
-8587871788088738651
-8587871788088580121
-8587871788088409607
-8587871788088249605
-8587871788088082706
-8587871788087912556
-8587871788087751473
-8587871788087581195
-8587871788087421185
-8587871788087261024
-8587871788087080862
-8587871788086920701
-8587871788086701268
-8587871788086591165
-8587871788086420734
-8587871788086270393
-8587871788086093927
-8587871788085923447
-8587871788085757288
-8587871788085593799
-8587871788085422742
-8587871788085272683
-8587871788085092382
-8587871788084932224
-8587871788084772214
-8587871788084601736
-8587871788084431576
-8587871788084276064
-8587871788084100571
-8587871788083940254
-8587871788083770096
-8587871788083607897
-8587871788083438822
-8587871788083286815
-8587871788083106483
-8587871788082946187
-8587871788082778120
-8587871788082617993
-8587871788082457819
-8587871788082278540
-8587871788082118386
-8587871788081948223
-8587871788081788070
-8587871788081617907
-8587871788081456205
-8587871788081290494
-8587871788081120336
-8587871788080960183
-8587871788080791999
-8587871788080571944
-8587871788080471853
-8587871788080290403
-8587871788080125281
-8587871788079961518
-8587871788079791383
-8587871788079631066
-8587871788079470972
-8587871788079300803
-8587871788079130646
-8587871788078970492
-8587871788078800329
-8587871788078640291
-8587871788078480135
-8587871788078309975
-8587871788078139812
-8587871788077969480
-8587871788077809173
-8587871788077639187
-8587871788077483979
-8587871788077312508
-8587871788077142345
-8587871788076982097
-8587871788076811937
-8587871788076661721
-8587871788076478234
-8587871788076318083
-8587871788076153677
-8587871788075983356
-8587871788075823126
-8587871788075662668
-8587871788075492364
-8587871788075322206
-8587871788075162050
-8587871788074991752
-8587871788074831475
-8587871788074666013
-8587871788074493666
-8587871788074328495
-8587871788074168147
-8587871788073997933
-8587871788073784795
-8587871788073664680
-8587871788073504524
-8587871788073334364
-8587871788073174211
-8587871788073003886
-8587871788072839217
-8587871788072679054
-8587871788072505834
-8587871788072346280
-8587871788072166112
-8587871788072010058
-8587871788071849904
-8587871788071679613
-8587871788071508836
-8587871788071348800
-8587871788071178863
-8587871788071018709
-8587871788070862191
-8587871788070677969
-8587871788070517396
-8587871788070353195
-8587871788070183037
-8587871788070022733
-8587871788069866619
-8587871788069689623
-8587871788069524332
-8587871788069357172
-8587871788069191719
-8587871788069030122
-8587871788068872767
-8587871788068701275
-8587871788068531368
-8587871788068361203
-8587871788068201052
-8587871788068030887
-8587871788067880745
-8587871788067700576
-8587871788067540420
-8587871788067370259
-8587871788067200096
-8587871788067039940
-8587871788066879787
-8587871788066709622
-8587871788066539208
-8587871788066379057
-8587871788066208894
-8587871788066058745
-8587871788065878578
-8587871788065718427
-8587871788065548095
-8587871788065388093
-8587871788065217766
-8587871788065057689
-8587871788064881106
-8587871788064720950
-8587871788064560799
-8587871788064390634
-8587871788064222375
-8587871788064066740
-8587871788063896552
-8587871788063725641
-8587871788063554908
-8587871788063397614
-8587871788063226941
-8587871788063072016
-8587871788062901717
-8587871788062731352
-8587871788062571201
-8587871788062407543
-8587871788062237418
-8587871788062077227
-8587871788061899110
-8587871788061738959
-8587871788061568604
-8587871788061408182
-8587871788061238290
-8587871788061088052
-8587871788060907027
-8587871788060746879
-8587871788060576460
-8587871788060416473
-8587871788060246307
-8587871788060086157
-8587871788059915991
-8587871788059745667
-8587871788059581912
-8587871788059421756
-8587871788059261646
-8587871788059091324
-8587871788058920810
-8587871788058761448
-8587871788058591144
-8587871788058430994
-8587871788058270725
-8587871788058090668
-8587871788057930504
-8587871788057760354
-8587871788057600198
-8587871788057427124
-8587871788057277472
-8587871788057105346
-8587871788056935185
-8587871788056765025
-8587871788056604869
-8587871788056434706
-8587871788056274435
-8587871788056104385
-8587871788055934227
-8587871788055774074
-8587871788055613923
-8587871788055443760
-8587871788055283445
-8587871788055113441
-8587871788054943281
-8587871788054777426
-8587871788054617291
-8587871788054445971
-8587871788054285866
-8587871788054115700
-8587871788053956684
-8587871788053786449
-8587871788053621657
-8587871788053461435
-8587871788053285681
-8587871788053120284
-8587871788052960134
-8587871788052789973
-8587871788052629817
-8587871788052469659
-8587871788052289353
-8587871788052129200
-8587871788051969041
-8587871788051798732
-8587871788051627988
-8587871788051472033
-8587871788051301735
-8587871788051131380
-8587871788050971227
-8587871788050809358
-8587871788050639082
-8587871788050478885
-8587871788050311782
-8587871788050140702
-8587871788049975298
-8587871788049815148
-8587871788049654994
-8587871788049479811
-8587871788049318194
-8587871788049147869
-8587871788048977578
-8587871788048817305
-8587871788048647144
-8587871788048487096
-8587871788048317148
-8587871788048155768
-8587871788047985503
-8587871788047825055
-8587871788047664948
-8587871788047490121
-8587871788047328926
-8587871788047158763
-8587871788046998410
-8587871788046828078
-8587871788046668083
-8587871788046494761
-8587871788046334464
-8587871788046164260
-8587871788046004110
-8587871788045833947
-8587871788045673796
-8587871788045503630
-8587871788045333467
-8587871788045173314
-8587871788045003033
-8587871788044842982
-8587871788044682673
-8587871788044512669
-8587871788044342519
-8587871788044182365
-8587871788044012187
-8587871788043857003
-8587871788043680998
-8587871788043515837
-8587871788043352356
-8587871788043182072
-8587871788043022029
-8587871788042861881
-8587871788042683672
-8587871788042523513
-8587871788042353356
-8587871788042192844
-8587871788042020436
-8587871788041870167
-8587871788041689984
-8587871788041529830
-8587871788041359550
-8587871788041199514
-8587871788041031712
-8587871788040870928
-8587871788040700765
-8587871788040530464
-8587871788040370303
-8587871788040200145
-8587871788040029985
-8587871788039879836
-8587871788039709681
-8587871788039539357
-8587871788039369178
-8587871788039207230
-8587871788039047077
-8587871788038885705
-8587871788038705418
-8587871788038546088
-8587871788038383631
-8587871788038209213
-8587871788038056638
-8587871788037881347
-8587871788037711207
-8587871788037551141
-8587871788037386730
-8587871788037216567
-8587871788037048409
-8587871788036888258
-8587871788036723120
-8587871788036552970
-8587871788036392817
-8587871788036222654
-8587871788036072362
-8587871788035892338
-8587871788035732169
-8587871788035562021
-8587871788035401868
-8587871788035231449
-8587871788035071388
-8587871788034901228
-8587871788034731065
-8587871788034570911
-8587871788034380727
-8587871788034190544
-8587871788034080324
-8587871788033900269
-8587871788033740116
-8587871788033580886
-8587871788033410718
-8587871788033250570
-8587871788033075385
-8587871788032915019
-8587871788032746051
-8587871788032578297
-8587871788032418147
-8587871788032257991
-8587871788032087828
-8587871788031907655
-8587871788031757511
-8587871788031587346
-8587871788031417183
-8587871788031267042
-8587871788031086869
-8587871788030926716
-8587871788030756212
-8587871788030595847
-8587871788030425848
-8587871788030265694
-8587871788030093527
-8587871788029933373
-8587871788029769429
-8587871788029599261
-8587871788029429100
-8587871788029278959
-8587871788029102048
-8587871788028931985
-8587871788028775451
-8587871788028605270
-8587871788028445074
-8587871788028284920
-8587871788028104612
-8587871788027944456
-8587871788027774086
-8587871788027613935
-8587871788027453784
-8587871788027283619
-8587871788027113458
-8587871788026953305
-8587871788026783024
-8587871788026612813
-8587871788026452664
-8587871788026282550
-8587871788026122397
-8587871788025951939
-8587871788025791599
-8587871788025621441
-8587871788025471208
-8587871788025291125
-8587871788025130972
-8587871788024960809
-8587871788024793836
-8587871788024626407
-8587871788024456293
-8587871788024296242
-8587871788024136078
-8587871788023965795
-8587871788023801085
-8587871788023635279
-8587871788023475218
-8587871788023304914
-8587871788023134756
-8587871788022974600
-8587871788022804440
-8587871788022644281
-8587871788022484041
-8587871788022308783
-8587871788022142717
-8587871788021972556
-8587871788021812403
-8587871788021642240
-8587871788021491927
-8587871788021311924
-8587871788021151770
-8587871788020971598
-8587871788020821441
-8587871788020661293
-8587871788020491140
-8587871788020320972
-8587871788020160821
-8587871788019990658
-8587871788019821420
-8587871788019664482
-8587871788019488738
-8587871788019333059
-8587871788019068722
-8587871788018908712
-8587871788018748397
-8587871788018578388
-8587871788018407892
-8587871788018242035
-8587871788018090837
-8587871788017920118
-8587871788017756683
-8587871788017586543
-8587871788017416483
-8587871788017266195
-8587871788017086637
-8587871788016920540
-8587871788016760033
-8587871788016590024
-8587871788016429100
-8587871788016268775
-8587871788016096444
-8587871788015926291
-8587871788015766120
-8587871788015595975
-8587871788015435660
-8587871788015275653
-8587871788015055406
-8587871788014935275
-8587871788014765950
-8587871788014605645
-8587871788014435549
-8587871788014285418
-8587871788014105030
-8587871788013944880
-8587871788013774717
-8587871788013614392
-8587871788013444236
-8587871788013284232
-8587871788013111793
-8587871788012945462
-8587871788012780286
-8587871788012614603
-8587871788012458978
-8587871788012288452
-8587871788012118287
-8587871788011958156
-8587871788011788134
-8587871788011617974
-8587871788011461691
-8587871788011291193
-8587871788011121032
-8587871788010960876
-8587871788010790716
-8587871788010624150
-8587871788010473909
-8587871788010293834
-8587871788010133519
-8587871788009963515
-8587871788009803364
-8587871788009623189
-8587871788009473045
-8587871788009302882
-8587871788009132722
-8587871788008972568
-8587871788008802406
-8587871788008642250
-8587871788008482099
-8587871788008311936
-8587871788008143665
-8587871788007973502
-8587871788007813346
-8587871788007604335
-8587871788007484046
-8587871788007311495
-8587871788007149332
-8587871788006985415
-8587871788006815255
-8587871788006664996
-8587871788006484938
-8587871788006324621
-8587871788006154461
-8587871788005984298
-8587871788005824303
-8587871788005664086
-8587871788005493925
-8587871788005323765
-8587871788005160737
-8587871788004996616
-8587871788004826294
-8587871788004676396
-8587871788004496228
-8587871788004335983
-8587871788004167310
-8587871788003997147
-8587871788003831380
-8587871788003681243
-8587871788003502963
-8587871788003339159
-8587871788003118774
-8587871788002948649
-8587871788002788591
-8587871788002618428
-8587871788002463492
-8587871788002293485
-8587871788002122615
-8587871788001962339
-8587871788001788283
-8587871788001631009
-8587871788001470853
-8587871788001292816
-8587871788001132662
-8587871788000962499
-8587871788000802333
-8587871788000637237
-8587871788000476981
-8587871788000305418
-8587871788000135311
-8587871787999969124
-8587871787999808963
-8587871787999638953
-8587871787999481580
-8587871787999311105
-8587871787999144838
-8587871787998974540
-8587871787998812986
-8587871787998642127
-8587871787998491991
-8587871787998311662
-8587871787998151662
-8587871787997981392
-8587871787997821241
-8587871787997661193
-8587871787997481035
-8587871787997320864
-8587871787997140543
-8587871787996982558
-8587871787996823646
-8587871787996660854
-8587871787996490750
-8587871787996330555
-8587871787996160392
-8587871787995990234
-8587871787995830076
-8587871787995666088
-8587871787995485723
-8587871787995335682
-8587871787995164910
-8587871787995004605
-8587871787994834604
-8587871787994674289
-8587871787994504149
-8587871787994273972
-8587871787994173974
-8587871787994003690
-8587871787993843642
-8587871787993672245
-8587871787993512033
-8587871787993344112
-8587871787993174049
-8587871787993013904
-8587871787992853684
-8587871787992678009
-8587871787992512792
-8587871787992352485
-8587871787992182463
-8587871787992022310
-8587871787991848565
-8587871787991688412
-8587871787991518249
-8587871787991352707
-8587871787991192490
-8587871787991028906
-8587871787990868750
-8587871787990698321
-8587871787990528119
-8587871787990357959
-8587871787990197803
-8587871787990027661
-8587871787989877517
-8587871787989701297
-8587871787989529936
-8587871787989369829
-8587871787989201069
-8587871787989039423
-8587871787988880025
-8587871787988709513
-8587871787988534894
-8587871787988374558
-8587871787988204398
-8587871787988044401
-8587871787987884240
-8587871787987709510
-8587871787987549357
-8587871787987332576
-8587871787987211488
-8587871787987053268
-8587871787986877550
-8587871787986717396
-8587871787986547236
-8587871787986387080
-8587871787986216920
-8587871787986056756
-8587871787985876586
-8587871787985716433
-8587871787985556279
-8587871787985386111
-8587871787985223262
-8587871787985073129
-8587871787984899418
-8587871787984729229
-8587871787984558905
-8587871787984398403
-8587871787984228243
-8587871787984078040
-8587871787983897801
-8587871787983731056
-8587871787983569080
-8587871787983400709
-8587871787983241139
-8587871787983080891
-8587871787982900813
-8587871787982740663
-8587871787982575131
-8587871787982405134
-8587871787982244881
-8587871787982084182
-8587871787981908006
-8587871787981742717
-8587871787981581307
-8587871787981416136
-8587871787981255983
-8587871787981080270
-8587871787980920119
-8587871787980749859
-8587871787980589659
-8587871787980419640
-8587871787980209433
-8587871787980079309
-8587871787979928753
-8587871787979764560
-8587871787979594399
-8587871787979424236
-8587871787979273975
-8587871787979092858
-8587871787978929110
-8587871787978768959
-8587871787978598794
-8587871787978428633
-8587871787978272945
-8587871787978102802
-8587871787977932721
-8587871787977772278
-8587871787977602118
-8587871787794815473
-8587871787794465232
-8587871787794305084
-8587871787794074861
-8587871787793814614
-8587871787793580879
-8587871787793310461
-8587871787792809985
-8587871787792649847
-8587871787792489660
-8587871787792264365
-8587871787792034145
-8587871787791863982
-8587871787791703828
-8587871787791533747
-8587871787791363889
-8587871787791203111
-8587871787791033260
-8587871787790873104
-8587871787790708494
-8587871787790529771
-8587871787790372333
-8587871787790207065
-8587871787790036964
-8587871787789876918
-8587871787789712482
-8587871787789549960
-8587871787789383059
-8587871787789212688
-8587871787789052438
-8587871787788882313
-8587871787788721963
-8587871787788551493
-8587871787788380877
-8587871787788223393
-8587871787788049777
-8587871787787885085
-8587871787787723774
-8587871787787555969
-8587871787787393197
-8587871787787222565
-8587871787787060513
-8587871787786900216
-8587871787786730104
-8587871787786559432
-8587871787786397097
-8587871787786229740
-8587871787786070321
-8587871787785909239
-8587871787785739590
-8587871787785569151
-8587871787785403417
-8587871787785231255
-8587871787785069499
-8587871787784907338
-8587871787784733266
-8587871787784573113
-8587871787784402950
-8587871787784245569
-8587871787784074740
-8587871787783915173
-8587871787783744964
-8587871787783573964
-8587871787783413424
-8587871787783248090
-8587871787783082796
-8587871787782921746
-8587871787782751591
-8587871787782581024
-8587871787782420904
-8587871787782260704
-8587871787782080557
-8587871787781930245
-8587871787781749813
-8587871787781566666
-8587871787781406513
-8587871787781256479
-8587871787781103422
-8587871787780910206
-8587871787780749219
-8587871787780589293
-8587871787780388940
-8587871787780248683
-8587871787780108272
-8587871787779918241
-8587871787779762957
-8587871787779592830
-8587871787779430083
-8587871787779269753
-8587871787779109126
-8587871787778939465
-8587871787778771476
-8587871787778609474
-8587871787778441395
-8587871787778271265
-8587871787778121214
-8587871787777941008
-8587871787777770438
-8587871787777615251
-8587871787777444845
-8587871787777285157
-8587871787777122784
-8587871787776946301
-8587871787776789304
-8587871787776623519
-8587871787776407706
-8587871787776287586
-8587871787776133507
-8587871787775951842
-8587871787775793033
-8587871787775622867
-8587871787775456132
-8587871787775299553
-8587871787775129139
-8587871787774967178
-8587871787774792520
-8587871787774632366
-8587871787774461832
-8587871787774312047
-8587871787774130323
-8587871787773959804
-8587871787773801356
-8587871787773641354
-8587871787773472023
-8587871787773311872
-8587871787773144827
-8587871787772979190
-8587871787772808879
-8587871787772648723
-8587871787772481041
-8587871787772323634
-8587871787772143349
-8587871787771982914
-8587871787771812167
-8587871787771647621
-8587871787771479030
-8587871787771328648
-8587871787771148803
-8587871787770988696
-8587871787770818530
-8587871787770648327
-8587871787770496875
-8587871787770321461
-8587871787770153607
-8587871787769990175
-8587871787769829804
-8587871787769658207
-8587871787769507951
-8587871787769327904
-8587871787769167837
-8587871787768997462
-8587871787768836904
-8587871787768666718
-8587871787768506654
-8587871787768331136
-8587871787768171044
-8587871787768001442
-8587871787767842090
-8587871787767676745
-8587871787767514943
-8587871787767346060
-8587871787767177814
-8587871787767006535
-8587871787766844231
-8587871787766673518
-8587871787766519255
-8587871787766348089
-8587871787766177529
-8587871787766017516
-8587871787765846992
-8587871787765686240
-8587871787765526484
-8587871787765356308
-8587871787765184197
-8587871787765026375
-8587871787764849887
-8587871787764694441
-8587871787764514363
-8587871787764364209
-8587871787764192733
-8587871787764028776
-8587871787763866864
-8587871787763706600
-8587871787763528025
-8587871787763365158
-8587871787763204703
-8587871787763025142
-8587871787762854580
-8587871787762704313
-8587871787762534975
-8587871787762375105
-8587871787762204476
-8587871787762044748
-8587871787761874675
-8587871787761714511
-8587871787761544630
-8587871787761374329
-8587871787761212368
-8587871787761044581
-8587871787760883943
-8587871787760723529
-8587871787760553750
-8587871787760385768
-8587871787760215605
-8587871787760055452
-8587871787759886807
-8587871787759726667
-8587871787759551494
-8587871787759386917
-8587871787759221052
-8587871787759060778
-8587871787758890364
-8587871787758739005
-8587871787758558924
-8587871787758398597
-8587871787758229297
-8587871787758068869
-8587871787757907805
-8587871787757738830
-8587871787757567637
-8587871787757398604
-8587871787757232846
-8587871787757062486
-8587871787756911992
-8587871787756741299
-8587871787756571136
-8587871787756410627
-8587871787756238219
-8587871787756078009
-8587871787755917797
-8587871787755746753
-8587871787755578935
-8587871787755410211
-8587871787755249807
-8587871787755077325
-8587871787754927181
-8587871787754707612
-8587871787754587497
-8587871787754412447
-8587871787754251439
-8587871787754085029
-8587871787753928129
-8587871787753750269
-8587871787753589601
-8587871787753421540
-8587871787753261299
-8587871787753090686
-8587871787752937329
-8587871787752766485
-8587871787752601826
-8587871787752429835
-8587871787752265197
-8587871787752101933
-8587871787751931248
-8587871787751770327
-8587871787751599869
-8587871787751441262
-8587871787751270871
-8587871787751120792
-8587871787750941098
-8587871787750780612
-8587871787750610454
-8587871787750440337
-8587871787750280184
-8587871787750119442
-8587871787749948851
-8587871787749778711
-8587871787749608259
-8587871787749454854
-8587871787749285420
-8587871787749124883
-8587871787748949239
-8587871787748789728
-8587871787748619629
-8587871787748459479
-8587871787748298980
-8587871787748122307
-8587871787747961905
-8587871787747741848
-8587871787747631742
-8587871787747465855
-8587871787747305991
-8587871787747125713
-8587871787746965503
-8587871787746802217
-8587871787746639071
-8587871787746464489
-8587871787746310720
-8587871787746140417
-8587871787745973920
-8587871787745810364
-8587871787745643585
-8587871787745475537
-8587871787745314964
-8587871787745144891
-8587871787744976456
-8587871787744809032
-8587871787744647547
-8587871787744477389
-8587871787744322807
-8587871787744151333
-8587871787743986759
-8587871787743819012
-8587871787743649676
-8587871787743481318
-8587871787743251098
-8587871787743080761
-8587871787742928128
-8587871787742757779
-8587871787742571823
-8587871787742421590
-8587871787742258265
-8587871787742098114
-8587871787741924881
-8587871787741758925
-8587871787741588964
-8587871787741431824
-8587871787741261507
-8587871787741100389
-8587871787740925070
-8587871787740762948
-8587871787740598463
-8587871787740438105
-8587871787740267919
-8587871787740107817
-8587871787739937178
-8587871787739767071
-8587871787739599355
-8587871787739431868
-8587871787739268932
-8587871787739120344
-8587871787738939821
-8587871787738779442
-8587871787738609274
-8587871787738444651
-8587871787738284495
-8587871787738124176
-8587871787737946847
-8587871787737782977
-8587871787737612734
-8587871787737452302
-8587871787737276625
-8587871787737126450
-8587871787736956436
-8587871787736786572
-8587871787736625677
-8587871787736455511
-8587871787736306005
-8587871787736125487
-8587871787735964893
-8587871787735798862
-8587871787735629342
-8587871787735414576
-8587871787735304465
-8587871787735133760
-8587871787734964275
-8587871787734803822
-8587871787734633805
-8587871787734473652
-8587871787734313501
-8587871787734138290
-8587871787733977903
-8587871787733802037
-8587871787733638753
-8587871787733473203
-8587871787733323018
-8587871787733141051
-8587871787732978491
-8587871787732811183
-8587871787732650668
-8587871787732480306
-8587871787732320135
-8587871787732150166
-8587871787731980740
-8587871787731820357
-8587871787731650527
-8587871787731480156
-8587871787731329117
-8587871787731158649
-8587871787730993972
-8587871787730823814
-8587871787730660671
-8587871787730499278
-8587871787730329448
-8587871787730159196
-8587871787729988600
-8587871787729828245
-8587871787729658898
-8587871787729508644
-8587871787729338627
-8587871787729124340
-8587871787729004223
-8587871787728834029
-8587871787728676833
-8587871787728514237
-8587871787728339100
-8587871787728168251
-8587871787728007701
-8587871787727841311
-8587871787727677822
-8587871787727518870
-8587871787727343766
-8587871787727183223
-8587871787727013153
-8587871787726846730
-8587871787726679534
-8587871787726529265
-8587871787726354133
-8587871787726183345
-8587871787726022281
-8587871787725857552
-8587871787725687392
-8587871787725534622
-8587871787725354401
-8587871787725193433
-8587871787725022646
-8587871787724862618
-8587871787724703560
-8587871787724518014
-8587871787724354241
-8587871787724193117
-8587871787724032698
-8587871787723872547
-8587871787723713899
-8587871787723533457
-8587871787723368507
-8587871787723204644
-8587871787723030702
-8587871787722877855
-8587871787722717781
-8587871787722543374
-8587871787722373324
-8587871787722212297
-8587871787722041717
-8587871787721884426
-8587871787721723484
-8587871787721543908
-8587871787721383752
-8587871787721220245
-8587871787721050082
-8587871787720889389
-8587871787720728554
-8587871787720555499
-8587871787720385336
-8587871787720224816
-8587871787720060224
-8587871787719889060
-8587871787719730158
-8587871787719559906
-8587871787719399069
-8587871787719228683
-8587871787719058584
-8587871787718907772
-8587871787718727057
-8587871787718566351
-8587871787718395643
-8587871787718230961
-8587871787718068083
-8587871787717912190
-8587871787717736533
-8587871787717576495
-8587871787717406250
-8587871787717236036
-8587871787717075903
-8587871787716920511
-8587871787716742451
-8587871787716582367
-8587871787716413627
-8587871787716243006
-8587871787716082630
-8587871787715922126
-8587871787715751753
-8587871787715582151
-8587871787715422200
-8587871787715251532
-8587871787715081254
-8587871787714930839
-8587871787714760277
-8587871787714585995
-8587871787714425839
-8587871787714263279
-8587871787714097560
-8587871787713927328
-8587871787713757209
-8587871787713595855
-8587871787713425057
-8587871787713264525
-8587871787713104369
-8587871787712935020
-8587871787712764332
-8587871787712598665
-8587871787712438381
-8587871787712268218
-8587871787712118074
-8587871787711940943
-8587871787711769669
-8587871787711607898
-8587871787711436941
-8587871787711276662
-8587871787711117674
-8587871787710946796
-8587871787710776900
-8587871787710616577
-8587871787710446898
-8587871787710285053
-8587871787710124308
-8587871787709956426
-8587871787709783076
-8587871787709615844
-8587871787709455363
-8587871787709284673
-8587871787709134493
-8587871787708953392
-8587871787708792849
-8587871787708624099
-8587871787708458488
-8587871787708303306
-8587871787708124757
-8587871787707962286
-8587871787707801104
-8587871787707631566
-8587871787707461111
-8587871787707308095
-8587871787707131642
-8587871787706968304
-8587871787706807252
-8587871787706642862
-8587871787706477320
-8587871787706310610
-8587871787706140944
-8587871787705970837
-8587871787705810536
-8587871787705639943
-8587871787705478025
-8587871787705317468
-8587871787705147279
-8587871787704985623
-8587871787704817037
-8587871787704646165
-8587871787704486040
-8587871787704319407
-8587871787704149331
-8587871787703989142
-8587871787703817947
-8587871787703658943
-8587871787703498501
-8587871787703274304
-8587871787703154511
-8587871787702989338
-8587871787702825017
-8587871787702663520
-8587871787702498646
-8587871787702327689
-8587871787702167380
-8587871787701999436
-8587871787701829219
-8587871787701666795
-8587871787701512510
-8587871787701332496
-8587871787701172342
-8587871787701002080
-8587871787700841235
-8587871787700670908
-8587871787700519584
-8587871787700328918
-8587871787700178554
-8587871787700008466
-8587871787699846490
-8587871787699678999
-8587871787699522706
-8587871787699351985
-8587871787699181966
-8587871787699021813
-8587871787698851678
-8587871787698686845
-8587871787698526768
-8587871787698356526
-8587871787698185595
-8587871787698025444
-8587871787697852529
-8587871787697703960
-8587871787697518982
-8587871787697355667
-8587871787697195435
-8587871787697029539
-8587871787696859484
-8587871787696709289
-8587871787696535411
-8587871787696368610
-8587871787696189507
-8587871787696033268
-8587871787695866768
-8587871787695716164
-8587871787695541321
-8587871787695370713
-8587871787695204336
-8587871787695040197
-8587871787694869473
-8587871787694715953
-8587871787694542339
-8587871787694380573
-8587871787694212558
-8587871787694052248
-8587871787693881922
-8587871787693728219
-8587871787693547686
-8587871787693387126
-8587871787693217213
-8587871787693046902
-8587871787692880392
-8587871787692729544
-8587871787692559159
-8587871787692387020
-8587871787692226590
-8587871787692056283
-8587871787691900692
-8587871787691729661
-8587871787691560164
-8587871787691399583
-8587871787691230014
-8587871787691062951
-8587871787690912324
-8587871787690729804
-8587871787690568872
-8587871787690398704
-8587871787690238924
-8587871787690014466
-8587871787689914371
-8587871787689743941
-8587871787689573709
-8587871787689406542
-8587871787689247663
-8587871787689077490
-8587871787688923547
-8587871787688743052
-8587871787688582177
-8587871787688418590
-8587871787688251881
-8587871787688082642
-8587871787687922494
-8587871787687752318
-8587871787687582155
-8587871787687422012
-8587871787687251719
-8587871787687091737
-8587871787686930721
-8587871787686761085
-8587871787686590502
-8587871787686424282
-8587871787686260350
-8587871787686099470
-8587871787685929424
-8587871787685768646
-8587871787685602323
-8587871787685432301
-8587871787685270876
-8587871787685111979
-8587871787684934262
-8587871787684767721
-8587871787684604616
-8587871787684434543
-8587871787684274407
-8587871787684114326
-8587871787683943937
-8587871787683721776
-8587871787683611660
-8587871787683444738
-8587871787683274440
-8587871787683118472
-8587871787682943619
-8587871787682773725
-8587871787682613310
-8587871787682452430
-8587871787682283012
-8587871787682122587
-8587871787681943165
-8587871787681783106
-8587871787681617864
-8587871787681457915
-8587871787681287755
-8587871787681137977
-8587871787680962597
-8587871787680791896
-8587871787680624176
-8587871787680462028
-8587871787680300687
-8587871787680130288
-8587871787679960356
-8587871787679799340
-8587871787679631289
-8587871787679471788
-8587871787679311735
-8587871787679131375
-8587871787678970282
-8587871787678804791
-8587871787678640365
-8587871787678467980
-8587871787678319227
-8587871787678140432
-8587871787677980276
-8587871787677809442
-8587871787677642154
-8587871787677478767
-8587871787677321630
-8587871787677149995
-8587871787676979422
-8587871787676819596
-8587871787676651016
-8587871787676433168
-8587871787676323060
-8587871787676152904
-8587871787675989838
-8587871787675829426
-8587871787675658861
-8587871787675496736
-8587871787675324730
-8587871787675159078
-8587871787674998963
-8587871787674828933
-8587871787674658937
-8587871787674508852
-8587871787674328610
-8587871787674168457
-8587871787673997951
-8587871787673840701
-8587871787673673441
-8587871787673514946
-8587871787673342674
-8587871787673172104
-8587871787673002215
-8587871787672840938
-8587871787672672359
-8587871787672513988
-8587871787672328874
-8587871787672181667
-8587871787672010518
-8587871787671843217
-8587871787671683763
-8587871787671529485
-8587871787671348813
-8587871787671182977
-8587871787671022585
-8587871787670852330
-8587871787670682259
-8587871787670529822
-8587871787670359436
-8587871787670189015
-8587871787670020598
-8587871787669862418
-8587871787669698343
-8587871787669469379
-8587871787669361795
-8587871787669191945
-8587871787669031733
-8587871787668861342
-8587871787668700763
-8587871787668533754
-8587871787668370337
-8587871787668200177
-8587871787668031442
-8587871787667867034
-8587871787667716829
-8587871787667536976
-8587871787667376621
-8587871787667205662
-8587871787667035619
-8587871787666870435
-8587871787666721910
-8587871787666542677
-8587871787666376459
-8587871787666211334
-8587871787666046631
-8587871787665885198
-8587871787665730031
-8587871787665556587
-8587871787665385010
-8587871787665222072
-8587871787665051911
-8587871787664884905
-8587871787664734958
-8587871787664554287
-8587871787664389121
-8587871787664228676
-8587871787664057729
-8587871787663907442
-8587871787663725757
-8587871787663564377
-8587871787663394153
-8587871787663231421
-8587871787663060867
-8587871787662900775
-8587871787662740783
-8587871787662570684
-8587871787662399914
-8587871787662239758
-8587871787662069217
-8587871787661918863
-8587871787661738304
-8587871787661576778
-8587871787661407370
-8587871787661241424
-8587871787661074243
-8587871787660919082
-8587871787660748875
-8587871787660578713
-8587871787660419770
-8587871787660249610
-8587871787660088855
-8587871787659929050
-8587871787659750346
-8587871787659590055
-8587871787659421203
-8587871787659255430
-8587871787659088705
-8587871787658938119
-8587871787658762232
-8587871787658592074
-8587871787658431721
-8587871787658262062
-8587871787658091694
-8587871787657938607
-8587871787657763452
-8587871787657603242
-8587871787657432764
-8587871787657269224
-8587871787657109068
-8587871787656935444
-8587871787656775833
-8587871787656605729
-8587871787656440156
-8587871787656269891
-8587871787656118890
-8587871787655938666
-8587871787655778461
-8587871787655616700
-8587871787655446732
-8587871787655283102
-8587871787655123041
-8587871787654952230
-8587871787654782362
-8587871787654622011
-8587871787654451408
-8587871787654288684
-8587871787654132850
-8587871787653942737
-8587871787653791485
-8587871787653621324
-8587871787653455787
-8587871787653305464
-8587871787653124496
-8587871787652962089
-8587871787652799110
-8587871787652628983
-8587871787652468594
-8587871787652298428
-8587871787652128974
-8587871787651965063
-8587871787651805217
-8587871787651634153
-8587871787651473769
-8587871787651313626
-8587871787651142710
-8587871787650973083
-8587871787650804261
-8587871787650640570
-8587871787650471039
-8587871787650310443
-8587871787650132654
-8587871787649981806
-8587871787649809580
-8587871787649591509
-8587871787649481406
-8587871787649320899
-8587871787649149697
-8587871787648987790
-8587871787648820548
-8587871787648654433
-8587871787648484259
-8587871787648332098
-8587871787648152295
-8587871787647990495
-8587871787647825524
-8587871787647657345
-8587871787647506653
-8587871787647332325
-8587871787647161814
-8587871787646999825
-8587871787646833720
-8587871787646662351
-8587871787646508854
-8587871787646328523
-8587871787646168436
-8587871787646000426
-8587871787645841680
-8587871787645671077
-8587871787645513998
-8587871787645342760
-8587871787645177566
-8587871787645007503
-8587871787644843648
-8587871787644672441
-8587871787644512131
-8587871787644344948
-8587871787644174701
-8587871787644014552
-8587871787643851670
-8587871787643682769
-8587871787643524380
-8587871787643356531
-8587871787643186094
-8587871787643024448
-8587871787642857339
-8587871787642640515
-8587871787642530100
-8587871787642362254
-8587871787642191618
-8587871787642023259
-8587871787641862005
-8587871787641688740
-8587871787641529088
-8587871787641362586
-8587871787641190237
-8587871787641029815
-8587871787640862247
-8587871787640706902
-8587871787640540159
-8587871787640368004
-8587871787640204472
-8587871787640034311
-8587871787639873667
-8587871787639713513
-8587871787639533458
-8587871787639362272
-8587871787639201929
-8587871787639031832
-8587871787638871152
-8587871787638710330
-8587871787638540032
-8587871787638373494
-8587871787638208594
-8587871787638043925
-8587871787637873828
-8587871787637723846
-8587871787637543556
-8587871787637375607
-8587871787637215518
-8587871787637049558
-8587871787636877608
-8587871787636728770
-8587871787636548050
-8587871787636328489
-8587871787636226115
-8587871787636051060
-8587871787635888139
-8587871787635723168
-8587871787635553079
-8587871787635390535
-8587871787635227327
-8587871787635063050
-8587871787634902902
-8587871787634732288
-8587871787634561467
-8587871787634395513
-8587871787634232941
-8587871787634063005
-8587871787633902773
-8587871787633732694
-8587871787633572549
-8587871787633402409
-8587871787633241761
-8587871787633076130
-8587871787632915974
-8587871787632745867
-8587871787632571721
-8587871787632401555
-8587871787632246099
-8587871787632075555
-8587871787631915402
-8587871787631745231
-8587871787631584755
-8587871787631413827
-8587871787631252117
-8587871787631081834
-8587871787630924443
-8587871787630753430
-8587871787630592209
-8587871787630422202
-8587871787630257023
-8587871787630092797
-8587871787629922355
-8587871787629709427
-8587871787629589018
-8587871787629428181
-8587871787629267856
-8587871787629102908
-8587871787628929351
-8587871787628768478
-8587871787628598364
-8587871787628437893
-8587871787628267668
-8587871787628107607
-8587871787627937186
-8587871787627775248
-8587871787627600702
-8587871787627436530
-8587871787627276277
-8587871787627114096
-8587871787626937256
-8587871787626779425
-8587871787626609119
-8587871787626448929
-8587871787626278854
-8587871787626125625
-8587871787625951550
-8587871787625786108
-8587871787625615945
-8587871787625455247
-8587871787625284771
-8587871787625135035
-8587871787624951275
-8587871787624790743
-8587871787624625012
-8587871787624462091
-8587871787624281522
-8587871787624131278
-8587871787623957349
-8587871787623799236
-8587871787623633907
-8587871787623469138
-8587871787623304504
-8587871787623134300
-8587871787622964135
-8587871787622803308
-8587871787622633243
-8587871787622472946
-8587871787622302796
-8587871787622142596
-8587871787621972362
-8587871787621812298
-8587871787621640609
-8587871787621480238
-8587871787621319885
-8587871787621141121
-8587871787620977680
-8587871787620816490
-8587871787620646179
-8587871787620475616
-8587871787620325060
-8587871787620144550
-8587871787619988488
-8587871787619818010
-8587871787619652053
-8587871787619489547
-8587871787619324645
-8587871787619161768
-8587871787618984309
-8587871787618829616
-8587871787618655239
-8587871787618505566
-8587871787618330335
-8587871787618160018
-8587871787617992709
-8587871787617830682
-8587871787617669077
-8587871787617513957
-8587871787617337914
-8587871787617173641
-8587871787617003647
-8587871787616833466
-8587871787616669202
-8587871787616514419
-8587871787616344914
-8587871787616174820
-8587871787616009611
-8587871787615847630
-8587871787615674710
-8587871787615466644
-8587871787615340684
-8587871787615178129
-8587871787615014838
-8587871787614851873
-8587871787614680963
-8587871787614515009
-8587871787614355193
-8587871787614181636
-8587871787614021295
-8587871787613851227
-8587871787613680714
-8587871787613526410
-8587871787613360839
-8587871787613190633
-8587871787613018248
-8587871787612860539
-8587871787612700458
-8587871787612534304
-8587871787612360567
-8587871787612201658
-8587871787612033548
-8587871787611863139
-8587871787611712862
-8587871787611534213
-8587871787611363413
-8587871787611202873
-8587871787611042092
-8587871787610871527
-8587871787610711605
-8587871787610543367
-8587871787610374942
-8587871787610207751
-8587871787610041943
-8587871787609876393
-8587871787609713367
-8587871787609542518
-8587871787609382147
-8587871787609214672
-8587871787609055610
-8587871787608885032
-8587871787608724692
-8587871787608554488
-8587871787608334351
-8587871787608224256
-8587871787608054037
-8587871787607889060
-8587871787607729004
-8587871787607548566
-8587871787607390752
-8587871787607230601
-8587871787607064854
-8587871787606904895
-8587871787606734443
-8587871787606554268
-8587871787606404073
-8587871787606230477
-8587871787606069538
-8587871787605900525
-8587871787605730085
-8587871787605559551
-8587871787605408161
-8587871787605237463
-8587871787605077104
-8587871787604917460
-8587871787604745649
-8587871787604575048
-8587871787604410648
-8587871787604245828
-8587871787604075178
-8587871787603914940
-8587871787603744391
-8587871787603583188
-8587871787603421662
-8587871787603253289
-8587871787603088062
-8587871787602934546
-8587871787602760971
-8587871787602588210
-8587871787602424946
-8587871787602260479
-8587871787602089919
-8587871787601930634
-8587871787601759631
-8587871787601596326
-8587871787601376587
-8587871787601236573
-8587871787601086424
-8587871787600926273
-8587871787600766120
-8587871787600605969
-8587871787600435698
-8587871787600272701
-8587871787600117222
-8587871787599936658
-8587871787599775936
-8587871787599609401
-8587871787599443062
-8587871787599280528
-8587871787599120186
-8587871787598946101
-8587871787598780838
-8587871787598610600
-8587871787598445842
-8587871787598275656
-8587871787598115635
-8587871787597954586
-8587871787597783594
-8587871787597619214
-8587871787597451956
-8587871787597288306
-8587871787597134773
-8587871787596954419
-8587871787596788091
-8587871787596625124
-8587871787596461072
-8587871787596306010
-8587871787596126908
-8587871787595966432
-8587871787595796276
-8587871787595636123
-8587871787595465768
-8587871787595314593
-8587871787595134144
-8587871787594967094
-8587871787594794266
-8587871787594634822
-8587871787594424623
-8587871787594304925
-8587871787594144813
-8587871787593977799
-8587871787593807638
-8587871787593639769
-8587871787593479616
-8587871787593319698
-8587871787593145823
-8587871787592977106
-8587871787592810922
-8587871787592640185
-8587871787592479228
-8587871787592322853
-8587871787592155424
-8587871787591985190
-8587871787591825341
-8587871787591654597
-8587871787591494021
-8587871787591324864
-8587871787591149377
-8587871787590990375
-8587871787590820136
-8587871787590650892
-8587871787590499857
-8587871787590329658
-8587871787590160524
-8587871787589994114
-8587871787589831511
-8587871787589670649
-8587871787589511220
-8587871787589338307
-8587871787589168042
-8587871787589007735
-8587871787588829344
-8587871787588669037
-8587871787588513213
-8587871787588346140
-8587871787588175155
-8587871787588014736
-8587871787587844358
-8587871787587682909
-8587871787587519364
-8587871787587299422
-8587871787587179307
-8587871787587019227
-8587871787586846937
-8587871787586687094
-8587871787586531789
-8587871787586350915
-8587871787586190075
-8587871787586019779
