----------New Stimuli List Generated----------
-8587871776460692845
StretchableCube-Orange:0.09470866,0.8116136,0.2315147,-0.5115832,-0.5094776,0.4487727,0.5266104,0,0,0
StretchableCube-Yellow:-0.05693746,1.056153,0.2409552,0.1772081,-0.4964404,0.8329551,0.1683153,0,0,0
StretchableCube-Red:-0.06119063,0.8081596,0.3962076,0.7433233,0.4386789,0.4182895,0.2829581,0,0,0
-8587871776460642802
StretchableCube-Orange:0.09470866,0.8116136,0.2315147,-0.5115832,-0.5094776,0.4487727,0.5266104,4E-05,4E-05,4E-05
StretchableCube-Yellow:-0.05693746,1.056153,0.2409552,0.1772081,-0.4964404,0.8329551,0.1683153,2E-05,2E-05,2E-05
StretchableCube-Red:-0.06119063,0.8081596,0.3962076,0.7433233,0.4386789,0.4182895,0.2829581,0,0,0
-8587871776458399299
StretchableCube-Orange:0.09470866,0.8116136,0.2315147,-0.5115832,-0.5094776,0.4487727,0.5266104,0.0005383103,0.0005383103,0.0005383103
StretchableCube-Yellow:-0.05693746,1.056153,0.2409552,0.1772081,-0.4964404,0.8329551,0.1683153,0.0002991551,0.0002991551,0.0002991551
StretchableCube-Red:-0.06119063,0.8081596,0.3962076,0.7433233,0.4386789,0.4182895,0.2829581,6E-05,6E-05,6E-05
-8587871776458048869
StretchableCube-Orange:0.09470866,0.8116136,0.2315147,-0.5115832,-0.5094776,0.4487727,0.5266104,0.001333639,0.001333639,0.001333639
StretchableCube-Yellow:-0.05693746,1.056153,0.2409552,0.1772081,-0.4964404,0.8329551,0.1683153,0.001055552,0.001055552,0.001055552
StretchableCube-Red:-0.06119063,0.8081596,0.3962076,0.7433233,0.4386789,0.4182895,0.2829581,0.0007774653,0.0007774653,0.0007774653
-8587871776457878572
StretchableCube-Orange:0.09470866,0.8116136,0.2315147,-0.5115832,-0.5094776,0.4487727,0.5266104,0.002201151,0.002201151,0.002201151
StretchableCube-Yellow:-0.05693746,1.056153,0.2409552,0.1772081,-0.4964404,0.8329551,0.1683153,0.001906439,0.001906439,0.001906439
StretchableCube-Red:-0.06119063,0.8081596,0.3962076,0.7433233,0.4386789,0.4182895,0.2829581,0.001611726,0.001611726,0.001611726
-8587871776457721033
StretchableCube-Orange:0.09470866,0.8116136,0.2315147,-0.5115832,-0.5094776,0.4487727,0.5266104,0.003118751,0.003118751,0.003118751
StretchableCube-Yellow:-0.05693746,1.056153,0.2409552,0.1772081,-0.4964404,0.8329551,0.1683153,0.002807307,0.002807307,0.002807307
StretchableCube-Red:-0.06119063,0.8081596,0.3962076,0.7433233,0.4386789,0.4182895,0.2829581,0.002495863,0.002495863,0.002495863
-8587871776457485800
StretchableCube-Orange:0.09470866,0.8116136,0.2315147,-0.5115832,-0.5094776,0.4487727,0.5266104,0.004098147,0.004098147,0.004098147
StretchableCube-Yellow:-0.05693746,1.056153,0.2409552,0.1772081,-0.4964404,0.8329551,0.1683153,0.00376417,0.00376417,0.00376417
StretchableCube-Red:-0.06119063,0.8081596,0.3962076,0.7433233,0.4386789,0.4182895,0.2829581,0.003430194,0.003430194,0.003430194
-8587871776457255572
StretchableCube-Orange:0.09470866,0.8116136,0.2315147,-0.5115832,-0.5094776,0.4487727,0.5266104,0.005147473,0.005147473,0.005147473
StretchableCube-Yellow:-0.05693746,1.056153,0.2409552,0.1772081,-0.4964404,0.8329551,0.1683153,0.004789798,0.004789798,0.004789798
StretchableCube-Red:-0.06119063,0.8081596,0.3962076,0.7433233,0.4386789,0.4182895,0.2829581,0.004432123,0.004432123,0.004432123
-8587871776456985326
StretchableCube-Orange:0.09470866,0.8116136,0.2315147,-0.5115832,-0.5094776,0.4487727,0.5266104,0.006271556,0.006271556,0.006271556
StretchableCube-Yellow:-0.05693746,1.056153,0.2409552,0.1772081,-0.4964404,0.8329551,0.1683153,0.005888352,0.005888352,0.005888352
StretchableCube-Red:-0.06119063,0.8081596,0.3962076,0.7433233,0.4386789,0.4182895,0.2829581,0.005505148,0.005505148,0.005505148
-8587871776456764949
StretchableCube-Orange:0.09470866,0.8116136,0.2315147,-0.5115832,-0.5094776,0.4487727,0.5266104,0.007468444,0.007468444,0.007468444
StretchableCube-Yellow:-0.05693746,1.056153,0.2409552,0.1772081,-0.4964404,0.8329551,0.1683153,0.007061602,0.007061602,0.007061602
StretchableCube-Red:-0.06119063,0.8081596,0.3962076,0.7433233,0.4386789,0.4182895,0.2829581,0.00665476,0.00665476,0.00665476
-8587871776456594937
StretchableCube-Orange:0.09470866,0.8116136,0.2315147,-0.5115832,-0.5094776,0.4487727,0.5266104,0.008722107,0.008722107,0.008722107
StretchableCube-Yellow:-0.05693746,1.056153,0.2409552,0.1772081,-0.4964404,0.8329551,0.1683153,0.008298696,0.008298696,0.008298696
StretchableCube-Red:-0.06119063,0.8081596,0.3962076,0.7433233,0.4386789,0.4182895,0.2829581,0.007875285,0.007875285,0.007875285
-8587871776456424774
StretchableCube-Orange:0.09470866,0.8116136,0.2315147,-0.5115832,-0.5094776,0.4487727,0.5266104,0.01002566,0.01002566,0.01002566
StretchableCube-Yellow:-0.05693746,1.056153,0.2409552,0.1772081,-0.4964404,0.8329551,0.1683153,0.009585586,0.009585586,0.009585586
StretchableCube-Red:-0.06119063,0.8081596,0.3962076,0.7433233,0.4386789,0.4182895,0.2829581,0.009145517,0.009145517,0.009145517
-8587871776456274479
StretchableCube-Orange:0.09470866,0.8116136,0.2315147,-0.5115832,-0.5094776,0.4487727,0.5266104,0.01137881,0.01137881,0.01137881
StretchableCube-Yellow:-0.05693746,1.056153,0.2409552,0.1772081,-0.4964404,0.8329551,0.1683153,0.01092227,0.01092227,0.01092227
StretchableCube-Red:-0.06119063,0.8081596,0.3962076,0.7433233,0.4386789,0.4182895,0.2829581,0.01046573,0.01046573,0.01046573
-8587871776456094457
StretchableCube-Orange:0.09470866,0.8116136,0.2315147,-0.5115832,-0.5094776,0.4487727,0.5266104,0.0127816,0.0127816,0.0127816
StretchableCube-Yellow:-0.05693746,1.056153,0.2409552,0.1772081,-0.4964404,0.8329551,0.1683153,0.01230848,0.01230848,0.01230848
StretchableCube-Red:-0.06119063,0.8081596,0.3962076,0.7433233,0.4386789,0.4182895,0.2829581,0.01183535,0.01183535,0.01183535
-8587871776455934317
StretchableCube-Orange:0.09470866,0.8116136,0.2315147,-0.5115832,-0.5094776,0.4487727,0.5266104,0.01423408,0.01423408,0.01423408
StretchableCube-Yellow:-0.05693746,1.056153,0.2409552,0.1772081,-0.4964404,0.8329551,0.1683153,0.0137444,0.0137444,0.0137444
StretchableCube-Red:-0.06119063,0.8081596,0.3962076,0.7433233,0.4386789,0.4182895,0.2829581,0.01325472,0.01325472,0.01325472
-8587871776455764141
StretchableCube-Orange:0.09470866,0.8116136,0.2315147,-0.5115832,-0.5094776,0.4487727,0.5266104,0.01573624,0.01573624,0.01573624
StretchableCube-Yellow:-0.05693746,1.056153,0.2409552,0.1772081,-0.4964404,0.8329551,0.1683153,0.01523,0.01523,0.01523
StretchableCube-Red:-0.06119063,0.8081596,0.3962076,0.7433233,0.4386789,0.4182895,0.2829581,0.01472375,0.01472375,0.01472375
-8587871776455597373
StretchableCube-Orange:0.09470866,0.8116136,0.2315147,-0.5115832,-0.5094776,0.4487727,0.5266104,0.01728812,0.01728812,0.01728812
StretchableCube-Yellow:-0.05693746,1.056153,0.2409552,0.1772081,-0.4964404,0.8329551,0.1683153,0.0167653,0.0167653,0.0167653
StretchableCube-Red:-0.06119063,0.8081596,0.3962076,0.7433233,0.4386789,0.4182895,0.2829581,0.01624248,0.01624248,0.01624248
-8587871776455447055
StretchableCube-Orange:0.09470866,0.8116136,0.2315147,-0.5115832,-0.5094776,0.4487727,0.5266104,0.01888969,0.01888969,0.01888969
StretchableCube-Yellow:-0.05693746,1.056153,0.2409552,0.1772081,-0.4964404,0.8329551,0.1683153,0.01835031,0.01835031,0.01835031
StretchableCube-Red:-0.06119063,0.8081596,0.3962076,0.7433233,0.4386789,0.4182895,0.2829581,0.01781094,0.01781094,0.01781094
-8587871776455256653
StretchableCube-Orange:0.09470866,0.8116136,0.2315147,-0.5115832,-0.5094776,0.4487727,0.5266104,0.02054095,0.02054095,0.02054095
StretchableCube-Yellow:-0.05693746,1.056153,0.2409552,0.1772081,-0.4964404,0.8329551,0.1683153,0.01998501,0.01998501,0.01998501
StretchableCube-Red:-0.06119063,0.8081596,0.3962076,0.7433233,0.4386789,0.4182895,0.2829581,0.01942907,0.01942907,0.01942907
-8587871776455106319
StretchableCube-Orange:0.09470866,0.8116136,0.2315147,-0.5115832,-0.5094776,0.4487727,0.5266104,0.02224192,0.02224192,0.02224192
StretchableCube-Yellow:-0.05693746,1.056153,0.2409552,0.1772081,-0.4964404,0.8329551,0.1683153,0.0216694,0.0216694,0.0216694
StretchableCube-Red:-0.06119063,0.8081596,0.3962076,0.7433233,0.4386789,0.4182895,0.2829581,0.02109689,0.02109689,0.02109689
-8587871776454932383
StretchableCube-Orange:0.09470866,0.8116136,0.2315147,-0.5115832,-0.5094776,0.4487727,0.5266104,0.02399307,0.02399307,0.02399307
StretchableCube-Yellow:-0.05693746,1.056153,0.2409552,0.1772081,-0.4964404,0.8329551,0.1683153,0.02340375,0.02340375,0.02340375
StretchableCube-Red:-0.06119063,0.8081596,0.3962076,0.7433233,0.4386789,0.4182895,0.2829581,0.02281442,0.02281442,0.02281442
-8587871776454741802
StretchableCube-Orange:0.09470866,0.8116136,0.2315147,-0.5115832,-0.5094776,0.4487727,0.5266104,0.02579515,0.02579515,0.02579515
StretchableCube-Yellow:-0.05693746,1.056153,0.2409552,0.1772081,-0.4964404,0.8329551,0.1683153,0.02518877,0.02518877,0.02518877
StretchableCube-Red:-0.06119063,0.8081596,0.3962076,0.7433233,0.4386789,0.4182895,0.2829581,0.0245824,0.0245824,0.0245824
-8587871776454601667
StretchableCube-Orange:0.09470866,0.8116136,0.2315147,-0.5115832,-0.5094776,0.4487727,0.5266104,0.0276463,0.0276463,0.0276463
StretchableCube-Yellow:-0.05693746,1.056153,0.2409552,0.1772081,-0.4964404,0.8329551,0.1683153,0.02702391,0.02702391,0.02702391
StretchableCube-Red:-0.06119063,0.8081596,0.3962076,0.7433233,0.4386789,0.4182895,0.2829581,0.02640152,0.02640152,0.02640152
-8587871776454449417
StretchableCube-Orange:0.09470866,0.8116136,0.2315147,-0.5115832,-0.5094776,0.4487727,0.5266104,0.02954625,0.02954625,0.02954625
StretchableCube-Yellow:-0.05693746,1.056153,0.2409552,0.1772081,-0.4964404,0.8329551,0.1683153,0.02890746,0.02890746,0.02890746
StretchableCube-Red:-0.06119063,0.8081596,0.3962076,0.7433233,0.4386789,0.4182895,0.2829581,0.02826869,0.02826869,0.02826869
-8587871776454269244
StretchableCube-Orange:0.09470866,0.8116136,0.2315147,-0.5115832,-0.5094776,0.4487727,0.5266104,0.03149636,0.03149636,0.03149636
StretchableCube-Yellow:-0.05693746,1.056153,0.2409552,0.1772081,-0.4964404,0.8329551,0.1683153,0.03084069,0.03084069,0.03084069
StretchableCube-Red:-0.06119063,0.8081596,0.3962076,0.7433233,0.4386789,0.4182895,0.2829581,0.03018502,0.03018502,0.03018502
-8587871776454108717
StretchableCube-Orange:0.09470866,0.8116136,0.2315147,-0.5115832,-0.5094776,0.4487727,0.5266104,0.03349585,0.03349585,0.03349585
StretchableCube-Yellow:-0.05693746,1.056153,0.2409552,0.1772081,-0.4964404,0.8329551,0.1683153,0.03282393,0.03282393,0.03282393
StretchableCube-Red:-0.06119063,0.8081596,0.3962076,0.7433233,0.4386789,0.4182895,0.2829581,0.03215202,0.03215202,0.03215202
-8587871776453947066
StretchableCube-Orange:0.09470866,0.8116136,0.2315147,-0.5115832,-0.5094776,0.4487727,0.5266104,0.03554471,0.03554471,0.03554471
StretchableCube-Yellow:-0.05693746,1.056153,0.2409552,0.1772081,-0.4964404,0.8329551,0.1683153,0.03485623,0.03485623,0.03485623
StretchableCube-Red:-0.06119063,0.8081596,0.3962076,0.7433233,0.4386789,0.4182895,0.2829581,0.03416775,0.03416775,0.03416775
-8587871776453780851
StretchableCube-Orange:0.09470866,0.8116136,0.2315147,-0.5115832,-0.5094776,0.4487727,0.5266104,0.03764328,0.03764328,0.03764328
StretchableCube-Yellow:-0.05693746,1.056153,0.2409552,0.1772081,-0.4964404,0.8329551,0.1683153,0.03693822,0.03693822,0.03693822
StretchableCube-Red:-0.06119063,0.8081596,0.3962076,0.7433233,0.4386789,0.4182895,0.2829581,0.03623318,0.03623318,0.03623318
-8587871776453610529
StretchableCube-Orange:0.09470866,0.8116136,0.2315147,-0.5115832,-0.5094776,0.4487727,0.5266104,0.03979154,0.03979154,0.03979154
StretchableCube-Yellow:-0.05693746,1.056153,0.2409552,0.1772081,-0.4964404,0.8329551,0.1683153,0.03906992,0.03906992,0.03906992
StretchableCube-Red:-0.06119063,0.8081596,0.3962076,0.7433233,0.4386789,0.4182895,0.2829581,0.03834831,0.03834831,0.03834831
-8587871776453451379
StretchableCube-Orange:0.09470866,0.8116136,0.2315147,-0.5115832,-0.5094776,0.4487727,0.5266104,0.04199,0.04199,0.04199
StretchableCube-Yellow:-0.05693746,1.056153,0.2409552,0.1772081,-0.4964404,0.8329551,0.1683153,0.04125157,0.04125157,0.04125157
StretchableCube-Red:-0.06119063,0.8081596,0.3962076,0.7433233,0.4386789,0.4182895,0.2829581,0.04051314,0.04051314,0.04051314
-8587871776453281636
StretchableCube-Orange:0.09470866,0.8116136,0.2315147,-0.5115832,-0.5094776,0.4487727,0.5266104,0.04423792,0.04423792,0.04423792
StretchableCube-Yellow:-0.05693746,1.056153,0.2409552,0.1772081,-0.4964404,0.8329551,0.1683153,0.04348317,0.04348317,0.04348317
StretchableCube-Red:-0.06119063,0.8081596,0.3962076,0.7433233,0.4386789,0.4182895,0.2829581,0.04272842,0.04272842,0.04272842
-8587871776453106182
StretchableCube-Orange:0.09470866,0.8116136,0.2315147,-0.5115832,-0.5094776,0.4487727,0.5266104,0.04653662,0.04653662,0.04653662
StretchableCube-Yellow:-0.05693746,1.056153,0.2409552,0.1772081,-0.4964404,0.8329551,0.1683153,0.04576464,0.04576464,0.04576464
StretchableCube-Red:-0.06119063,0.8081596,0.3962076,0.7433233,0.4386789,0.4182895,0.2829581,0.04499265,0.04499265,0.04499265
-8587871776452941088
StretchableCube-Orange:0.09470866,0.8116136,0.2315147,-0.5115832,-0.5094776,0.4487727,0.5266104,0.04888543,0.04888543,0.04888543
StretchableCube-Yellow:-0.05693746,1.056153,0.2409552,0.1772081,-0.4964404,0.8329551,0.1683153,0.04809701,0.04809701,0.04809701
StretchableCube-Red:-0.06119063,0.8081596,0.3962076,0.7433233,0.4386789,0.4182895,0.2829581,0.0473086,0.0473086,0.0473086
-8587871776452780061
StretchableCube-Orange:0.09470866,0.8116136,0.2315147,-0.5115832,-0.5094776,0.4487727,0.5266104,0.05128287,0.05128287,0.05128287
StretchableCube-Yellow:-0.05693746,1.056153,0.2409552,0.1772081,-0.4964404,0.8329551,0.1683153,0.05047835,0.05047835,0.05047835
StretchableCube-Red:-0.06119063,0.8081596,0.3962076,0.7433233,0.4386789,0.4182895,0.2829581,0.04967383,0.04967383,0.04967383
-8587871776452620200
StretchableCube-Orange:0.09470866,0.8116136,0.2315147,-0.5115832,-0.5094776,0.4487727,0.5266104,0.0537294,0.0537294,0.0537294
StretchableCube-Yellow:-0.05693746,1.056153,0.2409552,0.1772081,-0.4964404,0.8329551,0.1683153,0.05290839,0.05290839,0.05290839
StretchableCube-Red:-0.06119063,0.8081596,0.3962076,0.7433233,0.4386789,0.4182895,0.2829581,0.05208737,0.05208737,0.05208737
-8587871776452455182
-8587871776452286141
-8587871776452115937
-8587871776451860490
-8587871776451686188
-8587871776451536047
-8587871776451365884
-8587871776451196443
-8587871776451042922
-8587871776450863615
-8587871776450706959
-8587871776450546879
-8587871776450386887
-8587871776450216184
-8587871776450066069
-8587871776449886132
-8587871776449721557
-8587871776449521353
-8587871776449381234
-8587871776449220794
-8587871776449060390
-8587871776448891169
-8587871776448725363
-8587871776448565276
-8587871776448394721
-8587871776448228301
-8587871776448077919
-8587871776447899646
-8587871776447729599
-8587871776447569566
-8587871776447404203
-8587871776447236454
-8587871776447076144
-8587871776446899481
-8587871776446736284
-8587871776446576072
-8587871776446404319
-8587871776446245042
-8587871776446088219
-8587871776445917603
-8587871776445743687
-8587871776445583523
-8587871776445413373
-8587871776445253220
-8587871776445083057
-8587871776444912894
-8587871776444752740
-8587871776444587567
-8587871776444417404
-8587871776444267250
-8587871776444086906
-8587871776443922667
-8587871776443755735
-8587871776443594962
-8587871776443424835
-8587871776443269760
-8587871776443093226
-8587871776442927461
-8587871776442768354
-8587871776442598168
-8587871776442437849
-8587871776442275071
-8587871776442101204
-8587871776441941051
-8587871776441774689
-8587871776441604621
-8587871776441434292
-8587871776441284143
-8587871776441106134
-8587871776440947913
-8587871776440777750
-8587871776440608665
-8587871776440458314
-8587871776440277189
-8587871776440117640
-8587871776439953416
-8587871776439782657
-8587871776439617818
-8587871776439462739
-8587871776439282638
-8587871776439121422
-8587871776438959556
-8587871776438789084
-8587871776438628393
-8587871776438468851
-8587871776438288535
-8587871776438128333
-8587871776437959038
-8587871776437782744
-8587871776437624040
-8587871776437471054
-8587871776437298562
-8587871776437137871
-8587871776436968414
-8587871776436796132
-8587871776436639496
-8587871776436478979
-8587871776436299119
-8587871776436137570
-8587871776435976995
-8587871776435807656
-8587871776435627327
-8587871776435486755
-8587871776435312563
-8587871776435142167
-8587871776434975801
-8587871776434815309
-8587871776434655041
-8587871776434484996
-8587871776434313957
-8587871776434143802
-8587871776433983649
-8587871776433823493
-8587871776433613151
-8587871776433493059
-8587871776433322898
-8587871776433152756
-8587871776432992695
-8587871776432822537
-8587871776432672262
-8587871776432492261
-8587871776432325905
-8587871776432159743
-8587871776431993264
-8587871776431833111
-8587871776431672896
-8587871776431502344
-8587871776431332179
-8587871776431171805
-8587871776431001276
-8587871776430840987
-8587871776430680340
-8587871776430500213
-8587871776430341875
-8587871776430172035
-8587871776430011774
-8587871776429851541
-8587871776429681404
-8587871776429510831
-8587871776429350632
-8587871776429180484
-8587871776429011693
-8587871776428861644
-8587871776428680699
-8587871776428515620
-8587871776428348954
-8587871776428187692
-8587871776428017061
-8587871776427866054
-8587871776427685866
-8587871776427521921
-8587871776427360711
-8587871776427185689
-8587871776427026186
-8587871776426865930
-8587871776426687068
-8587871776426519519
-8587871776426362369
-8587871776426201624
-8587871776425980865
-8587871776425880798
-8587871776425699757
-8587871776425539606
-8587871776425369305
-8587871776425209195
-8587871776425041884
-8587871776424879048
-8587871776424708691
-8587871776424539846
-8587871776424372980
-8587871776424208344
-8587871776424058367
-8587871776423878013
-8587871776423718745
-8587871776423553482
-8587871776423382352
-8587871776423212406
-8587871776423062262
-8587871776422881719
-8587871776422721550
-8587871776422551400
StretchableCube-Orange:0.09470866,0.8116136,0.2315147,-0.5115832,-0.5094776,0.4487727,0.5266104,0.05123353,0.05123353,0.05123353
StretchableCube-Yellow:-0.05693746,1.056153,0.2409552,0.1772081,-0.4964404,0.8329551,0.1683153,0.05042894,0.05042894,0.05042894
StretchableCube-Red:-0.06119063,0.8081596,0.3962076,0.7433233,0.4386789,0.4182895,0.2829581,0.04962434,0.04962434,0.04962434
-8587871776422391249
StretchableCube-Orange:0.09470866,0.8116136,0.2315147,-0.5115832,-0.5094776,0.4487727,0.5266104,0.04868806,0.04868806,0.04868806
StretchableCube-Yellow:-0.05693746,1.056153,0.2409552,0.1772081,-0.4964404,0.8329551,0.1683153,0.04790005,0.04790005,0.04790005
StretchableCube-Red:-0.06119063,0.8081596,0.3962076,0.7433233,0.4386789,0.4182895,0.2829581,0.04711205,0.04711205,0.04711205
-8587871776422221086
StretchableCube-Orange:0.09470866,0.8116136,0.2315147,-0.5115832,-0.5094776,0.4487727,0.5266104,0.04609196,0.04609196,0.04609196
StretchableCube-Yellow:-0.05693746,1.056153,0.2409552,0.1772081,-0.4964404,0.8329551,0.1683153,0.04532097,0.04532097,0.04532097
StretchableCube-Red:-0.06119063,0.8081596,0.3962076,0.7433233,0.4386789,0.4182895,0.2829581,0.04454998,0.04454998,0.04454998
-8587871776422060933
StretchableCube-Orange:0.09470866,0.8116136,0.2315147,-0.5115832,-0.5094776,0.4487727,0.5266104,0.04344666,0.04344666,0.04344666
StretchableCube-Yellow:-0.05693746,1.056153,0.2409552,0.1772081,-0.4964404,0.8329551,0.1683153,0.04269177,0.04269177,0.04269177
StretchableCube-Red:-0.06119063,0.8081596,0.3962076,0.7433233,0.4386789,0.4182895,0.2829581,0.04193687,0.04193687,0.04193687
-8587871776421890770
StretchableCube-Orange:0.09470866,0.8116136,0.2315147,-0.5115832,-0.5094776,0.4487727,0.5266104,0.04075214,0.04075214,0.04075214
StretchableCube-Yellow:-0.05693746,1.056153,0.2409552,0.1772081,-0.4964404,0.8329551,0.1683153,0.04001381,0.04001381,0.04001381
StretchableCube-Red:-0.06119063,0.8081596,0.3962076,0.7433233,0.4386789,0.4182895,0.2829581,0.03927547,0.03927547,0.03927547
-8587871776421720607
StretchableCube-Orange:0.09470866,0.8116136,0.2315147,-0.5115832,-0.5094776,0.4487727,0.5266104,0.03800791,0.03800791,0.03800791
StretchableCube-Yellow:-0.05693746,1.056153,0.2409552,0.1772081,-0.4964404,0.8329551,0.1683153,0.03728615,0.03728615,0.03728615
StretchableCube-Red:-0.06119063,0.8081596,0.3962076,0.7433233,0.4386789,0.4182895,0.2829581,0.03656438,0.03656438,0.03656438
-8587871776421560441
StretchableCube-Orange:0.09470866,0.8116136,0.2315147,-0.5115832,-0.5094776,0.4487727,0.5266104,0.03521346,0.03521346,0.03521346
StretchableCube-Yellow:-0.05693746,1.056153,0.2409552,0.1772081,-0.4964404,0.8329551,0.1683153,0.03450853,0.03450853,0.03450853
StretchableCube-Red:-0.06119063,0.8081596,0.3962076,0.7433233,0.4386789,0.4182895,0.2829581,0.03380359,0.03380359,0.03380359
-8587871776421390291
StretchableCube-Orange:0.09470866,0.8116136,0.2315147,-0.5115832,-0.5094776,0.4487727,0.5266104,0.03236806,0.03236806,0.03236806
StretchableCube-Yellow:-0.05693746,1.056153,0.2409552,0.1772081,-0.4964404,0.8329551,0.1683153,0.03168019,0.03168019,0.03168019
StretchableCube-Red:-0.06119063,0.8081596,0.3962076,0.7433233,0.4386789,0.4182895,0.2829581,0.03099232,0.03099232,0.03099232
-8587871776421230137
StretchableCube-Orange:0.09470866,0.8116136,0.2315147,-0.5115832,-0.5094776,0.4487727,0.5266104,0.02947398,0.02947398,0.02947398
StretchableCube-Yellow:-0.05693746,1.056153,0.2409552,0.1772081,-0.4964404,0.8329551,0.1683153,0.02880192,0.02880192,0.02880192
StretchableCube-Red:-0.06119063,0.8081596,0.3962076,0.7433233,0.4386789,0.4182895,0.2829581,0.02812986,0.02812986,0.02812986
-8587871776421069974
StretchableCube-Orange:0.09470866,0.8116136,0.2315147,-0.5115832,-0.5094776,0.4487727,0.5266104,0.02653096,0.02653096,0.02653096
StretchableCube-Yellow:-0.05693746,1.056153,0.2409552,0.1772081,-0.4964404,0.8329551,0.1683153,0.02587546,0.02587546,0.02587546
StretchableCube-Red:-0.06119063,0.8081596,0.3962076,0.7433233,0.4386789,0.4182895,0.2829581,0.02521997,0.02521997,0.02521997
-8587871776420889560
StretchableCube-Orange:0.09470866,0.8116136,0.2315147,-0.5115832,-0.5094776,0.4487727,0.5266104,0.02353803,0.02353803,0.02353803
StretchableCube-Yellow:-0.05693746,1.056153,0.2409552,0.1772081,-0.4964404,0.8329551,0.1683153,0.0228992,0.0228992,0.0228992
StretchableCube-Red:-0.06119063,0.8081596,0.3962076,0.7433233,0.4386789,0.4182895,0.2829581,0.02226037,0.02226037,0.02226037
-8587871776420727142
StretchableCube-Orange:0.09470866,0.8116136,0.2315147,-0.5115832,-0.5094776,0.4487727,0.5266104,0.0204955,0.0204955,0.0204955
StretchableCube-Yellow:-0.05693746,1.056153,0.2409552,0.1772081,-0.4964404,0.8329551,0.1683153,0.01987314,0.01987314,0.01987314
StretchableCube-Red:-0.06119063,0.8081596,0.3962076,0.7433233,0.4386789,0.4182895,0.2829581,0.01925077,0.01925077,0.01925077
-8587871776420566993
StretchableCube-Orange:0.09470866,0.8116136,0.2315147,-0.5115832,-0.5094776,0.4487727,0.5266104,0.01740296,0.01740296,0.01740296
StretchableCube-Yellow:-0.05693746,1.056153,0.2409552,0.1772081,-0.4964404,0.8329551,0.1683153,0.01679737,0.01679737,0.01679737
StretchableCube-Red:-0.06119063,0.8081596,0.3962076,0.7433233,0.4386789,0.4182895,0.2829581,0.01619178,0.01619178,0.01619178
-8587871776420396318
StretchableCube-Orange:0.09470866,0.8116136,0.2315147,-0.5115832,-0.5094776,0.4487727,0.5266104,0.01425951,0.01425951,0.01425951
StretchableCube-Yellow:-0.05693746,1.056153,0.2409552,0.1772081,-0.4964404,0.8329551,0.1683153,0.01367099,0.01367099,0.01367099
StretchableCube-Red:-0.06119063,0.8081596,0.3962076,0.7433233,0.4386789,0.4182895,0.2829581,0.01308247,0.01308247,0.01308247
-8587871776420236347
StretchableCube-Orange:0.09470866,0.8116136,0.2315147,-0.5115832,-0.5094776,0.4487727,0.5266104,0.01106693,0.01106693,0.01106693
StretchableCube-Yellow:-0.05693746,1.056153,0.2409552,0.1772081,-0.4964404,0.8329551,0.1683153,0.01049444,0.01049444,0.01049444
StretchableCube-Red:-0.06119063,0.8081596,0.3962076,0.7433233,0.4386789,0.4182895,0.2829581,0.009921954,0.009921954,0.009921954
-8587871776420064586
StretchableCube-Orange:0.09470866,0.8116136,0.2315147,-0.5115832,-0.5094776,0.4487727,0.5266104,0.007823939,0.007823939,0.007823939
StretchableCube-Yellow:-0.05693746,1.056153,0.2409552,0.1772081,-0.4964404,0.8329551,0.1683153,0.007268641,0.007268641,0.007268641
StretchableCube-Red:-0.06119063,0.8081596,0.3962076,0.7433233,0.4386789,0.4182895,0.2829581,0.006713341,0.006713341,0.006713341
-8587871776419904341
StretchableCube-Orange:0.09470866,0.8116136,0.2315147,-0.5115832,-0.5094776,0.4487727,0.5266104,0.004531758,0.004531758,0.004531758
StretchableCube-Yellow:-0.05693746,1.056153,0.2409552,0.1772081,-0.4964404,0.8329551,0.1683153,0.003992462,0.003992462,0.003992462
StretchableCube-Red:-0.06119063,0.8081596,0.3962076,0.7433233,0.4386789,0.4182895,0.2829581,0.003453164,0.003453164,0.003453164
-8587871776419737903
StretchableCube-Orange:0.09470866,0.8116136,0.2315147,-0.5115832,-0.5094776,0.4487727,0.5266104,0.001190263,0.001190263,0.001190263
StretchableCube-Yellow:-0.05693746,1.056153,0.2409552,0.1772081,-0.4964404,0.8329551,0.1683153,0.0006676228,0.0006676228,0.0006676228
StretchableCube-Red:-0.06119063,0.8081596,0.3962076,0.7433233,0.4386789,0.4182895,0.2829581,0.0001449801,0.0001449801,0.0001449801
-8587871776419564716
StretchableCube-Orange:0.15,0.98,0.3,-0.5115832,-0.5094776,0.4487727,0.5266104,-0.002200529,-0.002200529,-0.002200529
StretchableCube-Yellow:0,0.98,0.3,0.1772081,-0.4964404,0.8329551,0.1683153,-0.002706848,-0.002706848,-0.002706848
StretchableCube-Red:-0.15,0.98,0.3,0.7433233,0.4386789,0.4182895,0.2829581,-0.003213171,-0.003213171,-0.003213171
-8587871776419401015
StretchableCube-Orange:0.15,0.98,0.3,-0.5115832,-0.5094776,0.4487727,0.5266104,0.001239569,0.001239569,0.001239569
StretchableCube-Yellow:0,0.98,0.3,0.1772081,-0.4964404,0.8329551,0.1683153,0.0007167561,0.0007167561,0.0007167561
StretchableCube-Red:-0.15,0.98,0.3,0.7433233,0.4386789,0.4182895,0.2829581,0.0001939409,0.0001939409,0.0001939409
-8587871776419239236
StretchableCube-Orange:0.15,0.98,0.3,-0.5115832,-0.5094776,0.4487727,0.5266104,0.004729293,0.004729293,0.004729293
StretchableCube-Yellow:0,0.98,0.3,0.1772081,-0.4964404,0.8329551,0.1683153,0.004189913,0.004189913,0.004189913
StretchableCube-Red:-0.15,0.98,0.3,0.7433233,0.4386789,0.4182895,0.2829581,0.003650531,0.003650531,0.003650531
-8587871776419080726
StretchableCube-Orange:0.15,0.98,0.3,-0.5115832,-0.5094776,0.4487727,0.5266104,0.008268718,0.008268718,0.008268718
StretchableCube-Yellow:0,0.98,0.3,0.1772081,-0.4964404,0.8329551,0.1683153,0.007712771,0.007712771,0.007712771
StretchableCube-Red:-0.15,0.98,0.3,0.7433233,0.4386789,0.4182895,0.2829581,0.007156823,0.007156823,0.007156823
-8587871776418900472
StretchableCube-Orange:0.15,0.98,0.3,-0.5115832,-0.5094776,0.4487727,0.5266104,0.01185833,0.01185833,0.01185833
StretchableCube-Yellow:0,0.98,0.3,0.1772081,-0.4964404,0.8329551,0.1683153,0.01128557,0.01128557,0.01128557
StretchableCube-Red:-0.15,0.98,0.3,0.7433233,0.4386789,0.4182895,0.2829581,0.01071281,0.01071281,0.01071281
-8587871776418743918
StretchableCube-Orange:0.15,0.98,0.3,-0.5115832,-0.5094776,0.4487727,0.5266104,0.01549804,0.01549804,0.01549804
StretchableCube-Yellow:0,0.98,0.3,0.1772081,-0.4964404,0.8329551,0.1683153,0.01490864,0.01490864,0.01490864
StretchableCube-Red:-0.15,0.98,0.3,0.7433233,0.4386789,0.4182895,0.2829581,0.01431923,0.01431923,0.01431923
-8587871776418573361
StretchableCube-Orange:0.15,0.98,0.3,-0.5115832,-0.5094776,0.4487727,0.5266104,0.01918843,0.01918843,0.01918843
StretchableCube-Yellow:0,0.98,0.3,0.1772081,-0.4964404,0.8329551,0.1683153,0.01858201,0.01858201,0.01858201
StretchableCube-Red:-0.15,0.98,0.3,0.7433233,0.4386789,0.4182895,0.2829581,0.0179756,0.0179756,0.0179756
-8587871776418411008
StretchableCube-Orange:0.15,0.98,0.3,-0.5115832,-0.5094776,0.4487727,0.5266104,0.02292742,0.02292742,0.02292742
StretchableCube-Yellow:0,0.98,0.3,0.1772081,-0.4964404,0.8329551,0.1683153,0.0223052,0.0223052,0.0223052
StretchableCube-Red:-0.15,0.98,0.3,0.7433233,0.4386789,0.4182895,0.2829581,0.02168299,0.02168299,0.02168299
-8587871776418250855
StretchableCube-Orange:0.15,0.98,0.3,-0.5115832,-0.5094776,0.4487727,0.5266104,0.02671534,0.02671534,0.02671534
StretchableCube-Yellow:0,0.98,0.3,0.1772081,-0.4964404,0.8329551,0.1683153,0.02607656,0.02607656,0.02607656
StretchableCube-Red:-0.15,0.98,0.3,0.7433233,0.4386789,0.4182895,0.2829581,0.02543778,0.02543778,0.02543778
-8587871776418074330
StretchableCube-Orange:0.15,0.98,0.3,-0.5115832,-0.5094776,0.4487727,0.5266104,0.03055391,0.03055391,0.03055391
StretchableCube-Yellow:0,0.98,0.3,0.1772081,-0.4964404,0.8329551,0.1683153,0.02989809,0.02989809,0.02989809
StretchableCube-Red:-0.15,0.98,0.3,0.7433233,0.4386789,0.4182895,0.2829581,0.02924227,0.02924227,0.02924227
-8587871776417912794
StretchableCube-Orange:0.15,0.98,0.3,-0.5115832,-0.5094776,0.4487727,0.5266104,0.03444185,0.03444185,0.03444185
StretchableCube-Yellow:0,0.98,0.3,0.1772081,-0.4964404,0.8329551,0.1683153,0.03376986,0.03376986,0.03376986
StretchableCube-Red:-0.15,0.98,0.3,0.7433233,0.4386789,0.4182895,0.2829581,0.03309787,0.03309787,0.03309787
-8587871776417752838
StretchableCube-Orange:0.15,0.98,0.3,-0.5115832,-0.5094776,0.4487727,0.5266104,0.03837897,0.03837897,0.03837897
StretchableCube-Yellow:0,0.98,0.3,0.1772081,-0.4964404,0.8329551,0.1683153,0.03769048,0.03769048,0.03769048
StretchableCube-Red:-0.15,0.98,0.3,0.7433233,0.4386789,0.4182895,0.2829581,0.03700198,0.03700198,0.03700198
-8587871776417580220
StretchableCube-Orange:0.15,0.98,0.3,-0.5115832,-0.5094776,0.4487727,0.5266104,0.04236709,0.04236709,0.04236709
StretchableCube-Yellow:0,0.98,0.3,0.1772081,-0.4964404,0.8329551,0.1683153,0.04166135,0.04166135,0.04166135
StretchableCube-Red:-0.15,0.98,0.3,0.7433233,0.4386789,0.4182895,0.2829581,0.0409556,0.0409556,0.0409556
-8587871776417419478
StretchableCube-Orange:0.15,0.98,0.3,-0.5115832,-0.5094776,0.4487727,0.5266104,0.04640463,0.04640463,0.04640463
StretchableCube-Yellow:0,0.98,0.3,0.1772081,-0.4964404,0.8329551,0.1683153,0.04568281,0.04568281,0.04568281
StretchableCube-Red:-0.15,0.98,0.3,0.7433233,0.4386789,0.4182895,0.2829581,0.04496098,0.04496098,0.04496098
-8587871776417258787
StretchableCube-Orange:0.15,0.98,0.3,-0.5115832,-0.5094776,0.4487727,0.5266104,0.05049096,0.05049096,0.05049096
StretchableCube-Yellow:0,0.98,0.3,0.1772081,-0.4964404,0.8329551,0.1683153,0.04975278,0.04975278,0.04975278
StretchableCube-Red:-0.15,0.98,0.3,0.7433233,0.4386789,0.4182895,0.2829581,0.0490146,0.0490146,0.0490146
-8587871776417078366
StretchableCube-Orange:0.15,0.98,0.3,-0.5115832,-0.5094776,0.4487727,0.5266104,0.05462714,0.05462714,0.05462714
StretchableCube-Yellow:0,0.98,0.3,0.1772081,-0.4964404,0.8329551,0.1683153,0.05387222,0.05387222,0.05387222
StretchableCube-Red:-0.15,0.98,0.3,0.7433233,0.4386789,0.4182895,0.2829581,0.05311729,0.05311729,0.05311729
-8587871776416917624
-8587871776416756982
-8587871776416589120
-8587871776416426878
-8587871776416263773
-8587871776416093928
-8587871776415932845
-8587871776415758949
-8587871776415593036
-8587871776415430448
-8587871776415269071
-8587871776415098268
-8587871776414937634
-8587871776414767473
-8587871776414597187
-8587871776414437154
-8587871776414277001
-8587871776414106838
-8587871776413936304
-8587871776413775795
-8587871776413605363
-8587871776413440366
-8587871776413283771
-8587871776413110285
-8587871776412949610
-8587871776412780399
-8587871776412617471
-8587871776412457005
-8587871776412280025
-8587871776412111649
-8587871776411946396
-8587871776411786092
-8587871776411616075
-8587871776411462017
-8587871776411290535
-8587871776411119853
-8587871776410899644
-8587871776410789536
-8587871776410629383
-8587871776410469112
-8587871776410289047
-8587871776410128899
-8587871776409958743
-8587871776409788580
-8587871776409628427
-8587871776409475193
-8587871776409300694
-8587871776409137399
-8587871776408964912
-8587871776408806778
-8587871776408636672
-8587871776408477878
-8587871776408307625
-8587871776408137460
-8587871776407977306
-8587871776407812801
-8587871776407649128
-8587871776407481993
-8587871776407311265
-8587871776407152296
-8587871776406980316
-8587871776406816561
-8587871776406658304
-8587871776406480761
-8587871776406322110
-8587871776406152687
-8587871776405991745
-8587871776405827184
-8587871776405660577
-8587871776405486750
-8587871776405326978
-8587871776405156710
-8587871776404995344
-8587871776404822088
-8587871776404671793
-8587871776404495251
-8587871776404326749
-8587871776404166547
-8587871776403995819
-8587871776403830666
-8587871776403681559
-8587871776403501409
-8587871776403290970
-8587871776403170706
-8587871776403010617
-8587871776402839471
-8587871776402681430
-8587871776402511182
-8587871776402340840
-8587871776402180687
-8587871776402010526
-8587871776401840363
-8587871776401690227
-8587871776401518165
-8587871776401342972
-8587871776401180586
-8587871776401020276
-8587871776400860264
-8587871776400680204
-8587871776400516410
-8587871776400355755
-8587871776400185590
-8587871776400024960
-8587871776399868780
-8587871776399688600
-8587871776399528454
-8587871776399358291
-8587871776399188118
-8587871776399027975
-8587871776398867821
-8587871776398697656
-8587871776398537505
-8587871776398367340
-8587871776398197177
-8587871776398037023
-8587871776397876870
-8587871776397706359
-8587871776397536083
-8587871776397375999
-8587871776397205836
-8587871776397035794
-8587871776396885650
-8587871776396714517
-8587871776396544351
-8587871776396376405
-8587871776396206066
-8587871776396052248
-8587871776395882088
-8587871776395648747
-8587871776395548482
-8587871776395388500
-8587871776395215877
-8587871776395065733
-8587871776394892759
-8587871776394722594
-8587871776394558926
-8587871776394389853
-8587871776394229700
-8587871776394069547
-8587871776393899284
-8587871776393728793
-8587871776393558633
-8587871776393398469
-8587871776393228135
-8587871776393067838
-8587871776392897583
-8587871776392738917
-8587871776392568447
-8587871776392398673
-8587871776392238376
-8587871776392078113
-8587871776391906954
-8587871776391736796
-8587871776391572245
-8587871776391406634
-8587871776391256057
-8587871776391076335
-8587871776390916044
-8587871776390745883
-8587871776390575720
-8587871776390415570
-8587871776390245074
-8587871776390094925
-8587871776389917827
-8587871776389747613
-8587871776389587513
-8587871776389421587
-8587871776389261436
-8587871776389088132
-8587871776388927979
-8587871776388754787
-8587871776388588308
-8587871776388428158
-8587871776388269018
-8587871776388048715
-8587871776387918588
-8587871776387768447
-8587871776387598286
-8587871776387438135
-8587871776387277979
-8587871776387092769
-8587871776386932621
-8587871776386771861
-8587871776386601431
-8587871776386441281
-8587871776386271000
-8587871776386110954
-8587871776385940801
-8587871776385770641
-8587871776385605473
-8587871776385455912
-8587871776385275858
-8587871776385108616
-8587871776384948416
-8587871776384778253
-8587871776384618059
-8587871776384458064
-8587871776384287597
-8587871776384117605
-8587871776383957442
-8587871776383786767
-8587871776383618816
-8587871776383468672
-8587871776383288533
-8587871776383128374
-8587871776382958216
-8587871776382797863
-8587871776382627529
-8587871776382466905
-8587871776382301145
-8587871776382130990
-8587871776381960814
-8587871776381800671
-8587871776381630508
-8587871776381475042
-8587871776381304712
-8587871776381137271
-8587871776380974598
-8587871776380804113
-8587871776380644077
-8587871776380483747
-8587871776380313267
-8587871776380143104
-8587871776379982843
-8587871776379812529
-8587871776379652378
-8587871776379486972
-8587871776379316929
-8587871776379155122
-8587871776378985000
-8587871776378816509
-8587871776378656363
-8587871776378486198
-8587871776378316035
-8587871776378156795
-8587871776377986638
-8587871776377829495
-8587871776377669249
-8587871776377497015
-8587871776377325959
-8587871776377165649
-8587871776376995640
-8587871776376825482
-8587871776376660104
-8587871776376499966
-8587871776376329788
-8587871776376169642
-8587871776375999433
-8587871776375839259
-8587871776375674068
-8587871776375508892
-8587871776375338729
-8587871776375168566
-8587871776375008415
-8587871776374838255
-8587871776374678094
-8587871776374507777
-8587871776374347491
-8587871776374182614
-8587871776374012456
-8587871776373852305
-8587871776373682140
-8587871776373511813
-8587871776373351821
-8587871776373179800
-8587871776373020053
-8587871776372864951
-8587871776372692340
-8587871776372522175
-8587871776372354718
-8587871776372195240
-8587871776372025083
-8587871776371864932
-8587871776371694766
-8587871776371534265
-8587871776371362535
-8587871776371202384
-8587871776371022212
-8587871776370871984
-8587871776370700198
-8587871776370534348
-8587871776370375209
-8587871776370202731
-8587871776370035728
-8587871776369885545
-8587871776369705096
-8587871776369543092
-8587871776369372834
-8587871776369212832
-8587871776369041896
-8587871776368891665
-8587871776368711447
-8587871776368551298
-8587871776368381136
-8587871776368220982
-8587871776368060714
-8587871776367880656
-8587871776367720362
-8587871776367551822
-8587871776367391666
-8587871776367221573
-8587871776367061056
-8587871776366890332
-8587871776366722212
-8587871776366561920
-8587871776366391760
-8587871776366222296
-8587871776366069055
-8587871776365898769
-8587871776365728606
-8587871776365568447
-8587871776365398131
-8587871776365181524
-8587871776365076426
-8587871776364898274
-8587871776364731185
-8587871776364570599
-8587871776364410451
-8587871776364240288
-8587871776364080135
-8587871776363909967
-8587871776363739811
-8587871776363579658
-8587871776363399483
-8587871776363259211
-8587871776363079064
-8587871776362918908
-8587871776362748747
-8587871776362588440
-8587871776362418165
-8587871776362263485
-8587871776362083310
-8587871776361923136
-8587871776361752853
-8587871776361592697
-8587871776361422536
-8587871776361262386
-8587871776361092220
-8587871776360932069
-8587871776360761904
-8587871776360591585
-8587871776360431449
-8587871776360271424
-8587871776360091254
-8587871776359921101
-8587871776359770957
-8587871776359600794
-8587871776359440639
-8587871776359280488
-8587871776359108103
-8587871776358937978
-8587871776358767813
-8587871776358607618
-8587871776358437499
-8587871776358287460
-8587871776358107147
-8587871776357946983
-8587871776357727169
-8587871776357617079
-8587871776357456923
-8587871776357280148
-8587871776357119994
-8587871776356949831
-8587871776356789514
-8587871776356619515
-8587871776356459357
-8587871776356288334
-8587871776356123163
-8587871776355953002
-8587871776355792828
-8587871776355622668
-8587871776355472522
-8587871776355292352
-8587871776355132198
-8587871776354961874
-8587871776354801869
-8587871776354630014
-8587871776354469886
-8587871776354296744
-8587871776354136590
-8587871776353967446
-8587871776353807293
-8587871776353637133
-8587871776353476979
-8587871776353306814
-8587871776353136651
-8587871776352966488
-8587871776352806334
-8587871776352646179
-8587871776352476021
-8587871776352315867
-8587871776352145704
-8587871776351985551
-8587871776351815388
-8587871776351655217
-8587871776351484585
-8587871776351314410
-8587871776351154259
-8587871776350984032
-8587871776350823876
-8587871776350653055
-8587871776350485204
-8587871776350321705
-8587871776350157632
-8587871776349989540
-8587871776349826714
-8587871776349666563
-8587871776349496400
-8587871776349326076
-8587871776349166082
-8587871776348996720
-8587871776348826557
-8587871776348676416
-8587871776348505981
-8587871776348335652
-8587871776348170540
-8587871776348000377
-8587871776347840224
-8587871776347680068
-8587871776347509869
-8587871776347339463
-8587871776347179440
-8587871776347009121
-8587871776346849930
-8587871776346679770
-8587871776346511512
-8587871776346351356
-8587871776346181193
-8587871776346011030
-8587871776345850879
-8587871776345680713
-8587871776345519554
-8587871776345354716
-8587871776345184555
-8587871776345019315
-8587871776344864049
-8587871776344689104
-8587871776344523211
-8587871776344362912
-8587871776344192752
-8587871776344032509
-8587871776343872317
-8587871776343692183
-8587871776343528727
-8587871776343368569
-8587871776343185529
-8587871776343025370
-8587871776342875129
-8587871776342694929
-8587871776342534586
-8587871776342364423
-8587871776342204272
-8587871776342034109
-8587871776341883950
-8587871776341703795
-8587871776341523620
-8587871776341373477
-8587871776341203314
-8587871776341043017
-8587871776340883002
-8587871776340712841
-8587871776340542681
-8587871776340382528
-8587871776340219090
-8587871776340048809
-8587871776339878608
-8587871776339712587
-8587871776339547475
-8587871776339381899
-8587871776339216867
-8587871776339060651
-8587871776338890488
-8587871776338720325
-8587871776338560171
-8587871776338389888
-8587871776338229735
-8587871776338069692
-8587871776337897286
-8587871776337727082
-8587871776337563414
-8587871776337393233
-8587871776337233103
-8587871776337072947
-8587871776336902786
-8587871776336732623
-8587871776336572468
-8587871776336402141
-8587871776336242151
-8587871776336081998
-8587871776335911822
-8587871776335741657
-8587871776335571509
-8587871776335401349
-8587871776335240294
-8587871776335080069
-8587871776334909737
-8587871776334739441
-8587871776334579406
-8587871776334409243
-8587871776334249089
-8587871776334073581
-8587871776333909667
-8587871776333744494
-8587871776333582502
-8587871776333412337
-8587871776333262190
-8587871776333082020
-8587871776332921867
-8587871776332749764
-8587871776332589454
-8587871776332419327
-8587871776332262325
-8587871776332087928
-8587871776331927639
-8587871776331757484
-8587871776331597328
-8587871776331426993
-8587871776331267014
-8587871776331096851
-8587871776330936698
-8587871776330766368
-8587871776330601192
-8587871776330431029
-8587871776330280883
-8587871776330100618
-8587871776329940409
-8587871776329770246
-8587871776329610131
-8587871776329440078
-8587871776329279825
-8587871776329109764
-8587871776328943247
-8587871776328773084
-8587871776328609239
-8587871776328458965
-8587871776328278923
-8587871776328119274
-8587871776327948995
-8587871776327788847
-8587871776327618682
-8587871776327458528
-8587871776327288268
-8587871776327118205
-8587871776326958052
-8587871776326787745
-8587871776326627436
-8587871776326463481
-8587871776326293187
-8587871776326133034
-8587871776325963012
-8587871776325792690
-8587871776325632557
-8587871776325472404
-8587871776325302287
-8587871776325127035
-8587871776324956867
-8587871776324792241
-8587871776324632085
-8587871776324471786
-8587871776324301628
-8587871776324131468
-8587871776323971312
-8587871776323801149
-8587871776323635968
-8587871776323480535
-8587871776323300524
-8587871776323139641
-8587871776322972931
-8587871776322812781
-8587871776322642613
-8587871776322482462
-8587871776322310292
-8587871776322140129
-8587871776321979975
-8587871776321819822
-8587871776321658957
-8587871776321478562
-8587871776321318552
-8587871776321148384
-8587871776320988225
-8587871776320817960
-8587871776320662343
-8587871776320485191
-8587871776320318807
-8587871776320158651
-8587871776319988485
-8587871776319828296
-8587871776319628115
-8587871776319492960
-8587871776319328562
-8587871776319159126
-8587871776318989475
-8587871776318829319
-8587871776318679014
-8587871776318499003
-8587871776318338842
-8587871776318168687
-8587871776318008421
-8587871776317838357
-8587871776317678217
-8587871776317502698
-8587871776317342491
-8587871776317172336
-8587871776317006118
-8587871776316855962
-8587871776316675802
-8587871776316515646
-8587871776316345483
-8587871776316184951
-8587871776316014790
-8587871776315854624
-8587871776315684922
-8587871776315514859
-8587871776315354790
-8587871776315190326
-8587871776315026806
-8587871776314870073
-8587871776314689521
-8587871776314529371
-8587871776314359208
-8587871776314199054
-8587871776314033638
-8587871776313869427
-8587871776313692234
-8587871776313529006
-8587871776313368855
-8587871776313198723
-8587871776313038572
-8587871776312878421
-8587871776312703561
-8587871776312533160
-8587871776312373009
-8587871776312202721
-8587871776311982686
-8587871776311872596
-8587871776311702039
-8587871776311541855
-8587871776311381702
-8587871776311208308
-8587871776311058021
-8587871776310877828
-8587871776310717675
-8587871776310547517
-8587871776310377354
-8587871776310217026
-8587871776310057047
-8587871776309882484
-8587871776309716732
-8587871776309556499
-8587871776309389244
-8587871776309219081
-8587871776309065860
-8587871776308895743
-8587871776308727019
-8587871776308565811
-8587871776308395559
-8587871776308227180
-8587871776308071583
-8587871776307901282
-8587871776307734539
-8587871776307554362
-8587871776307404223
-8587871776307234060
-8587871776307083916
-8587871776306903741
-8587871776306743588
-8587871776306573425
-8587871776306403265
-8587871776306243111
-8587871776306082955
-8587871776305912652
-8587871776305742484
-8587871776305582325
-8587871776305412165
-8587871776305262006
-8587871776305081815
-8587871776304911629
-8587871776304751499
-8587871776304581221
-8587871776304368055
-8587871776304257939
-8587871776304087787
-8587871776303927631
-8587871776303757470
-8587871776303592934
-8587871776303422774
-8587871776303266304
-8587871776303095202
-8587871776302929406
-8587871776302763621
-8587871776302593458
-8587871776302433282
-8587871776302263142
-8587871776302097213
-8587871776301936763
-8587871776301766574
-8587871776301606426
-8587871776301436263
-8587871776301285999
-8587871776301111361
-8587871776300942709
-8587871776300776572
-8587871776300610516
-8587871776300450337
-8587871776300280054
-8587871776300109893
-8587871776299949740
-8587871776299779577
-8587871776299619426
-8587871776299459265
-8587871776299279098
-8587871776299118944
-8587871776298948953
-8587871776298788922
-8587871776298618777
-8587871776298468541
-8587871776298288461
-8587871776298128308
-8587871776297958145
-8587871776297797989
-8587871776297627829
-8587871776297467555
-8587871776297290257
-8587871776297130104
-8587871776296959826
-8587871776296799790
-8587871776296629627
-8587871776296479481
-8587871776296307457
-8587871776296140148
-8587871776295969985
-8587871776295809829
-8587871776295639669
-8587871776295479516
-8587871776295309350
-8587871776295139190
-8587871776294979036
-8587871776294808871
-8587871776294648720
-8587871776294478557
-8587871776294318404
-8587871776294148366
-8587871776293978403
-8587871776293823231
-8587871776293663081
-8587871776293485100
-8587871776293314527
-8587871776293152748
-8587871776292992423
-8587871776292821971
-8587871776292661992
-8587871776292491803
-8587871776292328168
-8587871776292158005
-8587871776291994795
-8587871776291834660
-8587871776291668511
-8587871776291498345
-8587871776291328185
-8587871776291168032
-8587871776290997795
-8587871776290837715
-8587871776290677562
-8587871776290507399
-8587871776290337236
-8587871776290177083
-8587871776290003807
-8587871776289837013
-8587871776289681813
-8587871776289508435
-8587871776289342691
-8587871776289175239
-8587871776289015088
-8587871776288844490
-8587871776288694302
-8587871776288514025
-8587871776288348741
-8587871776288178550
-8587871776288018392
-8587871776287858228
-8587871776287687643
-8587871776287517534
-8587871776287357234
-8587871776287187079
-8587871776287026857
-8587871776286866516
-8587871776286696351
-8587871776286526175
-8587871776286365863
-8587871776286195710
-8587871776286025711
-8587871776285875557
-8587871776285701915
-8587871776285531752
-8587871776285371599
-8587871776285201436
-8587871776285041283
-8587871776284880986
-8587871776284710966
-8587871776284540801
-8587871776284370523
-8587871776284210487
-8587871776284040309
-8587871776283880158
-8587871776283710008
-8587871776283549855
-8587871776283379692
-8587871776283219526
-8587871776283054462
-8587871776282881959
-8587871776282717065
-8587871776282556717
-8587871776282386498
-8587871776282216337
-8587871776282062891
-8587871776281886308
-8587871776281726157
-8587871776281555994
-8587871776281348417
-8587871776281188279
-8587871776281017931
-8587871776280867696
-8587871776280047002
-8587871776279896809
-8587871776279736700
-8587871776279576551
-8587871776279406388
-8587871776279256129
-8587871776279083015
-8587871776278912947
-8587871776278742666
-8587871776278582226
-8587871776278412063
-8587871776278251904
-8587871776278085474
-8587871776277915308
-8587871776277756494
-8587871776277586285
-8587871776277426114
-8587871776277260556
-8587871776277086827
-8587871776276926674
-8587871776276756344
-8587871776276596061
-8587871776276425723
-8587871776276272807
-8587871776276092481
-8587871776275928222
-8587871776275768020
-8587871776275597741
-8587871776275437268
-8587871776275277112
-8587871776275106957
-8587871776274936794
-8587871776274766631
-8587871776274606478
-8587871776274435728
-8587871776274285490
-8587871776274112501
-8587871776273941949
-8587871776273781841
-8587871776273611776
-8587871776273451622
-8587871776273280948
-8587871776273110698
-8587871776272950739
-8587871776272780563
-8587871776272620410
-8587871776272460256
-8587871776272290093
-8587871776272119895
-8587871776271958282
-8587871776271788093
-8587871776271621929
-8587871776271461771
-8587871776271291680
-8587871776271131526
-8587871776270961722
-8587871776270781076
-8587871776270631556
-8587871776270471383
-8587871776270300897
-8587871776270130685
-8587871776269970514
-8587871776269800738
-8587871776269630575
-8587871776269476763
-8587871776269306712
-8587871776269136380
-8587871776268921881
-8587871776268801768
-8587871776268641615
-8587871776268481459
-8587871776268311296
-8587871776268147377
-8587871776267978440
-8587871776267808303
-8587871776267658164
-8587871776267480196
-8587871776267310120
-8587871776267149936
-8587871776266988930
-8587871776266818770
-8587871776266658617
-8587871776266492260
-8587871776266322103
-8587871776266151799
-8587871776265991786
-8587871776265821616
-8587871776265671285
-8587871776265491251
-8587871776265331102
-8587871776265160942
-8587871776265000786
-8587871776264830124
-8587871776264669436
-8587871776264499268
-8587871776264334688
-8587871776264174460
-8587871776264004372
-8587871776263834163
-8587871776263679058
-8587871776263503846
-8587871776263343698
-8587871776263173123
-8587871776263008126
-8587871776262842315
-8587871776262681957
-8587871776262511630
-8587871776262341493
-8587871776262181332
-8587871776262011197
-8587871776261853268
-8587871776261677637
-8587871776261512308
-8587871776261352142
-8587871776261181994
-8587871776261021841
-8587871776260861521
-8587871776260691522
-8587871776260521343
-8587871776260361203
-8587871776260191045
-8587871776260021855
-8587871776259871714
-8587871776259691669
-8587871776259531393
-8587871776259361233
-8587871776259201079
-8587871776259030919
-8587871776258880693
-8587871776258700201
-8587871776258532378
-8587871776258372897
-8587871776258201209
-8587871776258031041
-8587871776257884847
-8587871776257704224
-8587871776257537968
-8587871776257372684
-8587871776257208834
-8587871776257042959
-8587871776256892802
-8587871776256712648
-8587871776256542777
-8587871776256382626
-8587871776256220053
-8587871776256062670
-8587871776255882485
-8587871776255722334
-8587871776255552168
-8587871776255386204
-8587871776255226050
-8587871776255065892
-8587871776254895619
-8587871776254725410
-8587871776254555390
-8587871776254395255
-8587871776254225092
-8587871776254074938
-8587871776253894660
-8587871776253734523
-8587871776253564342
-8587871776253404306
-8587871776253234143
-8587871776253073949
-8587871776252903822
-8587871776252733656
-8587871776252574634
-8587871776252394462
-8587871776252229286
-8587871776252078789
-8587871776251898601
-8587871776251735790
-8587871776251564411
-8587871776251404401
-8587871776251244248
-8587871776251079330
-8587871776250909167
-8587871776250739005
-8587871776250568506
-8587871776250408353
-8587871776250237949
-8587871776250087713
-8587871776249907638
-8587871776249747472
-8587871776249577322
-8587871776249416992
-8587871776249257018
-8587871776249086845
-8587871776248916674
-8587871776248756533
-8587871776248586373
-8587871776248418599
-8587871776248268457
-8587871776248093973
-8587871776247923418
-8587871776247753253
-8587871776247592984
-8587871776247432831
-8587871776247273953
-8587871776247093719
-8587871776246933627
-8587871776246763505
-8587871776246598034
-8587871776246427956
-8587871776246272807
-8587871776246107626
-8587871776245937466
-8587871776245777312
-8587871776245606663
-8587871776245442764
-8587871776245282747
-8587871776245107500
-8587871776244947341
-8587871776244781832
-8587871776244611367
-8587871776244451680
-8587871776244281394
-8587871776244111259
-8587871776243951101
-8587871776243781038
-8587871776243620882
-8587871776243453988
-8587871776243283822
-8587871776243123572
-8587871776242954338
-8587871776242794187
-8587871776242624022
-8587871776242463871
-8587871776242293706
-8587871776242123543
-8587871776241963389
-8587871776241793224
-8587871776241627039
-8587871776241476898
-8587871776241296093
-8587871776241130510
-8587871776240966911
-8587871776240800055
-8587871776240639838
-8587871776240479536
-8587871776240309373
-8587871776240139210
-8587871776239968889
-8587871776239808717
-8587871776239638611
-8587871776239478524
-8587871776239311763
-8587871776239141424
-8587871776238981286
-8587871776238810795
-8587871776238660493
-8587871776238480484
-8587871776238320331
-8587871776238150168
-8587871776237989999
-8587871776237819836
-8587871776237649688
-8587871776237489535
-8587871776237319372
-8587871776237159216
-8587871776236996621
-8587871776236826458
-8587871776236666307
-8587871776236496141
-8587871776236325817
-8587871776236165664
-8587871776235998944
-8587871776235830166
-8587871776235669887
-8587871776235499246
-8587871776235339097
-8587871776235169564
-8587871776234999404
-8587871776234839250
-8587871776234679097
-8587871776234508932
-8587871776234338651
-8587871776234178618
-8587871776234008455
-8587871776233848304
-8587871776233676147
-8587871776233515697
-8587871776233345539
-8587871776233185391
-8587871776233015363
-8587871776232845039
-8587871776232694964
-8587871776232514876
-8587871776232347893
-8587871776232134568
-8587871776232019512
-8587871776231864276
-8587871776231684009
-8587871776231524038
-8587871776231355436
-8587871776231195134
-8587871776231024974
-8587871776230874820
-8587871776230690505
-8587871776230527014
-8587871776230366848
-8587871776230193510
-8587871776230033216
-8587871776229873071
-8587871776229702905
-8587871776229533705
-8587871776229373408
-8587871776229203253
-8587871776229043097
-8587871776228882933
-8587871776228702768
-8587871776228543455
-8587871776228373287
-8587871776228203264
-8587871776228052788
-8587871776227882625
-8587871776227712383
-8587871776227548574
-8587871776227379430
-8587871776227219276
-8587871776227059138
-8587871776226888960
-8587871776226718812
-8587871776226553636
-8587871776226383335
-8587871776226219513
-8587871776226062045
-8587871776225891888
-8587871776225731729
-8587871776225556761
-8587871776225396590
-8587871776225226841
-8587871776225076841
-8587871776224901653
-8587871776224721480
-8587871776224568777
-8587871776224398455
-8587871776224238350
-8587871776224078317
-8587871776223908067
-8587871776223737904
-8587871776223577748
-8587871776223407588
-8587871776223242732
-8587871776223082479
-8587871776222912410
-8587871776222742232
-8587871776222574517
-8587871776222410229
-8587871776222260154
-8587871776222079982
-8587871776221919828
-8587871776221749665
-8587871776221585132
-8587871776221414669
-8587871776221264544
-8587871776221086178
-8587871776220920636
-8587871776220753225
-8587871776220592045
-8587871776220421780
-8587871776220271636
-8587871776220091464
-8587871776219931310
-8587871776219758777
-8587871776219598667
-8587871776219428624
-8587871776219278468
-8587871776219097957
-8587871776218937807
-8587871776218767644
-8587871776218607485
-8587871776218437327
-8587871776218277172
-8587871776218108519
-8587871776217938356
-8587871776217778205
-8587871776217608040
-8587871776217447277
-8587871776217276935
-8587871776217063782
-8587871776216893304
-8587871776216733141
-8587871776216565425
-8587871776216393509
-8587871776216233358
-8587871776216073038
-8587871776215902855
-8587871776215732720
-8587871776215567213
-8587871776215396920
-8587871776215236761
-8587871776215076636
-8587871776214906514
-8587871776214736449
-8587871776214576295
-8587871776214405966
-8587871776214245961
-8587871776214075394
-8587871776213917480
-8587871776213747317
-8587871776213578450
-8587871776213418294
-8587871776213258143
-8587871776213087978
-8587871776212917815
-8587871776212747501
-8587871776212586426
-8587871776212416127
-8587871776212265745
-8587871776212085266
-8587871776211929526
-8587871776211759381
-8587871776211589315
-8587871776211429162
-8587871776211269006
-8587871776211098843
-8587871776210930101
-8587871776210759935
-8587871776210598814
-8587871776210428646
-8587871776210272950
-8587871776210100931
-8587871776209933461
-8587871776209708652
-8587871776209598713
-8587871776209438560
-8587871776209278406
-8587871776209108241
-8587871776208937768
-8587871776208777612
-8587871776208607414
-8587871776208457198
-8587871776208276980
-8587871776208116852
-8587871776207946661
-8587871776207786541
-8587871776207616401
-8587871776207456365
-8587871776207286686
-8587871776207116523
-8587871776206956700
-8587871776206786534
-8587871776206626240
-8587871776206466087
-8587871776206292901
-8587871776206123749
-8587871776205963534
-8587871776205793387
-8587871776205629598
-8587871776205469450
-8587871776205296863
-8587871776205126702
-8587871776204962128
-8587871776204801974
-8587871776204637730
-8587871776204477613
-8587871776204300213
-8587871776204140062
-8587871776203969819
-8587871776203809740
-8587871776203629570
-8587871776203479427
-8587871776203309261
-8587871776203139103
-8587871776202968938
-8587871776202808690
-8587871776202660732
-8587871776202480547
-8587871776202310333
-8587871776202100121
-8587871776201980022
-8587871776201819863
-8587871776201659715
-8587871776201489549
-8587871776201319345
-8587871776201155316
-8587871776200984557
-8587871776200827381
-8587871776200668845
-8587871776200498751
-8587871776200330570
-8587871776200160425
-8587871776200000272
-8587871776199830203
-8587871776199671822
-8587871776199501495
-8587871776199329640
-8587871776199169489
-8587871776198999329
-8587871776198839175
-8587871776198679022
-8587871776198508116
-8587871776198337966
-8587871776198177800
-8587871776197997561
-8587871776197837262
-8587871776197676929
-8587871776197506943
-8587871776197341654
-8587871776197181514
-8587871776197011353
-8587871776196861099
-8587871776196680850
-8587871776196514898
-8587871776196354704
-8587871776196184536
-8587871776196024383
-8587871776195864229
-8587871776195685693
-8587871776195524574
-8587871776195355530
-8587871776195189934
-8587871776195024586
-8587871776194864500
-8587871776194634269
-8587871776194524174
-8587871776194364563
-8587871776194194285
-8587871776194033684
-8587871776193863498
-8587871776193703370
-8587871776193535368
-8587871776193375214
-8587871776193207747
-8587871776193037584
-8587871776192877431
-8587871776192707206
-8587871776192537041
-8587871776192366878
-8587871776192196715
-8587871776192056581
-8587871776191876406
-8587871776191716252
-8587871776191546092
-8587871776191375870
-8587871776191215438
-8587871776191055136
-8587871776190884824
-8587871776190724482
-8587871776190549391
-8587871776190377474
-8587871776190217306
-8587871776190067116
-8587871776189886879
-8587871776189725098
-8587871776189559916
-8587871776189399763
-8587871776189229600
-8587871776189069326
-8587871776188898859
-8587871776188728581
-8587871776188568543
-8587871776188398380
-8587871776188228214
-8587871776188069533
-8587871776187895666
-8587871776187735512
-8587871776187565060
-8587871776187396784
-8587871776187234708
-8587871776187074554
-8587871776186907092
-8587871776186736932
-8587871776186567939
-8587871776186407571
-8587871776186237413
-8587871776186086127
-8587871776185906078
-8587871776185745364
-8587871776185578756
-8587871776185418496
-8587871776185258427
-8587871776185086139
-8587871776184915976
-8587871776184745286
-8587871776184579595
-8587871776184419024
-8587871776184260361
-8587871776184084784
-8587871776183924487
-8587871776183754327
-8587871776183594173
-8587871776183424010
-8587871776183263547
-8587871776183093092
-8587871776182922789
-8587871776182762794
-8587871776182591292
-8587871776182431147
-8587871776182277339
-8587871776182097164
-8587871776181937011
-8587871776181766730
-8587871776181607391
-8587871776181437223
-8587871776181271489
-8587871776181101331
-8587871776180941283
-8587871776180771015
-8587871776180610859
-8587871776180240609
-8587871776180070290
-8587871776179910293
-8587871776179747211
-8587871776179578484
-8587871776179418152
-8587871776179258088
-8587871776179084192
-8587871776178916802
-8587871776178751631
-8587871776178582845
-8587871776178422689
-8587871776178262882
-8587871776178092721
-8587871776177922561
-8587871776177762408
-8587871776177592245
-8587871776177432089
-8587871776177271923
-8587871776177091765
-8587871776176931379
-8587871776176761121
-8587871776176600413
-8587871776176435385
-8587871776176265230
-8587871776176101574
-8587871776175941421
-8587871776175769765
-8587871776175599423
-8587871776175439275
-8587871776175279122
-8587871776175098949
-8587871776174938796
-8587871776174778566
-8587871776174605884
-8587871776174455753
-8587871776174275442
-8587871776174115427
-8587871776173945123
-8587871776173784975
-8587871776173616799
-8587871776173456591
-8587871776173282235
-8587871776173111128
-8587871776172950867
-8587871776172790880
-8587871776172620558
-8587871776172470409
-8587871776172290183
-8587871776172129876
-8587871776171957535
-8587871776171797381
-8587871776171627218
-8587871776171466878
-8587871776171296579
-8587871776171126496
-8587871776170966273
-8587871776170795993
-8587871776170635791
-8587871776170480107
-8587871776170299919
-8587871776170134653
-8587871776169969559
-8587871776169809403
-8587871776169639125
-8587871776169479090
-8587871776169308922
-8587871776169138764
-8587871776168978608
-8587871776168808445
-8587871776168653278
-8587871776168483090
-8587871776168312868
-8587871776168152776
-8587871776167982613
-8587871776167822457
-8587871776167656759
-8587871776167486594
-8587871776167316431
-8587871776167156208
-8587871776166993172
-8587871776166822705
-8587871776166672561
-8587871776166492391
-8587871776166272170
-8587871776166162072
-8587871776166001919
-8587871776165831602
-8587871776165667471
-8587871776165496767
-8587871776165336614
-8587871776165162301
-8587871776165002153
-8587871776164838928
-8587871776164679018
-8587871776164507762
-8587871776164334002
-8587871776164173708
-8587871776164003501
-8587871776163843340
-8587871776163683189
-8587871776163512745
-8587871776163348844
-8587871776163178793
-8587871776163018353
-8587871776162848196
-8587871776162688040
-8587871776162517879
-8587871776162349270
-8587871776162189204
-8587871776162019044
-8587871776161858895
-8587871776161676652
-8587871776161526567
-8587871776161356322
-8587871776161195964
-8587871776161021416
-8587871776160871277
-8587871776160698201
-8587871776160527892
-8587871776160361177
-8587871776160197926
-8587871776160027761
-8587871776159873959
-8587871776159698906
-8587871776159538756
-8587871776159371493
-8587871776159199574
-8587871776158984880
-8587871776158879736
-8587871776158704430
-8587871776158540127
-8587871776158369815
-8587871776158209657
-8587871776158049514
-8587871776157879348
-8587871776157709185
-8587871776157549034
-8587871776157378871
-8587871776157218718
-8587871776157058552
-8587871776156878392
-8587871776156718239
-8587871776156555546
-8587871776156382280
-8587871776156221968
-8587871776156061956
-8587871776155891667
-8587871776155721504
-8587871776155561349
-8587871776155391186
-8587871776155230733
-8587871776155070584
-8587871776154901998
-8587871776154733725
-8587871776154563564
-8587871776154403411
-8587871776154233059
-8587871776154077616
-8587871776153907330
-8587871776153731786
-8587871776153571384
-8587871776153400737
-8587871776153235564
-8587871776153085305
-8587871776152903218
-8587871776152742957
-8587871776152578172
-8587871776152407886
-8587871776152257740
-8587871776152080194
-8587871776151849408
-8587871776151749146
-8587871776151589015
-8587871776151418556
-8587871776151258469
-8587871776151082536
-8587871776150919727
-8587871776150748448
-8587871776150588295
-8587871776150417669
-8587871776150267599
-8587871776150097436
-8587871776149927079
-8587871776149766925
-8587871776149597789
-8587871776149427344
-8587871776149267196
-8587871776149096872
-8587871776148926870
-8587871776148766707
-8587871776148596546
-8587871776148438651
-8587871776148276352
-8587871776148106169
-8587871776147933937
-8587871776147763309
-8587871776147603150
-8587871776147443002
-8587871776147272258
-8587871776147103549
-8587871776146943114
-8587871776146774815
-8587871776146604667
-8587871776146444504
-8587871776146294362
-8587871776146114192
-8587871776145954037
-8587871776145783717
-8587871776145613706
-8587871776145463564
-8587871776145289917
-8587871776145119823
-8587871776144956793
-8587871776144786095
-8587871776144625652
-8587871776144406086
-8587871776144295981
-8587871776144125818
-8587871776143965662
-8587871776143795502
-8587871776143625157
-8587871776143465004
-8587871776143294823
-8587871776143135890
-8587871776142965735
-8587871776142804507
-8587871776142634364
-8587871776142484715
-8587871776142304621
-8587871776142144424
-8587871776141974262
-8587871776141804972
-8587871776141639793
-8587871776141486321
-8587871776141305959
-8587871776141146825
-8587871776140976437
-8587871776140816286
-8587871776140656132
-8587871776140479961
-8587871776140319685
-8587871776140149524
-8587871776139986197
-8587871776139816039
-8587871776139655740
-8587871776139485715
-8587871776139325556
-8587871776139156215
-8587871776138986034
-8587871776138829524
-8587871776138669368
-8587871776138495370
-8587871776138325210
-8587871776138164547
-8587871776137995178
-8587871776137835168
-8587871776137669992
-8587871776137494960
-8587871776137285119
-8587871776137164984
-8587871776137003919
-8587871776136833516
-8587871776136683280
-8587871776136503202
-8587871776136342887
-8587871776136176810
-8587871776136006650
-8587871776135846568
-8587871776135679953
-8587871776135509119
-8587871776135351065
-8587871776135180902
-8587871776135010734
-8587871776134850586
-8587871776134680341
-8587871776134511589
-8587871776134351433
-8587871776134181267
-8587871776134021119
-8587871776133863610
-8587871776133685365
-8587871776133512246
-8587871776133349271
-8587871776133188995
-8587871776133028719
-8587871776132868565
-8587871776132698402
-8587871776132528234
-8587871776132360913
-8587871776132197012
-8587871776132028482
-8587871776131877358
-8587871776131707039
-8587871776131537828
-8587871776131367665
-8587871776131207509
-8587871776131037239
-8587871776130879981
-8587871776130709698
-8587871776130538900
-8587871776130378764
-8587871776130198733
-8587871776130057260
-8587871776129827108
-8587871776129717008
-8587871776129546840
-8587871776129386564
-8587871776129216403
-8587871776129056253
-8587871776128885926
-8587871776128718528
-8587871776128558372
-8587871776128381719
-8587871776128218074
-8587871776128067690
-8587871776127892427
-8587871776127724612
-8587871776127563222
-8587871776127393062
-8587871776127224325
-8587871776127073999
-8587871776126893721
-8587871776126733571
-8587871776126565799
-8587871776126395183
-8587871776126235027
-8587871776126074873
-8587871776125904711
-8587871776125744557
-8587871776125574394
-8587871776125404231
-8587871776125244078
-8587871776125076826
-8587871776124912530
-8587871776124742334
-8587871776124581886
-8587871776124411726
-8587871776124261500
-8587871776124084379
-8587871776123914219
-8587871776123754066
-8587871776123583903
-8587871776123423749
-8587871776123263583
-8587871776123083411
-8587871776122923101
-8587871776122748059
-8587871776122587870
-8587871776122422535
-8587871776122263861
-8587871776122098685
-8587871776121933112
-8587871776121762949
-8587871776121597515
-8587871776121435280
-8587871776121271714
-8587871776121101689
-8587871776120935515
-8587871776120765362
-8587871776120606786
-8587871776120436482
-8587871776120276521
-8587871776120106358
-8587871776119936192
-8587871776119776039
-8587871776119605876
-8587871776119446155
-8587871776119275882
-8587871776119110581
-8587871776118950430
-8587871776118782617
-8587871776118612157
-8587871776118462042
-8587871776118281375
-8587871776118111204
-8587871776117917502
-8587871776117746968
-8587871776117581206
-8587871776117421047
-8587871776117256102
-8587871776117084562
-8587871776116917711
-8587871776116756685
-8587871776116586578
-8587871776116423256
-8587871776116262915
-8587871776116092814
-8587871776115922513
-8587871776115761922
-8587871776115591800
-8587871776115421726
-8587871776115271368
-8587871776115094039
-8587871776114931549
-8587871776114760321
-8587871776114601404
-8587871776114431243
-8587871776114281578
-8587871776114101465
-8587871776113941012
-8587871776113770670
-8587871776113610521
-8587871776113440356
-8587871776113280205
-8587871776113110035
-8587871776112939879
-8587871776112779716
-8587871776112609548
-8587871776112459486
-8587871776112279313
-8587871776112119160
-8587871776111948997
-8587871776111788731
-8587871776111618681
-8587871776111458530
-8587871776111288367
-8587871776111118204
-8587871776110954912
-8587871776110784749
-8587871776110624593
-8587871776110464442
-8587871776110293819
-8587871776110133673
-8587871776109963513
-8587871776109773031
-8587871776109602965
-8587871776109442717
-8587871776109277702
-8587871776109107532
-8587871776108937374
-8587871776108777221
-8587871776108605153
-8587871776108454930
-8587871776108275894
-8587871776108110298
-8587871776107945127
-8587871776107784976
-8587871776107614814
-8587871776107454660
-8587871776107284228
-8587871776107123855
-8587871776106952340
-8587871776106783974
-8587871776106617132
-8587871776106466988
-8587871776106288561
-8587871776106127932
-8587871776105957306
-8587871776105790632
-8587871776105630479
-8587871776105470325
-8587871776105299932
-8587871776105129941
-8587871776104959637
-8587871776104799737
-8587871776104629438
-8587871776104482136
-8587871776104301807
-8587871776104141626
-8587871776103971468
-8587871776103801313
-8587871776103636674
-8587871776103486410
-8587871776103306330
-8587871776103146184
-8587871776102976024
-8587871776102815870
-8587871776102650612
-8587871776102482252
-8587871776102311357
-8587871776102150881
-8587871776101980741
-8587871776101820590
-8587871776101650427
-8587871776101490289
-8587871776101321076
-8587871776101156814
-8587871776100986213
-8587871776100826224
-8587871776100665973
-8587871776100495897
-8587871776100325744
-8587871776100165591
-8587871776099995426
-8587871776099825094
-8587871776099665112
-8587871776099494201
-8587871776099334051
-8587871776099163619
-8587871776099000437
-8587871776098836853
-8587871776098680302
-8587871776098500204
-8587871776098340048
-8587871776098174147
-8587871776098006698
-8587871776097846542
-8587871776097676043
-8587871776097504859
-8587871776097344688
-8587871776097176537
-8587871776097011189
-8587871776096851215
-8587871776096680830
-8587871776096520303
-8587871776096350142
-8587871776096179979
-8587871776096019662
-8587871776095849663
-8587871776095679157
-8587871776095519004
-8587871776095358848
-8587871776095188337
-8587871776095028181
-8587871776094864057
-8587871776094693894
-8587871776094523726
-8587871776094363575
-8587871776094194561
-8587871776094034411
-8587871776093873423
-8587871776093686438
-8587871776093533832
-8587871776093363833
-8587871776093203556
-8587871776093033393
-8587871776092883250
-8587871776092707278
-8587871776092537118
-8587871776092373152
-8587871776092213163
-8587871776091997811
-8587871776091872538
-8587871776091711803
-8587871776091543826
-8587871776091378499
-8587871776091218323
-8587871776091058172
-8587871776090889353
-8587871776090718819
-8587871776090548661
-8587871776090388344
-8587871776090215726
-8587871776090061466
-8587871776089890827
-8587871776089720787
-8587871776089560636
-8587871776089390473
-8587871776089230320
-8587871776089070166
-8587871776088900003
-8587871776088729840
-8587871776088559675
-8587871776088399524
-8587871776088229358
-8587871776088079217
-8587871776087899114
-8587871776087738820
-8587871776087568746
-8587871776087408596
-8587871776087238748
-8587871776087078418
-8587871776086908078
-8587871776086748035
-8587871776086578542
-8587871776086409954
-8587871776086249696
-8587871776086076742
-8587871776085903919
-8587871776085753778
-8587871776085584273
-8587871776085414021
-8587871776085263959
-8587871776085079048
-8587871776084918743
-8587871776084758585
-8587871776084584308
-8587871776084424155
-8587871776084263648
-8587871776083773184
-8587871776083623083
-8587871776083451379
-8587871776083283600
-8587871776083123270
-8587871776082958590
-8587871776082788432
-8587871776082623154
-8587871776082462765
-8587871776082293659
-8587871776082132042
-8587871776081957345
-8587871776081793528
-8587871776081633301
-8587871776081463227
-8587871776081293072
-8587871776081132919
-8587871776080972765
-8587871776080805278
-8587871776080634733
-8587871776080474580
-8587871776080304455
-8587871776080143818
-8587871776079973555
-8587871776079813225
-8587871776079643185
-8587871776079482950
-8587871776079312060
-8587871776079141897
-8587871776078981744
-8587871776078811581
-8587871776078661322
-8587871776078488622
-8587871776078318459
-8587871776078148296
-8587871776077988140
-8587871776077817977
-8587871776077657821
-8587871776077487661
-8587871776077322482
-8587871776077157327
-8587871776076996047
-8587871776076825884
-8587871776076665726
-8587871776076495568
-8587871776076330292
-8587871776076160183
-8587871776075990112
-8587871776075831298
-8587871776075670125
-8587871776075499322
-8587871776075338800
-8587871776075170158
-8587871776074999944
-8587871776074837976
-8587871776074677886
-8587871776074507818
-8587871776074337542
-8587871776074177297
-8587871776074007579
-8587871776073850457
-8587871776073680292
-8587871776073517343
-8587871776073347251
-8587871776073186962
-8587871776073016787
-8587871776072851572
-8587871776072681212
-8587871776072514948
-8587871776072351311
-8587871776072181148
-8587871776072021071
-8587871776071860782
-8587871776071687020
-8587871776071525748
-8587871776071355347
-8587871776071195124
-8587871776071024959
-8587871776070874810
-8587871776070694112
-8587871776070520458
-8587871776070360304
-8587871776070200627
-8587871776070030331
-8587871776069877832
-8587871776069705037
-8587871776069534734
-8587871776069374583
-8587871776069204420
-8587871776069044267
-8587871776068884305
-8587871776068703861
-8587871776068543716
-8587871776068373555
-8587871776068212171
-8587871776067996511
-8587871776067876399
-8587871776067715662
-8587871776067545496
-8587871776067380200
-8587871776067220047
-8587871776067061524
-8587871776066881405
-8587871776066721211
-8587871776066551048
-8587871776066390897
-8587871776066220716
-8587871776066065547
-8587871776065890357
-8587871776065725183
-8587871776065555020
-8587871776065394867
-8587871776065224704
-8587871776065074560
-8587871776064898722
-8587871776064728561
-8587871776064568293
-8587871776064397823
-8587871776064238217
-8587871776064078397
-8587871776063908180
-8587871776063738019
-8587871776063577866
-8587871776063407573
-8587871776063235623
-8587871776063075411
-8587871776062905565
-8587871776062685203
-8587871776062517923
-8587871776062357590
-8587871776062187435
-8587871776062027279
-8587871776061861268
-8587871776061690046
-8587871776061529851
-8587871776061359822
-8587871776061199535
-8587871776061029510
-8587871776060871879
-8587871776060696695
-8587871776060529090
-8587871776060364106
-8587871776060198820
-8587871776060038126
-8587871776059867861
-8587871776059707710
-8587871776059537429
-8587871776059369291
-8587871776059208219
-8587871776059038752
-8587871776058888609
-8587871776058711877
-8587871776058541711
-8587871776058379717
-8587871776058209554
-8587871776058059349
-8587871776057879236
-8587871776057715386
-8587871776057554951
-8587871776057383170
-8587871776057223815
-8587871776057063703
-8587871776056893435
-8587871776056723062
-8587871776056558336
-8587871776056387964
-8587871776056228335
-8587871776056064961
-8587871776055894798
-8587871776055726102
-8587871776055565949
-8587871776055394841
-8587871776055229169
-8587871776055069018
-8587871776054898857
-8587871776054738530
-8587871776054568515
-8587871776054398360
-8587871776054238215
-8587871776054078061
-8587871776053907901
-8587871776053737723
-8587871776053570926
-8587871776053410770
-8587871776053254969
-8587871776053074801
-8587871776052914648
-8587871776052744288
-8587871776052584321
-8587871776052404159
-8587871776052253091
-8587871776052082928
-8587871776051921746
-8587871776051756001
-8587871776051581719
-8587871776051419754
-8587871776051259600
-8587871776051094977
-8587871776050924768
-8587871776050754562
-8587871776050595227
-8587871776050425065
-8587871776050264914
-8587871776050096090
-8587871776049925945
-8587871776049765743
-8587871776049595582
-8587871776049435429
-8587871776049266159
-8587871776049106029
-8587871776048937371
-8587871776048772669
-8587871776048602506
-8587871776048442245
-8587871776048281703
-8587871776048109049
-8587871776047938886
-8587871776047778318
-8587871776047608155
-8587871776047458011
-8587871776047277834
-8587871776047116838
-8587871776046947676
-8587871776046777521
-8587871776046618763
-8587871776046458474
-8587871776046286147
-8587871776046104943
-8587871776045954799
-8587871776045784524
-8587871776045624050
-8587871776045465456
-8587871776045294817
-8587871776045124815
-8587871776044964483
-8587871776044789356
-8587871776044632812
-8587871776044472659
-8587871776044233993
-8587871776044133913
-8587871776043963750
-8587871776043803596
-8587871776043633433
-8587871776043473267
-8587871776043302997
-8587871776043132941
-8587871776042972785
-8587871776042802623
-8587871776042642482
-8587871776042482331
-8587871776042312155
-8587871776042142003
-8587871776041981852
-8587871776041811612
-8587871776041642012
-8587871776041481857
-8587871776041311758
-8587871776041151602
-8587871776040983105
-8587871776040822583
-8587871776040660095
-8587871776040487257
-8587871776040319890
-8587871776040149747
-8587871776039989970
-8587871776039829914
-8587871776039669617
-8587871776039487300
-8587871776039327146
-8587871776039156983
-8587871776038996835
-8587871776038831050
-8587871776038676357
-8587871776038497198
-8587871776038337050
-8587871776038164050
-8587871776038001660
-8587871776037831655
