----------New Stimuli List Generated----------
-8587870902524331063
StretchableCube-Yellow:0.008393801,0.9331943,0.3625829,-0.7170534,-0.6729059,0.0185614,0.1807968,0,0,0
StretchableCube-Red:-0.04282931,1.106928,0.2761673,0.3306827,-0.4827503,-0.1928229,0.7876678,0,0,0
StretchableCube-Orange:-0.02517124,1.168662,0.2869085,-0.04138679,-0.853732,0.4964001,0.1517099,0,0,0
-8587870902524211055
StretchableCube-Yellow:0.008393801,0.9331943,0.3625829,-0.7170534,-0.6729059,0.0185614,0.1807968,4E-05,4E-05,4E-05
StretchableCube-Red:-0.04282931,1.106928,0.2761673,0.3306827,-0.4827503,-0.1928229,0.7876678,2E-05,2E-05,2E-05
StretchableCube-Orange:-0.02517124,1.168662,0.2869085,-0.04138679,-0.853732,0.4964001,0.1517099,0,0,0
-8587870902522214282
StretchableCube-Yellow:0.008393801,0.9331943,0.3625829,-0.7170534,-0.6729059,0.0185614,0.1807968,0.0004886822,0.0004886822,0.0004886822
StretchableCube-Red:-0.04282931,1.106928,0.2761673,0.3306827,-0.4827503,-0.1928229,0.7876678,0.0002743411,0.0002743411,0.0002743411
StretchableCube-Orange:-0.02517124,1.168662,0.2869085,-0.04138679,-0.853732,0.4964001,0.1517099,6E-05,6E-05,6E-05
-8587870902521995975
StretchableCube-Yellow:0.008393801,0.9331943,0.3625829,-0.7170534,-0.6729059,0.0185614,0.1807968,0.001184325,0.001184325,0.001184325
StretchableCube-Red:-0.04282931,1.106928,0.2761673,0.3306827,-0.4827503,-0.1928229,0.7876678,0.0009436739,0.0009436739,0.0009436739
StretchableCube-Orange:-0.02517124,1.168662,0.2869085,-0.04138679,-0.853732,0.4964001,0.1517099,0.0007030232,0.0007030232,0.0007030232
-8587870902521821826
StretchableCube-Yellow:0.008393801,0.9331943,0.3625829,-0.7170534,-0.6729059,0.0185614,0.1807968,0.00194013,0.00194013,0.00194013
StretchableCube-Red:-0.04282931,1.106928,0.2761673,0.3306827,-0.4827503,-0.1928229,0.7876678,0.001682553,0.001682553,0.001682553
StretchableCube-Orange:-0.02517124,1.168662,0.2869085,-0.04138679,-0.853732,0.4964001,0.1517099,0.001424975,0.001424975,0.001424975
-8587870902521441483
StretchableCube-Yellow:0.008393801,0.9331943,0.3625829,-0.7170534,-0.6729059,0.0185614,0.1807968,0.00278982,0.00278982,0.00278982
StretchableCube-Red:-0.04282931,1.106928,0.2761673,0.3306827,-0.4827503,-0.1928229,0.7876678,0.002493764,0.002493764,0.002493764
StretchableCube-Orange:-0.02517124,1.168662,0.2869085,-0.04138679,-0.853732,0.4964001,0.1517099,0.002197708,0.002197708,0.002197708
-8587870902521280577
StretchableCube-Yellow:0.008393801,0.9331943,0.3625829,-0.7170534,-0.6729059,0.0185614,0.1807968,0.003711204,0.003711204,0.003711204
StretchableCube-Red:-0.04282931,1.106928,0.2761673,0.3306827,-0.4827503,-0.1928229,0.7876678,0.00339854,0.00339854,0.00339854
StretchableCube-Orange:-0.02517124,1.168662,0.2869085,-0.04138679,-0.853732,0.4964001,0.1517099,0.003085876,0.003085876,0.003085876
-8587870902521109293
StretchableCube-Yellow:0.008393801,0.9331943,0.3625829,-0.7170534,-0.6729059,0.0185614,0.1807968,0.004683578,0.004683578,0.004683578
StretchableCube-Red:-0.04282931,1.106928,0.2761673,0.3306827,-0.4827503,-0.1928229,0.7876678,0.004353723,0.004353723,0.004353723
StretchableCube-Orange:-0.02517124,1.168662,0.2869085,-0.04138679,-0.853732,0.4964001,0.1517099,0.004023867,0.004023867,0.004023867
-8587870902520956742
StretchableCube-Yellow:0.008393801,0.9331943,0.3625829,-0.7170534,-0.6729059,0.0185614,0.1807968,0.005704947,0.005704947,0.005704947
StretchableCube-Red:-0.04282931,1.106928,0.2761673,0.3306827,-0.4827503,-0.1928229,0.7876678,0.00535919,0.00535919,0.00535919
StretchableCube-Orange:-0.02517124,1.168662,0.2869085,-0.04138679,-0.853732,0.4964001,0.1517099,0.005013434,0.005013434,0.005013434
-8587870902520786457
StretchableCube-Yellow:0.008393801,0.9331943,0.3625829,-0.7170534,-0.6729059,0.0185614,0.1807968,0.006775349,0.006775349,0.006775349
StretchableCube-Red:-0.04282931,1.106928,0.2761673,0.3306827,-0.4827503,-0.1928229,0.7876678,0.006413026,0.006413026,0.006413026
StretchableCube-Orange:-0.02517124,1.168662,0.2869085,-0.04138679,-0.853732,0.4964001,0.1517099,0.006050703,0.006050703,0.006050703
-8587870902520612205
StretchableCube-Yellow:0.008393801,0.9331943,0.3625829,-0.7170534,-0.6729059,0.0185614,0.1807968,0.007895455,0.007895455,0.007895455
StretchableCube-Red:-0.04282931,1.106928,0.2761673,0.3306827,-0.4827503,-0.1928229,0.7876678,0.007516564,0.007516564,0.007516564
StretchableCube-Orange:-0.02517124,1.168662,0.2869085,-0.04138679,-0.853732,0.4964001,0.1517099,0.007137673,0.007137673,0.007137673
-8587870902520422026
StretchableCube-Yellow:0.008393801,0.9331943,0.3625829,-0.7170534,-0.6729059,0.0185614,0.1807968,0.009065478,0.009065478,0.009065478
StretchableCube-Red:-0.04282931,1.106928,0.2761673,0.3306827,-0.4827503,-0.1928229,0.7876678,0.008669912,0.008669912,0.008669912
StretchableCube-Orange:-0.02517124,1.168662,0.2869085,-0.04138679,-0.853732,0.4964001,0.1517099,0.008274346,0.008274346,0.008274346
-8587870902520281213
StretchableCube-Yellow:0.008393801,0.9331943,0.3625829,-0.7170534,-0.6729059,0.0185614,0.1807968,0.01028512,0.01028512,0.01028512
StretchableCube-Red:-0.04282931,1.106928,0.2761673,0.3306827,-0.4827503,-0.1928229,0.7876678,0.009873084,0.009873084,0.009873084
StretchableCube-Orange:-0.02517124,1.168662,0.2869085,-0.04138679,-0.853732,0.4964001,0.1517099,0.009461043,0.009461043,0.009461043
-8587870902520111048
StretchableCube-Yellow:0.008393801,0.9331943,0.3625829,-0.7170534,-0.6729059,0.0185614,0.1807968,0.01155448,0.01155448,0.01155448
StretchableCube-Red:-0.04282931,1.106928,0.2761673,0.3306827,-0.4827503,-0.1928229,0.7876678,0.01112582,0.01112582,0.01112582
StretchableCube-Orange:-0.02517124,1.168662,0.2869085,-0.04138679,-0.853732,0.4964001,0.1517099,0.01069716,0.01069716,0.01069716
-8587870902519940885
StretchableCube-Yellow:0.008393801,0.9331943,0.3625829,-0.7170534,-0.6729059,0.0185614,0.1807968,0.01287448,0.01287448,0.01287448
StretchableCube-Red:-0.04282931,1.106928,0.2761673,0.3306827,-0.4827503,-0.1928229,0.7876678,0.01242881,0.01242881,0.01242881
StretchableCube-Orange:-0.02517124,1.168662,0.2869085,-0.04138679,-0.853732,0.4964001,0.1517099,0.01198313,0.01198313,0.01198313
-8587870902519780731
StretchableCube-Yellow:0.008393801,0.9331943,0.3625829,-0.7170534,-0.6729059,0.0185614,0.1807968,0.0142436,0.0142436,0.0142436
StretchableCube-Red:-0.04282931,1.106928,0.2761673,0.3306827,-0.4827503,-0.1928229,0.7876678,0.01378188,0.01378188,0.01378188
StretchableCube-Orange:-0.02517124,1.168662,0.2869085,-0.04138679,-0.853732,0.4964001,0.1517099,0.01332016,0.01332016,0.01332016
-8587870902519630590
StretchableCube-Yellow:0.008393801,0.9331943,0.3625829,-0.7170534,-0.6729059,0.0185614,0.1807968,0.01566191,0.01566191,0.01566191
StretchableCube-Red:-0.04282931,1.106928,0.2761673,0.3306827,-0.4827503,-0.1928229,0.7876678,0.01518362,0.01518362,0.01518362
StretchableCube-Orange:-0.02517124,1.168662,0.2869085,-0.04138679,-0.853732,0.4964001,0.1517099,0.01470533,0.01470533,0.01470533
-8587870902519449486
StretchableCube-Yellow:0.008393801,0.9331943,0.3625829,-0.7170534,-0.6729059,0.0185614,0.1807968,0.01712991,0.01712991,0.01712991
StretchableCube-Red:-0.04282931,1.106928,0.2761673,0.3306827,-0.4827503,-0.1928229,0.7876678,0.01663505,0.01663505,0.01663505
StretchableCube-Orange:-0.02517124,1.168662,0.2869085,-0.04138679,-0.853732,0.4964001,0.1517099,0.0161402,0.0161402,0.0161402
-8587870902519278522
StretchableCube-Yellow:0.008393801,0.9331943,0.3625829,-0.7170534,-0.6729059,0.0185614,0.1807968,0.01864856,0.01864856,0.01864856
StretchableCube-Red:-0.04282931,1.106928,0.2761673,0.3306827,-0.4827503,-0.1928229,0.7876678,0.01813666,0.01813666,0.01813666
StretchableCube-Orange:-0.02517124,1.168662,0.2869085,-0.04138679,-0.853732,0.4964001,0.1517099,0.01762477,0.01762477,0.01762477
-8587870902519108359
StretchableCube-Yellow:0.008393801,0.9331943,0.3625829,-0.7170534,-0.6729059,0.0185614,0.1807968,0.02021832,0.02021832,0.02021832
StretchableCube-Red:-0.04282931,1.106928,0.2761673,0.3306827,-0.4827503,-0.1928229,0.7876678,0.01968939,0.01968939,0.01968939
StretchableCube-Orange:-0.02517124,1.168662,0.2869085,-0.04138679,-0.853732,0.4964001,0.1517099,0.01916045,0.01916045,0.01916045
-8587870902518958215
StretchableCube-Yellow:0.008393801,0.9331943,0.3625829,-0.7170534,-0.6729059,0.0185614,0.1807968,0.02183637,0.02183637,0.02183637
StretchableCube-Red:-0.04282931,1.106928,0.2761673,0.3306827,-0.4827503,-0.1928229,0.7876678,0.02129181,0.02129181,0.02129181
StretchableCube-Orange:-0.02517124,1.168662,0.2869085,-0.04138679,-0.853732,0.4964001,0.1517099,0.02074726,0.02074726,0.02074726
-8587870902518787118
StretchableCube-Yellow:0.008393801,0.9331943,0.3625829,-0.7170534,-0.6729059,0.0185614,0.1807968,0.02350318,0.02350318,0.02350318
StretchableCube-Red:-0.04282931,1.106928,0.2761673,0.3306827,-0.4827503,-0.1928229,0.7876678,0.02294205,0.02294205,0.02294205
StretchableCube-Orange:-0.02517124,1.168662,0.2869085,-0.04138679,-0.853732,0.4964001,0.1517099,0.02238093,0.02238093,0.02238093
-8587870902518626964
StretchableCube-Yellow:0.008393801,0.9331943,0.3625829,-0.7170534,-0.6729059,0.0185614,0.1807968,0.02522044,0.02522044,0.02522044
StretchableCube-Red:-0.04282931,1.106928,0.2761673,0.3306827,-0.4827503,-0.1928229,0.7876678,0.02464237,0.02464237,0.02464237
StretchableCube-Orange:-0.02517124,1.168662,0.2869085,-0.04138679,-0.853732,0.4964001,0.1517099,0.0240643,0.0240643,0.0240643
-8587870902518447467
StretchableCube-Yellow:0.008393801,0.9331943,0.3625829,-0.7170534,-0.6729059,0.0185614,0.1807968,0.02698854,0.02698854,0.02698854
StretchableCube-Red:-0.04282931,1.106928,0.2761673,0.3306827,-0.4827503,-0.1928229,0.7876678,0.02639353,0.02639353,0.02639353
StretchableCube-Orange:-0.02517124,1.168662,0.2869085,-0.04138679,-0.853732,0.4964001,0.1517099,0.02579852,0.02579852,0.02579852
-8587870902518286999
StretchableCube-Yellow:0.008393801,0.9331943,0.3625829,-0.7170534,-0.6729059,0.0185614,0.1807968,0.02880559,0.02880559,0.02880559
StretchableCube-Red:-0.04282931,1.106928,0.2761673,0.3306827,-0.4827503,-0.1928229,0.7876678,0.02819457,0.02819457,0.02819457
StretchableCube-Orange:-0.02517124,1.168662,0.2869085,-0.04138679,-0.853732,0.4964001,0.1517099,0.02758355,0.02758355,0.02758355
-8587870902518136026
StretchableCube-Yellow:0.008393801,0.9331943,0.3625829,-0.7170534,-0.6729059,0.0185614,0.1807968,0.0306714,0.0306714,0.0306714
StretchableCube-Red:-0.04282931,1.106928,0.2761673,0.3306827,-0.4827503,-0.1928229,0.7876678,0.03004401,0.03004401,0.03004401
StretchableCube-Orange:-0.02517124,1.168662,0.2869085,-0.04138679,-0.853732,0.4964001,0.1517099,0.02941662,0.02941662,0.02941662
-8587870902517955825
StretchableCube-Yellow:0.008393801,0.9331943,0.3625829,-0.7170534,-0.6729059,0.0185614,0.1807968,0.0325871,0.0325871,0.0325871
StretchableCube-Red:-0.04282931,1.106928,0.2761673,0.3306827,-0.4827503,-0.1928229,0.7876678,0.03194294,0.03194294,0.03194294
StretchableCube-Orange:-0.02517124,1.168662,0.2869085,-0.04138679,-0.853732,0.4964001,0.1517099,0.03129879,0.03129879,0.03129879
-8587870902517804714
StretchableCube-Yellow:0.008393801,0.9331943,0.3625829,-0.7170534,-0.6729059,0.0185614,0.1807968,0.03455231,0.03455231,0.03455231
StretchableCube-Red:-0.04282931,1.106928,0.2761673,0.3306827,-0.4827503,-0.1928229,0.7876678,0.03389179,0.03389179,0.03389179
StretchableCube-Orange:-0.02517124,1.168662,0.2869085,-0.04138679,-0.853732,0.4964001,0.1517099,0.03323126,0.03323126,0.03323126
-8587870902517648303
StretchableCube-Yellow:0.008393801,0.9331943,0.3625829,-0.7170534,-0.6729059,0.0185614,0.1807968,0.03656701,0.03656701,0.03656701
StretchableCube-Red:-0.04282931,1.106928,0.2761673,0.3306827,-0.4827503,-0.1928229,0.7876678,0.03588992,0.03588992,0.03588992
StretchableCube-Orange:-0.02517124,1.168662,0.2869085,-0.04138679,-0.853732,0.4964001,0.1517099,0.03521283,0.03521283,0.03521283
-8587870902517468108
StretchableCube-Yellow:0.008393801,0.9331943,0.3625829,-0.7170534,-0.6729059,0.0185614,0.1807968,0.03863142,0.03863142,0.03863142
StretchableCube-Red:-0.04282931,1.106928,0.2761673,0.3306827,-0.4827503,-0.1928229,0.7876678,0.03793776,0.03793776,0.03793776
StretchableCube-Orange:-0.02517124,1.168662,0.2869085,-0.04138679,-0.853732,0.4964001,0.1517099,0.0372441,0.0372441,0.0372441
-8587870902517307957
StretchableCube-Yellow:0.008393801,0.9331943,0.3625829,-0.7170534,-0.6729059,0.0185614,0.1807968,0.04074552,0.04074552,0.04074552
StretchableCube-Red:-0.04282931,1.106928,0.2761673,0.3306827,-0.4827503,-0.1928229,0.7876678,0.0400353,0.0400353,0.0400353
StretchableCube-Orange:-0.02517124,1.168662,0.2869085,-0.04138679,-0.853732,0.4964001,0.1517099,0.03932507,0.03932507,0.03932507
-8587870902517137794
StretchableCube-Yellow:0.008393801,0.9331943,0.3625829,-0.7170534,-0.6729059,0.0185614,0.1807968,0.04290972,0.04290972,0.04290972
StretchableCube-Red:-0.04282931,1.106928,0.2761673,0.3306827,-0.4827503,-0.1928229,0.7876678,0.04218273,0.04218273,0.04218273
StretchableCube-Orange:-0.02517124,1.168662,0.2869085,-0.04138679,-0.853732,0.4964001,0.1517099,0.04145574,0.04145574,0.04145574
-8587870902516980096
StretchableCube-Yellow:0.008393801,0.9331943,0.3625829,-0.7170534,-0.6729059,0.0185614,0.1807968,0.04512341,0.04512341,0.04512341
StretchableCube-Red:-0.04282931,1.106928,0.2761673,0.3306827,-0.4827503,-0.1928229,0.7876678,0.04438006,0.04438006,0.04438006
StretchableCube-Orange:-0.02517124,1.168662,0.2869085,-0.04138679,-0.853732,0.4964001,0.1517099,0.0436367,0.0436367,0.0436367
-8587870902516809933
StretchableCube-Yellow:0.008393801,0.9331943,0.3625829,-0.7170534,-0.6729059,0.0185614,0.1807968,0.04738748,0.04738748,0.04738748
StretchableCube-Red:-0.04282931,1.106928,0.2761673,0.3306827,-0.4827503,-0.1928229,0.7876678,0.04662713,0.04662713,0.04662713
StretchableCube-Orange:-0.02517124,1.168662,0.2869085,-0.04138679,-0.853732,0.4964001,0.1517099,0.04586677,0.04586677,0.04586677
-8587870902516649613
StretchableCube-Yellow:0.008393801,0.9331943,0.3625829,-0.7170534,-0.6729059,0.0185614,0.1807968,0.04970167,0.04970167,0.04970167
StretchableCube-Red:-0.04282931,1.106928,0.2761673,0.3306827,-0.4827503,-0.1928229,0.7876678,0.04892476,0.04892476,0.04892476
StretchableCube-Orange:-0.02517124,1.168662,0.2869085,-0.04138679,-0.853732,0.4964001,0.1517099,0.04814783,0.04814783,0.04814783
-8587870902516479317
StretchableCube-Yellow:0.008393801,0.9331943,0.3625829,-0.7170534,-0.6729059,0.0185614,0.1807968,0.05206557,0.05206557,0.05206557
StretchableCube-Red:-0.04282931,1.106928,0.2761673,0.3306827,-0.4827503,-0.1928229,0.7876678,0.05127208,0.05127208,0.05127208
StretchableCube-Orange:-0.02517124,1.168662,0.2869085,-0.04138679,-0.853732,0.4964001,0.1517099,0.05047859,0.05047859,0.05047859
-8587870902516306085
-8587870902516135305
-8587870902515975261
-8587870902515824941
-8587870902515643163
-8587870902515483059
-8587870902515312366
-8587870902515141926
-8587870902514981706
-8587870902514830854
-8587870902514633145
-8587870902514483004
-8587870902514319353
-8587870902514163872
-8587870902514002884
-8587870902513852275
-8587870902513679234
-8587870902513509826
-8587870902513338919
-8587870902513177721
-8587870902513016592
-8587870902512855210
-8587870902512679279
-8587870902512516251
-8587870902512351879
-8587870902512183272
-8587870902512022057
-8587870902511866012
-8587870902511685809
-8587870902511523607
-8587870902511353332
-8587870902511186837
-8587870902511016628
-8587870902510855558
-8587870902510686489
-8587870902510516431
-8587870902510366287
-8587870902510194552
-8587870902510033961
-8587870902509868749
-8587870902509698174
-8587870902509532606
-8587870902509364809
-8587870902509201678
-8587870902509043240
-8587870902508872916
-8587870902508710062
-8587870902508539899
-8587870902508369902
-8587870902508205046
-8587870902508045546
-8587870902507876458
-8587870902507710611
-8587870902507542903
-8587870902507381480
-8587870902507215600
-8587870902507055457
-8587870902506875126
-8587870902506715064
-8587870902506554635
-8587870902506378968
-8587870902506222268
-8587870902506061917
-8587870902505890833
-8587870902505719748
-8587870902505559544
-8587870902505389370
-8587870902505232525
-8587870902505071573
-8587870902504892342
-8587870902504722100
-8587870902504561680
-8587870902504402205
-8587870902504241350
-8587870902504060922
-8587870902503901406
-8587870902412446458
-8587870902412286294
-8587870902411935951
-8587870902411776870
