----------New Stimuli List Generated----------
-8587874340077521468
StretchableCube-Blue:-0.07890823,1.147265,0.2288627,-0.2495367,-0.9024331,0.3116705,0.1618873,0,0,0
StretchableCube-Red:-0.07550669,0.9346452,0.3806414,0.6414711,-0.4707017,0.3056419,0.5230085,0,0,0
StretchableCube-Yellow:0.09830709,1.048501,0.2616553,-0.8715518,-0.4225681,-0.2447596,0.04389194,0,0,0
-8587874340077491112
StretchableCube-Blue:-0.07890823,1.147265,0.2288627,-0.2495367,-0.9024331,0.3116705,0.1618873,4E-05,4E-05,4E-05
StretchableCube-Red:-0.07550669,0.9346452,0.3806414,0.6414711,-0.4707017,0.3056419,0.5230085,2E-05,2E-05,2E-05
StretchableCube-Yellow:0.09830709,1.048501,0.2616553,-0.8715518,-0.4225681,-0.2447596,0.04389194,0,0,0
-8587874340075798717
StretchableCube-Blue:-0.07890823,1.147265,0.2288627,-0.2495367,-0.9024331,0.3116705,0.1618873,0.00043641,0.00043641,0.00043641
StretchableCube-Red:-0.07550669,0.9346452,0.3806414,0.6414711,-0.4707017,0.3056419,0.5230085,0.000248205,0.000248205,0.000248205
StretchableCube-Yellow:0.09830709,1.048501,0.2616553,-0.8715518,-0.4225681,-0.2447596,0.04389194,6E-05,6E-05,6E-05
-8587874340075644330
StretchableCube-Blue:-0.07890823,1.147265,0.2288627,-0.2495367,-0.9024331,0.3116705,0.1618873,0.001034159,0.001034159,0.001034159
StretchableCube-Red:-0.07550669,0.9346452,0.3806414,0.6414711,-0.4707017,0.3056419,0.5230085,0.0008293869,0.0008293869,0.0008293869
StretchableCube-Yellow:0.09830709,1.048501,0.2616553,-0.8715518,-0.4225681,-0.2447596,0.04389194,0.0006246151,0.0006246151,0.0006246151
-8587874340075468445
StretchableCube-Blue:-0.07890823,1.147265,0.2288627,-0.2495367,-0.9024331,0.3116705,0.1618873,0.001682152,0.001682152,0.001682152
StretchableCube-Red:-0.07550669,0.9346452,0.3806414,0.6414711,-0.4707017,0.3056419,0.5230085,0.001460541,0.001460541,0.001460541
StretchableCube-Yellow:0.09830709,1.048501,0.2616553,-0.8715518,-0.4225681,-0.2447596,0.04389194,0.001238931,0.001238931,0.001238931
-8587874340075308911
StretchableCube-Blue:-0.07890823,1.147265,0.2288627,-0.2495367,-0.9024331,0.3116705,0.1618873,0.002379573,0.002379573,0.002379573
StretchableCube-Red:-0.07550669,0.9346452,0.3806414,0.6414711,-0.4707017,0.3056419,0.5230085,0.002141668,0.002141668,0.002141668
StretchableCube-Yellow:0.09830709,1.048501,0.2616553,-0.8715518,-0.4225681,-0.2447596,0.04389194,0.001903762,0.001903762,0.001903762
-8587874340075138369
StretchableCube-Blue:-0.07890823,1.147265,0.2288627,-0.2495367,-0.9024331,0.3116705,0.1618873,0.003126781,0.003126781,0.003126781
StretchableCube-Red:-0.07550669,0.9346452,0.3806414,0.6414711,-0.4707017,0.3056419,0.5230085,0.00287213,0.00287213,0.00287213
StretchableCube-Yellow:0.09830709,1.048501,0.2616553,-0.8715518,-0.4225681,-0.2447596,0.04389194,0.002617479,0.002617479,0.002617479
-8587874340074971111
StretchableCube-Blue:-0.07890823,1.147265,0.2288627,-0.2495367,-0.9024331,0.3116705,0.1618873,0.003924124,0.003924124,0.003924124
StretchableCube-Red:-0.07550669,0.9346452,0.3806414,0.6414711,-0.4707017,0.3056419,0.5230085,0.003652778,0.003652778,0.003652778
StretchableCube-Yellow:0.09830709,1.048501,0.2616553,-0.8715518,-0.4225681,-0.2447596,0.04389194,0.003381432,0.003381432,0.003381432
-8587874340074810791
StretchableCube-Blue:-0.07890823,1.147265,0.2288627,-0.2495367,-0.9024331,0.3116705,0.1618873,0.00477068,0.00477068,0.00477068
StretchableCube-Red:-0.07550669,0.9346452,0.3806414,0.6414711,-0.4707017,0.3056419,0.5230085,0.004483075,0.004483075,0.004483075
StretchableCube-Yellow:0.09830709,1.048501,0.2616553,-0.8715518,-0.4225681,-0.2447596,0.04389194,0.00419547,0.00419547,0.00419547
-8587874340074640092
StretchableCube-Blue:-0.07890823,1.147265,0.2288627,-0.2495367,-0.9024331,0.3116705,0.1618873,0.005667218,0.005667218,0.005667218
StretchableCube-Red:-0.07550669,0.9346452,0.3806414,0.6414711,-0.4707017,0.3056419,0.5230085,0.005362752,0.005362752,0.005362752
StretchableCube-Yellow:0.09830709,1.048501,0.2616553,-0.8715518,-0.4225681,-0.2447596,0.04389194,0.005058286,0.005058286,0.005058286
-8587874340074485880
StretchableCube-Blue:-0.07890823,1.147265,0.2288627,-0.2495367,-0.9024331,0.3116705,0.1618873,0.006613161,0.006613161,0.006613161
StretchableCube-Red:-0.07550669,0.9346452,0.3806414,0.6414711,-0.4707017,0.3056419,0.5230085,0.006292423,0.006292423,0.006292423
StretchableCube-Yellow:0.09830709,1.048501,0.2616553,-0.8715518,-0.4225681,-0.2447596,0.04389194,0.005971684,0.005971684,0.005971684
-8587874340074315686
StretchableCube-Blue:-0.07890823,1.147265,0.2288627,-0.2495367,-0.9024331,0.3116705,0.1618873,0.007608511,0.007608511,0.007608511
StretchableCube-Red:-0.07550669,0.9346452,0.3806414,0.6414711,-0.4707017,0.3056419,0.5230085,0.007271206,0.007271206,0.007271206
StretchableCube-Yellow:0.09830709,1.048501,0.2616553,-0.8715518,-0.4225681,-0.2447596,0.04389194,0.0069339,0.0069339,0.0069339
-8587874340074147322
StretchableCube-Blue:-0.07890823,1.147265,0.2288627,-0.2495367,-0.9024331,0.3116705,0.1618873,0.008653562,0.008653562,0.008653562
StretchableCube-Red:-0.07550669,0.9346452,0.3806414,0.6414711,-0.4707017,0.3056419,0.5230085,0.00829969,0.00829969,0.00829969
StretchableCube-Yellow:0.09830709,1.048501,0.2616553,-0.8715518,-0.4225681,-0.2447596,0.04389194,0.007945818,0.007945818,0.007945818
-8587874340073981478
StretchableCube-Blue:-0.07890823,1.147265,0.2288627,-0.2495367,-0.9024331,0.3116705,0.1618873,0.009748312,0.009748312,0.009748312
StretchableCube-Red:-0.07550669,0.9346452,0.3806414,0.6414711,-0.4707017,0.3056419,0.5230085,0.009377873,0.009377873,0.009377873
StretchableCube-Yellow:0.09830709,1.048501,0.2616553,-0.8715518,-0.4225681,-0.2447596,0.04389194,0.009007433,0.009007433,0.009007433
-8587874340073816742
StretchableCube-Blue:-0.07890823,1.147265,0.2288627,-0.2495367,-0.9024331,0.3116705,0.1618873,0.01089276,0.01089276,0.01089276
StretchableCube-Red:-0.07550669,0.9346452,0.3806414,0.6414711,-0.4707017,0.3056419,0.5230085,0.01050576,0.01050576,0.01050576
StretchableCube-Yellow:0.09830709,1.048501,0.2616553,-0.8715518,-0.4225681,-0.2447596,0.04389194,0.01011875,0.01011875,0.01011875
-8587874340073652522
StretchableCube-Blue:-0.07890823,1.147265,0.2288627,-0.2495367,-0.9024331,0.3116705,0.1618873,0.01208691,0.01208691,0.01208691
StretchableCube-Red:-0.07550669,0.9346452,0.3806414,0.6414711,-0.4707017,0.3056419,0.5230085,0.01168334,0.01168334,0.01168334
StretchableCube-Yellow:0.09830709,1.048501,0.2616553,-0.8715518,-0.4225681,-0.2447596,0.04389194,0.01127977,0.01127977,0.01127977
-8587874340073481737
StretchableCube-Blue:-0.07890823,1.147265,0.2288627,-0.2495367,-0.9024331,0.3116705,0.1618873,0.013331,0.013331,0.013331
StretchableCube-Red:-0.07550669,0.9346452,0.3806414,0.6414711,-0.4707017,0.3056419,0.5230085,0.01291074,0.01291074,0.01291074
StretchableCube-Yellow:0.09830709,1.048501,0.2616553,-0.8715518,-0.4225681,-0.2447596,0.04389194,0.01249048,0.01249048,0.01249048
-8587874340073315572
StretchableCube-Blue:-0.07890823,1.147265,0.2288627,-0.2495367,-0.9024331,0.3116705,0.1618873,0.01462505,0.01462505,0.01462505
StretchableCube-Red:-0.07550669,0.9346452,0.3806414,0.6414711,-0.4707017,0.3056419,0.5230085,0.01418815,0.01418815,0.01418815
StretchableCube-Yellow:0.09830709,1.048501,0.2616553,-0.8715518,-0.4225681,-0.2447596,0.04389194,0.01375125,0.01375125,0.01375125
-8587874340073151146
StretchableCube-Blue:-0.07890823,1.147265,0.2288627,-0.2495367,-0.9024331,0.3116705,0.1618873,0.01596856,0.01596856,0.01596856
StretchableCube-Red:-0.07550669,0.9346452,0.3806414,0.6414711,-0.4707017,0.3056419,0.5230085,0.01551526,0.01551526,0.01551526
StretchableCube-Yellow:0.09830709,1.048501,0.2616553,-0.8715518,-0.4225681,-0.2447596,0.04389194,0.01506195,0.01506195,0.01506195
-8587874340072981016
StretchableCube-Blue:-0.07890823,1.147265,0.2288627,-0.2495367,-0.9024331,0.3116705,0.1618873,0.01736258,0.01736258,0.01736258
StretchableCube-Red:-0.07550669,0.9346452,0.3806414,0.6414711,-0.4707017,0.3056419,0.5230085,0.01689222,0.01689222,0.01689222
StretchableCube-Yellow:0.09830709,1.048501,0.2616553,-0.8715518,-0.4225681,-0.2447596,0.04389194,0.01642186,0.01642186,0.01642186
-8587874340072810957
StretchableCube-Blue:-0.07890823,1.147265,0.2288627,-0.2495367,-0.9024331,0.3116705,0.1618873,0.01880575,0.01880575,0.01880575
StretchableCube-Red:-0.07550669,0.9346452,0.3806414,0.6414711,-0.4707017,0.3056419,0.5230085,0.01831934,0.01831934,0.01831934
StretchableCube-Yellow:0.09830709,1.048501,0.2616553,-0.8715518,-0.4225681,-0.2447596,0.04389194,0.01783293,0.01783293,0.01783293
-8587874340072660828
StretchableCube-Blue:-0.07890823,1.147265,0.2288627,-0.2495367,-0.9024331,0.3116705,0.1618873,0.0202981,0.0202981,0.0202981
StretchableCube-Red:-0.07550669,0.9346452,0.3806414,0.6414711,-0.4707017,0.3056419,0.5230085,0.01979513,0.01979513,0.01979513
StretchableCube-Yellow:0.09830709,1.048501,0.2616553,-0.8715518,-0.4225681,-0.2447596,0.04389194,0.01929215,0.01929215,0.01929215
-8587874340072490665
StretchableCube-Blue:-0.07890823,1.147265,0.2288627,-0.2495367,-0.9024331,0.3116705,0.1618873,0.02184015,0.02184015,0.02184015
StretchableCube-Red:-0.07550669,0.9346452,0.3806414,0.6414711,-0.4707017,0.3056419,0.5230085,0.02132061,0.02132061,0.02132061
StretchableCube-Yellow:0.09830709,1.048501,0.2616553,-0.8715518,-0.4225681,-0.2447596,0.04389194,0.02080107,0.02080107,0.02080107
-8587874340072320502
StretchableCube-Blue:-0.07890823,1.147265,0.2288627,-0.2495367,-0.9024331,0.3116705,0.1618873,0.02343253,0.02343253,0.02343253
StretchableCube-Red:-0.07550669,0.9346452,0.3806414,0.6414711,-0.4707017,0.3056419,0.5230085,0.02289611,0.02289611,0.02289611
StretchableCube-Yellow:0.09830709,1.048501,0.2616553,-0.8715518,-0.4225681,-0.2447596,0.04389194,0.02235969,0.02235969,0.02235969
-8587874340072160348
StretchableCube-Blue:-0.07890823,1.147265,0.2288627,-0.2495367,-0.9024331,0.3116705,0.1618873,0.0250743,0.0250743,0.0250743
StretchableCube-Red:-0.07550669,0.9346452,0.3806414,0.6414711,-0.4707017,0.3056419,0.5230085,0.02452162,0.02452162,0.02452162
StretchableCube-Yellow:0.09830709,1.048501,0.2616553,-0.8715518,-0.4225681,-0.2447596,0.04389194,0.02396895,0.02396895,0.02396895
-8587874340071990184
StretchableCube-Blue:-0.07890823,1.147265,0.2288627,-0.2495367,-0.9024331,0.3116705,0.1618873,0.02676586,0.02676586,0.02676586
StretchableCube-Red:-0.07550669,0.9346452,0.3806414,0.6414711,-0.4707017,0.3056419,0.5230085,0.02619641,0.02619641,0.02619641
StretchableCube-Yellow:0.09830709,1.048501,0.2616553,-0.8715518,-0.4225681,-0.2447596,0.04389194,0.02562697,0.02562697,0.02562697
-8587874340071830030
StretchableCube-Blue:-0.07890823,1.147265,0.2288627,-0.2495367,-0.9024331,0.3116705,0.1618873,0.02850691,0.02850691,0.02850691
StretchableCube-Red:-0.07550669,0.9346452,0.3806414,0.6414711,-0.4707017,0.3056419,0.5230085,0.0279211,0.0279211,0.0279211
StretchableCube-Yellow:0.09830709,1.048501,0.2616553,-0.8715518,-0.4225681,-0.2447596,0.04389194,0.0273353,0.0273353,0.0273353
-8587874340071659839
StretchableCube-Blue:-0.07890823,1.147265,0.2288627,-0.2495367,-0.9024331,0.3116705,0.1618873,0.03029766,0.03029766,0.03029766
StretchableCube-Red:-0.07550669,0.9346452,0.3806414,0.6414711,-0.4707017,0.3056419,0.5230085,0.02969518,0.02969518,0.02969518
StretchableCube-Yellow:0.09830709,1.048501,0.2616553,-0.8715518,-0.4225681,-0.2447596,0.04389194,0.02909271,0.02909271,0.02909271
-8587874340071499562
StretchableCube-Blue:-0.07890823,1.147265,0.2288627,-0.2495367,-0.9024331,0.3116705,0.1618873,0.0321381,0.0321381,0.0321381
StretchableCube-Red:-0.07550669,0.9346452,0.3806414,0.6414711,-0.4707017,0.3056419,0.5230085,0.03151911,0.03151911,0.03151911
StretchableCube-Yellow:0.09830709,1.048501,0.2616553,-0.8715518,-0.4225681,-0.2447596,0.04389194,0.03090013,0.03090013,0.03090013
-8587874340071334969
StretchableCube-Blue:-0.07890823,1.147265,0.2288627,-0.2495367,-0.9024331,0.3116705,0.1618873,0.0340281,0.0340281,0.0340281
StretchableCube-Red:-0.07550669,0.9346452,0.3806414,0.6414711,-0.4707017,0.3056419,0.5230085,0.03339259,0.03339259,0.03339259
StretchableCube-Yellow:0.09830709,1.048501,0.2616553,-0.8715518,-0.4225681,-0.2447596,0.04389194,0.03275708,0.03275708,0.03275708
-8587874340071167264
StretchableCube-Blue:-0.07890823,1.147265,0.2288627,-0.2495367,-0.9024331,0.3116705,0.1618873,0.03596806,0.03596806,0.03596806
StretchableCube-Red:-0.07550669,0.9346452,0.3806414,0.6414711,-0.4707017,0.3056419,0.5230085,0.03531583,0.03531583,0.03531583
StretchableCube-Yellow:0.09830709,1.048501,0.2616553,-0.8715518,-0.4225681,-0.2447596,0.04389194,0.0346636,0.0346636,0.0346636
-8587874340070991798
StretchableCube-Blue:-0.07890823,1.147265,0.2288627,-0.2495367,-0.9024331,0.3116705,0.1618873,0.03795882,0.03795882,0.03795882
StretchableCube-Red:-0.07550669,0.9346452,0.3806414,0.6414711,-0.4707017,0.3056419,0.5230085,0.03728954,0.03728954,0.03728954
StretchableCube-Yellow:0.09830709,1.048501,0.2616553,-0.8715518,-0.4225681,-0.2447596,0.04389194,0.03662028,0.03662028,0.03662028
-8587874340070835477
StretchableCube-Blue:-0.07890823,1.147265,0.2288627,-0.2495367,-0.9024331,0.3116705,0.1618873,0.0399985,0.0399985,0.0399985
StretchableCube-Red:-0.07550669,0.9346452,0.3806414,0.6414711,-0.4707017,0.3056419,0.5230085,0.03931329,0.03931329,0.03931329
StretchableCube-Yellow:0.09830709,1.048501,0.2616553,-0.8715518,-0.4225681,-0.2447596,0.04389194,0.03862808,0.03862808,0.03862808
-8587874340070664510
StretchableCube-Blue:-0.07890823,1.147265,0.2288627,-0.2495367,-0.9024331,0.3116705,0.1618873,0.04208765,0.04208765,0.04208765
StretchableCube-Red:-0.07550669,0.9346452,0.3806414,0.6414711,-0.4707017,0.3056419,0.5230085,0.04138567,0.04138567,0.04138567
StretchableCube-Yellow:0.09830709,1.048501,0.2616553,-0.8715518,-0.4225681,-0.2447596,0.04389194,0.0406837,0.0406837,0.0406837
-8587874340070500027
StretchableCube-Blue:-0.07890823,1.147265,0.2288627,-0.2495367,-0.9024331,0.3116705,0.1618873,0.04422649,0.04422649,0.04422649
StretchableCube-Red:-0.07550669,0.9346452,0.3806414,0.6414711,-0.4707017,0.3056419,0.5230085,0.04350805,0.04350805,0.04350805
StretchableCube-Yellow:0.09830709,1.048501,0.2616553,-0.8715518,-0.4225681,-0.2447596,0.04389194,0.04278961,0.04278961,0.04278961
-8587874340070339315
StretchableCube-Blue:-0.07890823,1.147265,0.2288627,-0.2495367,-0.9024331,0.3116705,0.1618873,0.04641474,0.04641474,0.04641474
StretchableCube-Red:-0.07550669,0.9346452,0.3806414,0.6414711,-0.4707017,0.3056419,0.5230085,0.04567983,0.04567983,0.04567983
StretchableCube-Yellow:0.09830709,1.048501,0.2616553,-0.8715518,-0.4225681,-0.2447596,0.04389194,0.04494492,0.04494492,0.04494492
-8587874340070175257
StretchableCube-Blue:-0.07890823,1.147265,0.2288627,-0.2495367,-0.9024331,0.3116705,0.1618873,0.04865259,0.04865259,0.04865259
StretchableCube-Red:-0.07550669,0.9346452,0.3806414,0.6414711,-0.4707017,0.3056419,0.5230085,0.04790111,0.04790111,0.04790111
StretchableCube-Yellow:0.09830709,1.048501,0.2616553,-0.8715518,-0.4225681,-0.2447596,0.04389194,0.04714964,0.04714964,0.04714964
-8587874340070005555
StretchableCube-Blue:-0.07890823,1.147265,0.2288627,-0.2495367,-0.9024331,0.3116705,0.1618873,0.05094014,0.05094014,0.05094014
StretchableCube-Red:-0.07550669,0.9346452,0.3806414,0.6414711,-0.4707017,0.3056419,0.5230085,0.05017209,0.05017209,0.05017209
StretchableCube-Yellow:0.09830709,1.048501,0.2616553,-0.8715518,-0.4225681,-0.2447596,0.04389194,0.04940405,0.04940405,0.04940405
-8587874340069834979
StretchableCube-Blue:-0.07890823,1.147265,0.2288627,-0.2495367,-0.9024331,0.3116705,0.1618873,0.05327812,0.05327812,0.05327812
StretchableCube-Red:-0.07550669,0.9346452,0.3806414,0.6414711,-0.4707017,0.3056419,0.5230085,0.05249314,0.05249314,0.05249314
StretchableCube-Yellow:0.09830709,1.048501,0.2616553,-0.8715518,-0.4225681,-0.2447596,0.04389194,0.05170817,0.05170817,0.05170817
-8587874340069636095
-8587874340069509096
-8587874340069345693
-8587874340069178842
-8587874340069015612
-8587874340068850484
-8587874340068681831
-8587874340068511265
-8587874340068341488
-8587874340068180564
-8587874340068020287
-8587874340067855730
-8587874340067680872
-8587874340067526217
-8587874340067370377
-8587874340067199776
-8587874340067026533
-8587874340066876396
-8587874340066695980
-8587874340066545185
-8587874340066373289
-8587874340066207457
-8587874340066032271
-8587874340065877995
-8587874340065710335
-8587874340065545225
-8587874340065385322
-8587874340065217875
-8587874340065049178
-8587874340064887911
-8587874340064714686
-8587874340064554611
-8587874340064384089
-8587874340064224204
-8587874340064052026
-8587874340063891619
-8587874340063726432
