----------New Stimuli List Generated----------
-8587871780558868274
StretchableCube-Orange:0.07941411,0.9999636,0.2462489,0.5204248,0.377158,0.2058278,0.7379328,0,0,0
StretchableCube-Blue:-0.07857909,1.10199,0.2247036,-0.341365,0.2570166,0.6029983,0.6736509,0,0,0
StretchableCube-Red:0.04661376,1.118358,0.3676835,-0.1087637,0.6521529,-0.5354667,0.5254927,0,0,0
-8587871780558808235
StretchableCube-Orange:0.07941411,0.9999636,0.2462489,0.5204248,0.377158,0.2058278,0.7379328,4E-05,4E-05,4E-05
StretchableCube-Blue:-0.07857909,1.10199,0.2247036,-0.341365,0.2570166,0.6029983,0.6736509,2E-05,2E-05,2E-05
StretchableCube-Red:0.04661376,1.118358,0.3676835,-0.1087637,0.6521529,-0.5354667,0.5254927,0,0,0
-8587871780556520674
StretchableCube-Orange:0.07941411,0.9999636,0.2462489,0.5204248,0.377158,0.2058278,0.7379328,0.0005459544,0.0005459544,0.0005459544
StretchableCube-Blue:-0.07857909,1.10199,0.2247036,-0.341365,0.2570166,0.6029983,0.6736509,0.0003029772,0.0003029772,0.0003029772
StretchableCube-Red:0.04661376,1.118358,0.3676835,-0.1087637,0.6521529,-0.5354667,0.5254927,6E-05,6E-05,6E-05
-8587871780556169637
StretchableCube-Orange:0.07941411,0.9999636,0.2462489,0.5204248,0.377158,0.2058278,0.7379328,0.001355574,0.001355574,0.001355574
StretchableCube-Blue:-0.07857909,1.10199,0.2247036,-0.341365,0.2570166,0.6029983,0.6736509,0.001072253,0.001072253,0.001072253
StretchableCube-Red:0.04661376,1.118358,0.3676835,-0.1087637,0.6521529,-0.5354667,0.5254927,0.0007889316,0.0007889316,0.0007889316
-8587871780556009325
StretchableCube-Orange:0.07941411,0.9999636,0.2462489,0.5204248,0.377158,0.2058278,0.7379328,0.002238673,0.002238673,0.002238673
StretchableCube-Blue:-0.07857909,1.10199,0.2247036,-0.341365,0.2570166,0.6029983,0.6736509,0.001938784,0.001938784,0.001938784
StretchableCube-Red:0.04661376,1.118358,0.3676835,-0.1087637,0.6521529,-0.5354667,0.5254927,0.001638895,0.001638895,0.001638895
-8587871780555829198
StretchableCube-Orange:0.07941411,0.9999636,0.2462489,0.5204248,0.377158,0.2058278,0.7379328,0.003171473,0.003171473,0.003171473
StretchableCube-Blue:-0.07857909,1.10199,0.2247036,-0.341365,0.2570166,0.6029983,0.6736509,0.002855017,0.002855017,0.002855017
StretchableCube-Red:0.04661376,1.118358,0.3676835,-0.1087637,0.6521529,-0.5354667,0.5254927,0.002538562,0.002538562,0.002538562
-8587871780555629109
StretchableCube-Orange:0.07941411,0.9999636,0.2462489,0.5204248,0.377158,0.2058278,0.7379328,0.004162277,0.004162277,0.004162277
StretchableCube-Blue:-0.07857909,1.10199,0.2247036,-0.341365,0.2570166,0.6029983,0.6736509,0.003825102,0.003825102,0.003825102
StretchableCube-Red:0.04661376,1.118358,0.3676835,-0.1087637,0.6521529,-0.5354667,0.5254927,0.003487928,0.003487928,0.003487928
-8587871780555368860
StretchableCube-Orange:0.07941411,0.9999636,0.2462489,0.5204248,0.377158,0.2058278,0.7379328,0.00522365,0.00522365,0.00522365
StretchableCube-Blue:-0.07857909,1.10199,0.2247036,-0.341365,0.2570166,0.6029983,0.6736509,0.00486155,0.00486155,0.00486155
StretchableCube-Red:0.04661376,1.118358,0.3676835,-0.1087637,0.6521529,-0.5354667,0.5254927,0.00449945,0.00449945,0.00449945
-8587871780555128476
StretchableCube-Orange:0.07941411,0.9999636,0.2462489,0.5204248,0.377158,0.2058278,0.7379328,0.00635939,0.00635939,0.00635939
StretchableCube-Blue:-0.07857909,1.10199,0.2247036,-0.341365,0.2570166,0.6029983,0.6736509,0.00597257,0.00597257,0.00597257
StretchableCube-Red:0.04661376,1.118358,0.3676835,-0.1087637,0.6521529,-0.5354667,0.5254927,0.00558575,0.00558575,0.00558575
-8587871780554888407
StretchableCube-Orange:0.07941411,0.9999636,0.2462489,0.5204248,0.377158,0.2058278,0.7379328,0.007566348,0.007566348,0.007566348
StretchableCube-Blue:-0.07857909,1.10199,0.2247036,-0.341365,0.2570166,0.6029983,0.6736509,0.007156278,0.007156278,0.007156278
StretchableCube-Red:0.04661376,1.118358,0.3676835,-0.1087637,0.6521529,-0.5354667,0.5254927,0.006746208,0.006746208,0.006746208
-8587871780554688223
StretchableCube-Orange:0.07941411,0.9999636,0.2462489,0.5204248,0.377158,0.2058278,0.7379328,0.008834593,0.008834593,0.008834593
StretchableCube-Blue:-0.07857909,1.10199,0.2247036,-0.341365,0.2570166,0.6029983,0.6736509,0.008405505,0.008405505,0.008405505
StretchableCube-Red:0.04661376,1.118358,0.3676835,-0.1087637,0.6521529,-0.5354667,0.5254927,0.007976416,0.007976416,0.007976416
-8587871780554538080
StretchableCube-Orange:0.07941411,0.9999636,0.2462489,0.5204248,0.377158,0.2058278,0.7379328,0.01015499,0.01015499,0.01015499
StretchableCube-Blue:-0.07857909,1.10199,0.2247036,-0.341365,0.2570166,0.6029983,0.6736509,0.009709335,0.009709335,0.009709335
StretchableCube-Red:0.04661376,1.118358,0.3676835,-0.1087637,0.6521529,-0.5354667,0.5254927,0.009263679,0.009263679,0.009263679
-8587871780554377901
StretchableCube-Orange:0.07941411,0.9999636,0.2462489,0.5204248,0.377158,0.2058278,0.7379328,0.01152509,0.01152509,0.01152509
StretchableCube-Blue:-0.07857909,1.10199,0.2247036,-0.341365,0.2570166,0.6029983,0.6736509,0.01106287,0.01106287,0.01106287
StretchableCube-Red:0.04661376,1.118358,0.3676835,-0.1087637,0.6521529,-0.5354667,0.5254927,0.01060064,0.01060064,0.01060064
-8587871780554224951
StretchableCube-Orange:0.07941411,0.9999636,0.2462489,0.5204248,0.377158,0.2058278,0.7379328,0.01294489,0.01294489,0.01294489
StretchableCube-Blue:-0.07857909,1.10199,0.2247036,-0.341365,0.2570166,0.6029983,0.6736509,0.0124661,0.0124661,0.0124661
StretchableCube-Red:0.04661376,1.118358,0.3676835,-0.1087637,0.6521529,-0.5354667,0.5254927,0.01198731,0.01198731,0.01198731
-8587871780554039999
StretchableCube-Orange:0.07941411,0.9999636,0.2462489,0.5204248,0.377158,0.2058278,0.7379328,0.01441448,0.01441448,0.01441448
StretchableCube-Blue:-0.07857909,1.10199,0.2247036,-0.341365,0.2570166,0.6029983,0.6736509,0.01391908,0.01391908,0.01391908
StretchableCube-Red:0.04661376,1.118358,0.3676835,-0.1087637,0.6521529,-0.5354667,0.5254927,0.01342367,0.01342367,0.01342367
-8587871780553878049
StretchableCube-Orange:0.07941411,0.9999636,0.2462489,0.5204248,0.377158,0.2058278,0.7379328,0.01593372,0.01593372,0.01593372
StretchableCube-Blue:-0.07857909,1.10199,0.2247036,-0.341365,0.2570166,0.6029983,0.6736509,0.0154218,0.0154218,0.0154218
StretchableCube-Red:0.04661376,1.118358,0.3676835,-0.1087637,0.6521529,-0.5354667,0.5254927,0.01490988,0.01490988,0.01490988
-8587871780553707888
StretchableCube-Orange:0.07941411,0.9999636,0.2462489,0.5204248,0.377158,0.2058278,0.7379328,0.01750278,0.01750278,0.01750278
StretchableCube-Blue:-0.07857909,1.10199,0.2247036,-0.341365,0.2570166,0.6029983,0.6736509,0.01697421,0.01697421,0.01697421
StretchableCube-Red:0.04661376,1.118358,0.3676835,-0.1087637,0.6521529,-0.5354667,0.5254927,0.01644564,0.01644564,0.01644564
-8587871780553540375
StretchableCube-Orange:0.07941411,0.9999636,0.2462489,0.5204248,0.377158,0.2058278,0.7379328,0.01912204,0.01912204,0.01912204
StretchableCube-Blue:-0.07857909,1.10199,0.2247036,-0.341365,0.2570166,0.6029983,0.6736509,0.01857669,0.01857669,0.01857669
StretchableCube-Red:0.04661376,1.118358,0.3676835,-0.1087637,0.6521529,-0.5354667,0.5254927,0.01803134,0.01803134,0.01803134
-8587871780553379930
StretchableCube-Orange:0.07941411,0.9999636,0.2462489,0.5204248,0.377158,0.2058278,0.7379328,0.02079063,0.02079063,0.02079063
StretchableCube-Blue:-0.07857909,1.10199,0.2247036,-0.341365,0.2570166,0.6029983,0.6736509,0.020229,0.020229,0.020229
StretchableCube-Red:0.04661376,1.118358,0.3676835,-0.1087637,0.6521529,-0.5354667,0.5254927,0.01966738,0.01966738,0.01966738
-8587871780553225636
StretchableCube-Orange:0.07941411,0.9999636,0.2462489,0.5204248,0.377158,0.2058278,0.7379328,0.02250881,0.02250881,0.02250881
StretchableCube-Blue:-0.07857909,1.10199,0.2247036,-0.341365,0.2570166,0.6029983,0.6736509,0.02193053,0.02193053,0.02193053
StretchableCube-Red:0.04661376,1.118358,0.3676835,-0.1087637,0.6521529,-0.5354667,0.5254927,0.02135225,0.02135225,0.02135225
-8587871780553051285
StretchableCube-Orange:0.07941411,0.9999636,0.2462489,0.5204248,0.377158,0.2058278,0.7379328,0.0242766,0.0242766,0.0242766
StretchableCube-Blue:-0.07857909,1.10199,0.2247036,-0.341365,0.2570166,0.6029983,0.6736509,0.02368185,0.02368185,0.02368185
StretchableCube-Red:0.04661376,1.118358,0.3676835,-0.1087637,0.6521529,-0.5354667,0.5254927,0.0230871,0.0230871,0.0230871
-8587871780552887248
StretchableCube-Orange:0.07941411,0.9999636,0.2462489,0.5204248,0.377158,0.2058278,0.7379328,0.026094,0.026094,0.026094
StretchableCube-Blue:-0.07857909,1.10199,0.2247036,-0.341365,0.2570166,0.6029983,0.6736509,0.02548268,0.02548268,0.02548268
StretchableCube-Red:0.04661376,1.118358,0.3676835,-0.1087637,0.6521529,-0.5354667,0.5254927,0.02487136,0.02487136,0.02487136
-8587871780552709792
StretchableCube-Orange:0.07941411,0.9999636,0.2462489,0.5204248,0.377158,0.2058278,0.7379328,0.02796207,0.02796207,0.02796207
StretchableCube-Blue:-0.07857909,1.10199,0.2247036,-0.341365,0.2570166,0.6029983,0.6736509,0.0273337,0.0273337,0.0273337
StretchableCube-Red:0.04661376,1.118358,0.3676835,-0.1087637,0.6521529,-0.5354667,0.5254927,0.02670533,0.02670533,0.02670533
-8587871780552548986
StretchableCube-Orange:0.07941411,0.9999636,0.2462489,0.5204248,0.377158,0.2058278,0.7379328,0.02987937,0.02987937,0.02987937
StretchableCube-Blue:-0.07857909,1.10199,0.2247036,-0.341365,0.2570166,0.6029983,0.6736509,0.0292349,0.0292349,0.0292349
StretchableCube-Red:0.04661376,1.118358,0.3676835,-0.1087637,0.6521529,-0.5354667,0.5254927,0.02859044,0.02859044,0.02859044
-8587871780552278351
StretchableCube-Orange:0.07941411,0.9999636,0.2462489,0.5204248,0.377158,0.2058278,0.7379328,0.03184697,0.03184697,0.03184697
StretchableCube-Blue:-0.07857909,1.10199,0.2247036,-0.341365,0.2570166,0.6029983,0.6736509,0.0311854,0.0311854,0.0311854
StretchableCube-Red:0.04661376,1.118358,0.3676835,-0.1087637,0.6521529,-0.5354667,0.5254927,0.03052383,0.03052383,0.03052383
-8587871780552208263
StretchableCube-Orange:0.07941411,0.9999636,0.2462489,0.5204248,0.377158,0.2058278,0.7379328,0.03386432,0.03386432,0.03386432
StretchableCube-Blue:-0.07857909,1.10199,0.2247036,-0.341365,0.2570166,0.6029983,0.6736509,0.03318643,0.03318643,0.03318643
StretchableCube-Red:0.04661376,1.118358,0.3676835,-0.1087637,0.6521529,-0.5354667,0.5254927,0.03250855,0.03250855,0.03250855
-8587871780552038120
StretchableCube-Orange:0.07941411,0.9999636,0.2462489,0.5204248,0.377158,0.2058278,0.7379328,0.03593132,0.03593132,0.03593132
StretchableCube-Blue:-0.07857909,1.10199,0.2247036,-0.341365,0.2570166,0.6029983,0.6736509,0.03523676,0.03523676,0.03523676
StretchableCube-Red:0.04661376,1.118358,0.3676835,-0.1087637,0.6521529,-0.5354667,0.5254927,0.03454221,0.03454221,0.03454221
-8587871780551877954
StretchableCube-Orange:0.07941411,0.9999636,0.2462489,0.5204248,0.377158,0.2058278,0.7379328,0.03804901,0.03804901,0.03804901
StretchableCube-Blue:-0.07857909,1.10199,0.2247036,-0.341365,0.2570166,0.6029983,0.6736509,0.03733744,0.03733744,0.03733744
StretchableCube-Red:0.04661376,1.118358,0.3676835,-0.1087637,0.6521529,-0.5354667,0.5254927,0.03662588,0.03662588,0.03662588
-8587871780551717719
StretchableCube-Orange:0.07941411,0.9999636,0.2462489,0.5204248,0.377158,0.2058278,0.7379328,0.04021581,0.04021581,0.04021581
StretchableCube-Blue:-0.07857909,1.10199,0.2247036,-0.341365,0.2570166,0.6029983,0.6736509,0.0394882,0.0394882,0.0394882
StretchableCube-Red:0.04661376,1.118358,0.3676835,-0.1087637,0.6521529,-0.5354667,0.5254927,0.03876058,0.03876058,0.03876058
-8587871780551557596
StretchableCube-Orange:0.07941411,0.9999636,0.2462489,0.5204248,0.377158,0.2058278,0.7379328,0.04243174,0.04243174,0.04243174
StretchableCube-Blue:-0.07857909,1.10199,0.2247036,-0.341365,0.2570166,0.6029983,0.6736509,0.04168759,0.04168759,0.04168759
StretchableCube-Red:0.04661376,1.118358,0.3676835,-0.1087637,0.6521529,-0.5354667,0.5254927,0.04094344,0.04094344,0.04094344
-8587871780551391663
StretchableCube-Orange:0.07941411,0.9999636,0.2462489,0.5204248,0.377158,0.2058278,0.7379328,0.04469734,0.04469734,0.04469734
StretchableCube-Blue:-0.07857909,1.10199,0.2247036,-0.341365,0.2570166,0.6029983,0.6736509,0.04393662,0.04393662,0.04393662
StretchableCube-Red:0.04661376,1.118358,0.3676835,-0.1087637,0.6521529,-0.5354667,0.5254927,0.0431759,0.0431759,0.0431759
-8587871780551221551
StretchableCube-Orange:0.07941411,0.9999636,0.2462489,0.5204248,0.377158,0.2058278,0.7379328,0.04701264,0.04701264,0.04701264
StretchableCube-Blue:-0.07857909,1.10199,0.2247036,-0.341365,0.2570166,0.6029983,0.6736509,0.04623536,0.04623536,0.04623536
StretchableCube-Red:0.04661376,1.118358,0.3676835,-0.1087637,0.6521529,-0.5354667,0.5254927,0.04545807,0.04545807,0.04545807
-8587871780551020909
StretchableCube-Orange:0.07941411,0.9999636,0.2462489,0.5204248,0.377158,0.2058278,0.7379328,0.04937843,0.04937843,0.04937843
StretchableCube-Blue:-0.07857909,1.10199,0.2247036,-0.341365,0.2570166,0.6029983,0.6736509,0.04858419,0.04858419,0.04858419
StretchableCube-Red:0.04661376,1.118358,0.3676835,-0.1087637,0.6521529,-0.5354667,0.5254927,0.04778994,0.04778994,0.04778994
-8587871780550890781
StretchableCube-Orange:0.07941411,0.9999636,0.2462489,0.5204248,0.377158,0.2058278,0.7379328,0.05179352,0.05179352,0.05179352
StretchableCube-Blue:-0.07857909,1.10199,0.2247036,-0.341365,0.2570166,0.6029983,0.6736509,0.0509831,0.0509831,0.0509831
StretchableCube-Red:0.04661376,1.118358,0.3676835,-0.1087637,0.6521529,-0.5354667,0.5254927,0.05017269,0.05017269,0.05017269
-8587871780550730559
-8587871780550560465
-8587871780550390269
-8587871780550240030
-8587871780550062316
-8587871780549902165
-8587871780549730891
-8587871780549570737
-8587871780549400293
-8587871780549240027
-8587871780549069416
-8587871780548889338
-8587871780548753438
-8587871780548592417
-8587871780548424858
-8587871780548250527
-8587871780548083984
-8587871780547920229
-8587871780547756937
-8587871780547592342
-8587871780547430401
-8587871780547260551
-8587871780547090326
-8587871780546930447
-8587871780546770557
-8587871780546600031
-8587871780546439780
-8587871780546269707
-8587871780546100222
-8587871780545931467
-8587871780545771173
-8587871780545599528
-8587871780545448071
-8587871780545267061
-8587871780545100646
-8587871780544937746
-8587871780544776067
-8587871780544610650
-8587871780544457033
-8587871780544276107
-8587871780544115957
-8587871780543945911
-8587871780543785761
-8587871780543615595
-8587871780543455439
-8587871780543285281
-8587871780543105109
-8587871780542954965
-8587871780542784802
-8587871780542635590
-8587871780542458748
-8587871780542291609
-8587871780542125421
-8587871780541956748
-8587871780541796690
-8587871780541624924
-8587871780541464771
-8587871780541293776
-8587871780541131175
-8587871780540970927
-8587871780540801847
-8587871780540641776
-8587871780540470932
-8587871780540304688
-8587871780540134361
-8587871780539974062
-8587871780539804084
-8587871780539653689
-8587871780539472475
-8587871780539310952
-8587871780539142642
-8587871780538980231
-8587871780538809901
-8587871780538660746
-8587871780538480425
-8587871780538319967
-8587871780538149850
-8587871780537989779
-8587871780537829338
-8587871780537659401
-8587871780537489294
-8587871780537319758
-8587871780537158294
-8587871780536988441
-8587871780536784829
-8587871780536660099
-8587871780536488494
-8587871780536329688
-8587871780536160935
-8587871780536000664
-8587871780535829951
-8587871780535670386
-8587871780535499673
-8587871780535339906
-8587871780535163714
-8587871780535002386
-8587871780534842092
-8587871780534671655
-8587871780534501082
-8587871780534340799
-8587871780534170520
-8587871780534011132
-8587871780533849960
-8587871780533679690
-8587871780533509240
-8587871780533348954
-8587871780533178540
-8587871780533008392
-8587871780532856794
-8587871780532676617
-8587871780532506446
-8587871780532356146
-8587871780532186152
-8587871780532025996
-8587871780531855690
-8587871780531685668
-8587871780531525512
-8587871780531355357
-8587871780531188745
-8587871780531034871
-8587871780530863238
-8587871780530696741
-8587871780530525163
-8587871780530365209
-8587871780530184486
-8587871780530044237
-8587871780529864179
-8587871780529704026
-8587871780529530814
-8587871780529370651
-8587871780529209537
-8587871780529044205
-8587871780528878773
-8587871780528707735
-8587871780528537556
-8587871780528376364
-8587871780528215913
-8587871780528055117
-8587871780527874607
-8587871780527714541
-8587871780527546305
-8587871780527385374
-8587871780527213585
-8587871780527045089
-8587871780526884894
-8587871780526724424
-8587871780526555474
-8587871780526387748
-8587871780526228601
-8587871780526053057
-8587871780525892809
-8587871780525725229
-8587871780525554065
-8587871780525388784
-8587871780525225134
-8587871780525058440
-8587871780524897406
-8587871780524727601
-8587871780524564092
-8587871780524397643
-8587871780524240198
-8587871780524070166
-8587871780523899683
-8587871780523739351
-8587871780523569912
-8587871780523354606
-8587871780523253120
-8587871780523072262
-8587871780522910641
-8587871780522741917
-8587871780522579703
-8587871780522420115
-8587871780522246760
-8587871780522080729
-8587871780521913633
-8587871780521746314
-8587871780521585879
-8587871780521425181
-8587871780521244675
-8587871780521084525
-8587871780520193669
StretchableCube-Orange:0.07941411,0.9999636,0.2462489,0.5204248,0.377158,0.2058278,0.7379328,0.04918895,0.04918895,0.04918895
StretchableCube-Blue:-0.07857909,1.10199,0.2247036,-0.341365,0.2570166,0.6029983,0.6736509,0.04846518,0.04846518,0.04846518
StretchableCube-Red:0.04661376,1.118358,0.3676835,-0.1087637,0.6521529,-0.5354667,0.5254927,0.04774142,0.04774142,0.04774142
-8587871780520053540
StretchableCube-Orange:0.07941411,0.9999636,0.2462489,0.5204248,0.377158,0.2058278,0.7379328,0.0464646,0.0464646,0.0464646
StretchableCube-Blue:-0.07857909,1.10199,0.2247036,-0.341365,0.2570166,0.6029983,0.6736509,0.04575739,0.04575739,0.04575739
StretchableCube-Red:0.04661376,1.118358,0.3676835,-0.1087637,0.6521529,-0.5354667,0.5254927,0.0450502,0.0450502,0.0450502
-8587871780519883377
StretchableCube-Orange:0.07941411,0.9999636,0.2462489,0.5204248,0.377158,0.2058278,0.7379328,0.04369054,0.04369054,0.04369054
StretchableCube-Blue:-0.07857909,1.10199,0.2247036,-0.341365,0.2570166,0.6029983,0.6736509,0.0429999,0.0429999,0.0429999
StretchableCube-Red:0.04661376,1.118358,0.3676835,-0.1087637,0.6521529,-0.5354667,0.5254927,0.04230927,0.04230927,0.04230927
-8587871780519723103
StretchableCube-Orange:0.07941411,0.9999636,0.2462489,0.5204248,0.377158,0.2058278,0.7379328,0.04086623,0.04086623,0.04086623
StretchableCube-Blue:-0.07857909,1.10199,0.2247036,-0.341365,0.2570166,0.6029983,0.6736509,0.04019243,0.04019243,0.04019243
StretchableCube-Red:0.04661376,1.118358,0.3676835,-0.1087637,0.6521529,-0.5354667,0.5254927,0.03951864,0.03951864,0.03951864
-8587871780519558544
StretchableCube-Orange:0.07941411,0.9999636,0.2462489,0.5204248,0.377158,0.2058278,0.7379328,0.03799219,0.03799219,0.03799219
StretchableCube-Blue:-0.07857909,1.10199,0.2247036,-0.341365,0.2570166,0.6029983,0.6736509,0.03733484,0.03733484,0.03733484
StretchableCube-Red:0.04661376,1.118358,0.3676835,-0.1087637,0.6521529,-0.5354667,0.5254927,0.03667749,0.03667749,0.03667749
-8587871780519388258
StretchableCube-Orange:0.07941411,0.9999636,0.2462489,0.5204248,0.377158,0.2058278,0.7379328,0.03506761,0.03506761,0.03506761
StretchableCube-Blue:-0.07857909,1.10199,0.2247036,-0.341365,0.2570166,0.6029983,0.6736509,0.03442731,0.03442731,0.03442731
StretchableCube-Red:0.04661376,1.118358,0.3676835,-0.1087637,0.6521529,-0.5354667,0.5254927,0.03378702,0.03378702,0.03378702
-8587871780519231300
StretchableCube-Orange:0.07941411,0.9999636,0.2462489,0.5204248,0.377158,0.2058278,0.7379328,0.03209263,0.03209263,0.03209263
StretchableCube-Blue:-0.07857909,1.10199,0.2247036,-0.341365,0.2570166,0.6029983,0.6736509,0.03146901,0.03146901,0.03146901
StretchableCube-Red:0.04661376,1.118358,0.3676835,-0.1087637,0.6521529,-0.5354667,0.5254927,0.03084539,0.03084539,0.03084539
-8587871780519060530
StretchableCube-Orange:0.07941411,0.9999636,0.2462489,0.5204248,0.377158,0.2058278,0.7379328,0.02906933,0.02906933,0.02906933
StretchableCube-Blue:-0.07857909,1.10199,0.2247036,-0.341365,0.2570166,0.6029983,0.6736509,0.02846153,0.02846153,0.02846153
StretchableCube-Red:0.04661376,1.118358,0.3676835,-0.1087637,0.6521529,-0.5354667,0.5254927,0.02785373,0.02785373,0.02785373
-8587871780518892922
StretchableCube-Orange:0.07941411,0.9999636,0.2462489,0.5204248,0.377158,0.2058278,0.7379328,0.02599613,0.02599613,0.02599613
StretchableCube-Blue:-0.07857909,1.10199,0.2247036,-0.341365,0.2570166,0.6029983,0.6736509,0.02540536,0.02540536,0.02540536
StretchableCube-Red:0.04661376,1.118358,0.3676835,-0.1087637,0.6521529,-0.5354667,0.5254927,0.0248146,0.0248146,0.0248146
-8587871780518725045
StretchableCube-Orange:0.07941411,0.9999636,0.2462489,0.5204248,0.377158,0.2058278,0.7379328,0.0228737,0.0228737,0.0228737
StretchableCube-Blue:-0.07857909,1.10199,0.2247036,-0.341365,0.2570166,0.6029983,0.6736509,0.02229904,0.02229904,0.02229904
StretchableCube-Red:0.04661376,1.118358,0.3676835,-0.1087637,0.6521529,-0.5354667,0.5254927,0.02172437,0.02172437,0.02172437
-8587871780518564892
StretchableCube-Orange:0.07941411,0.9999636,0.2462489,0.5204248,0.377158,0.2058278,0.7379328,0.01970177,0.01970177,0.01970177
StretchableCube-Blue:-0.07857909,1.10199,0.2247036,-0.341365,0.2570166,0.6029983,0.6736509,0.0191438,0.0191438,0.0191438
StretchableCube-Red:0.04661376,1.118358,0.3676835,-0.1087637,0.6521529,-0.5354667,0.5254927,0.01858585,0.01858585,0.01858585
-8587871780518393964
StretchableCube-Orange:0.07941411,0.9999636,0.2462489,0.5204248,0.377158,0.2058278,0.7379328,0.01648027,0.01648027,0.01648027
StretchableCube-Blue:-0.07857909,1.10199,0.2247036,-0.341365,0.2570166,0.6029983,0.6736509,0.01593874,0.01593874,0.01593874
StretchableCube-Red:0.04661376,1.118358,0.3676835,-0.1087637,0.6521529,-0.5354667,0.5254927,0.01539721,0.01539721,0.01539721
-8587871780518243346
StretchableCube-Orange:0.07941411,0.9999636,0.2462489,0.5204248,0.377158,0.2058278,0.7379328,0.01320893,0.01320893,0.01320893
StretchableCube-Blue:-0.07857909,1.10199,0.2247036,-0.341365,0.2570166,0.6029983,0.6736509,0.0126841,0.0126841,0.0126841
StretchableCube-Red:0.04661376,1.118358,0.3676835,-0.1087637,0.6521529,-0.5354667,0.5254927,0.01215928,0.01215928,0.01215928
-8587871780518064553
StretchableCube-Orange:0.07941411,0.9999636,0.2462489,0.5204248,0.377158,0.2058278,0.7379328,0.009887085,0.009887085,0.009887085
StretchableCube-Blue:-0.07857909,1.10199,0.2247036,-0.341365,0.2570166,0.6029983,0.6736509,0.00937916,0.00937916,0.00937916
StretchableCube-Red:0.04661376,1.118358,0.3676835,-0.1087637,0.6521529,-0.5354667,0.5254927,0.008871236,0.008871236,0.008871236
-8587871780517904267
StretchableCube-Orange:0.07941411,0.9999636,0.2462489,0.5204248,0.377158,0.2058278,0.7379328,0.006516152,0.006516152,0.006516152
StretchableCube-Blue:-0.07857909,1.10199,0.2247036,-0.341365,0.2570166,0.6029983,0.6736509,0.006024319,0.006024319,0.006024319
StretchableCube-Red:0.04661376,1.118358,0.3676835,-0.1087637,0.6521529,-0.5354667,0.5254927,0.005532488,0.005532488,0.005532488
-8587871780517733313
StretchableCube-Orange:0.07941411,0.9999636,0.2462489,0.5204248,0.377158,0.2058278,0.7379328,0.003095991,0.003095991,0.003095991
StretchableCube-Blue:-0.07857909,1.10199,0.2247036,-0.341365,0.2570166,0.6029983,0.6736509,0.002620725,0.002620725,0.002620725
StretchableCube-Red:0.04661376,1.118358,0.3676835,-0.1087637,0.6521529,-0.5354667,0.5254927,0.002145461,0.002145461,0.002145461
-8587871780517553980
StretchableCube-Orange:0.15,0.98,0.3,0.5204248,0.377158,0.2058278,0.7379328,-0.0003755372,-0.0003755372,-0.0003755372
StretchableCube-Blue:0,0.98,0.3,-0.341365,0.2570166,0.6029983,0.6736509,-0.0008334024,-0.0008334024,-0.0008334024
StretchableCube-Red:-0.15,0.98,0.3,-0.1087637,0.6521529,-0.5354667,0.5254927,-0.001291266,-0.001291266,-0.001291266
-8587871780517403539
StretchableCube-Orange:0.15,0.98,0.3,0.5204248,0.377158,0.2058278,0.7379328,0.00314541,0.00314541,0.00314541
StretchableCube-Blue:0,0.98,0.3,-0.341365,0.2570166,0.6029983,0.6736509,0.002671536,0.002671536,0.002671536
StretchableCube-Red:-0.15,0.98,0.3,-0.1087637,0.6521529,-0.5354667,0.5254927,0.002197664,0.002197664,0.002197664
-8587871780517244569
StretchableCube-Orange:0.15,0.98,0.3,0.5204248,0.377158,0.2058278,0.7379328,0.006716205,0.006716205,0.006716205
StretchableCube-Blue:0,0.98,0.3,-0.341365,0.2570166,0.6029983,0.6736509,0.006225412,0.006225412,0.006225412
StretchableCube-Red:-0.15,0.98,0.3,-0.1087637,0.6521529,-0.5354667,0.5254927,0.00573462,0.00573462,0.00573462
-8587871780517073866
StretchableCube-Orange:0.15,0.98,0.3,0.5204248,0.377158,0.2058278,0.7379328,0.0103358,0.0103358,0.0103358
StretchableCube-Blue:0,0.98,0.3,-0.341365,0.2570166,0.6029983,0.6736509,0.009829064,0.009829064,0.009829064
StretchableCube-Red:-0.15,0.98,0.3,-0.1087637,0.6521529,-0.5354667,0.5254927,0.009322334,0.009322334,0.009322334
-8587871780516900162
StretchableCube-Orange:0.15,0.98,0.3,0.5204248,0.377158,0.2058278,0.7379328,0.01400446,0.01400446,0.01400446
StretchableCube-Blue:0,0.98,0.3,-0.341365,0.2570166,0.6029983,0.6736509,0.01348116,0.01348116,0.01348116
StretchableCube-Red:-0.15,0.98,0.3,-0.1087637,0.6521529,-0.5354667,0.5254927,0.01295786,0.01295786,0.01295786
-8587871780516734833
StretchableCube-Orange:0.15,0.98,0.3,0.5204248,0.377158,0.2058278,0.7379328,0.01772282,0.01772282,0.01772282
StretchableCube-Blue:0,0.98,0.3,-0.341365,0.2570166,0.6029983,0.6736509,0.01718295,0.01718295,0.01718295
StretchableCube-Red:-0.15,0.98,0.3,-0.1087637,0.6521529,-0.5354667,0.5254927,0.01664309,0.01664309,0.01664309
-8587871780516569695
StretchableCube-Orange:0.15,0.98,0.3,0.5204248,0.377158,0.2058278,0.7379328,0.02149088,0.02149088,0.02149088
StretchableCube-Blue:0,0.98,0.3,-0.341365,0.2570166,0.6029983,0.6736509,0.02093445,0.02093445,0.02093445
StretchableCube-Red:-0.15,0.98,0.3,-0.1087637,0.6521529,-0.5354667,0.5254927,0.02037802,0.02037802,0.02037802
-8587871780516404652
StretchableCube-Orange:0.15,0.98,0.3,0.5204248,0.377158,0.2058278,0.7379328,0.02530864,0.02530864,0.02530864
StretchableCube-Blue:0,0.98,0.3,-0.341365,0.2570166,0.6029983,0.6736509,0.02473564,0.02473564,0.02473564
StretchableCube-Red:-0.15,0.98,0.3,-0.1087637,0.6521529,-0.5354667,0.5254927,0.02416265,0.02416265,0.02416265
-8587871780516254288
StretchableCube-Orange:0.15,0.98,0.3,0.5204248,0.377158,0.2058278,0.7379328,0.0291761,0.0291761,0.0291761
StretchableCube-Blue:0,0.98,0.3,-0.341365,0.2570166,0.6029983,0.6736509,0.02858654,0.02858654,0.02858654
StretchableCube-Red:-0.15,0.98,0.3,-0.1087637,0.6521529,-0.5354667,0.5254927,0.02799698,0.02799698,0.02799698
-8587871780516076855
StretchableCube-Orange:0.15,0.98,0.3,0.5204248,0.377158,0.2058278,0.7379328,0.03309326,0.03309326,0.03309326
StretchableCube-Blue:0,0.98,0.3,-0.341365,0.2570166,0.6029983,0.6736509,0.03248713,0.03248713,0.03248713
StretchableCube-Red:-0.15,0.98,0.3,-0.1087637,0.6521529,-0.5354667,0.5254927,0.031881,0.031881,0.031881
-8587871780515917679
StretchableCube-Orange:0.15,0.98,0.3,0.5204248,0.377158,0.2058278,0.7379328,0.03706012,0.03706012,0.03706012
StretchableCube-Blue:0,0.98,0.3,-0.341365,0.2570166,0.6029983,0.6736509,0.03643743,0.03643743,0.03643743
StretchableCube-Red:-0.15,0.98,0.3,-0.1087637,0.6521529,-0.5354667,0.5254927,0.03581473,0.03581473,0.03581473
-8587871780515746510
StretchableCube-Orange:0.15,0.98,0.3,0.5204248,0.377158,0.2058278,0.7379328,0.04107668,0.04107668,0.04107668
StretchableCube-Blue:0,0.98,0.3,-0.341365,0.2570166,0.6029983,0.6736509,0.04043742,0.04043742,0.04043742
StretchableCube-Red:-0.15,0.98,0.3,-0.1087637,0.6521529,-0.5354667,0.5254927,0.03979816,0.03979816,0.03979816
-8587871780515585397
StretchableCube-Orange:0.15,0.98,0.3,0.5204248,0.377158,0.2058278,0.7379328,0.04514294,0.04514294,0.04514294
StretchableCube-Blue:0,0.98,0.3,-0.341365,0.2570166,0.6029983,0.6736509,0.04448711,0.04448711,0.04448711
StretchableCube-Red:-0.15,0.98,0.3,-0.1087637,0.6521529,-0.5354667,0.5254927,0.04383129,0.04383129,0.04383129
-8587871780515425292
StretchableCube-Orange:0.15,0.98,0.3,0.5204248,0.377158,0.2058278,0.7379328,0.0492589,0.0492589,0.0492589
StretchableCube-Blue:0,0.98,0.3,-0.341365,0.2570166,0.6029983,0.6736509,0.0485865,0.0485865,0.0485865
StretchableCube-Red:-0.15,0.98,0.3,-0.1087637,0.6521529,-0.5354667,0.5254927,0.04791411,0.04791411,0.04791411
-8587871780515243929
StretchableCube-Orange:0.15,0.98,0.3,0.5204248,0.377158,0.2058278,0.7379328,0.05342456,0.05342456,0.05342456
StretchableCube-Blue:0,0.98,0.3,-0.341365,0.2570166,0.6029983,0.6736509,0.0527356,0.0527356,0.0527356
StretchableCube-Red:-0.15,0.98,0.3,-0.1087637,0.6521529,-0.5354667,0.5254927,0.05204664,0.05204664,0.05204664
-8587871780515078979
-8587871780514918800
-8587871780514748752
-8587871780514589827
-8587871780514429697
-8587871780514259222
-8587871780514088956
-8587871780513928803
-8587871780513758371
-8587871780513594212
-8587871780513433700
-8587871780513253123
-8587871780513092972
-8587871780512922822
-8587871780512762459
-8587871780512601801
-8587871780512443736
-8587871780512273530
-8587871780512102955
-8587871780511932457
-8587871780511771906
-8587871780511600049
-8587871780511446534
-8587871780511276422
-8587871780511105849
-8587871780510938031
-8587871780510780607
-8587871780510624596
-8587871780510442923
-8587871780510282383
-8587871780510115942
-8587871780509945936
-8587871780509785367
-8587871780509625073
-8587871780509454908
-8587871780509284891
-8587871780509114730
-8587871780508954572
-8587871780508794306
-8587871780508634173
-8587871780508454093
-8587871780508293607
-8587871780508123300
-8587871780507963236
-8587871780507794502
-8587871780507634067
-8587871780507452955
-8587871780507302340
-8587871780507122181
-8587871780506911931
-8587871780506801825
-8587871780506641672
-8587871780506471117
-8587871780506301167
-8587871780506136710
-8587871780505963636
-8587871780505805073
-8587871780505645298
-8587871780505465807
-8587871780505294563
-8587871780505144051
-8587871780504973891
-8587871780504823744
-8587871780504652642
-8587871780504482571
-8587871780504312360
-8587871780504152698
-8587871780503983533
-8587871780503822996
-8587871780503651340
-8587871780503490847
-8587871780503320353
-8587871780503160981
-8587871780502986187
-8587871780502838186
-8587871780502657970
-8587871780502497670
-8587871780502327710
-8587871780502157642
-8587871780501987264
-8587871780501836792
-8587871780501661187
-8587871780501497672
-8587871780501338417
-8587871780501168085
-8587871780501005561
-8587871780500845408
-8587871780500674828
-8587871780500500123
-8587871780500340024
-8587871780500159864
-8587871780500009715
-8587871780499849009
-8587871780499678879
-8587871780499508714
-8587871780499348522
-8587871780499178364
-8587871780499028215
-8587871780498852797
-8587871780498682634
-8587871780498512468
-8587871780498352318
-8587871780498182157
-8587871780498032011
-8587871780497851836
-8587871780497691685
-8587871780497521525
-8587871780497361369
-8587871780497191206
-8587871780497031052
-8587871780496860761
-8587871780496690616
-8587871780496525658
-8587871780496366815
-8587871780496196519
-8587871780496045897
-8587871780495865573
-8587871780495705558
-8587871780495539366
-8587871780495369203
-8587871780495203453
-8587871780495043154
-8587871780494873134
-8587871780494702984
-8587871780494542836
-8587871780494372630
-8587871780494211980
-8587871780494050498
-8587871780493840458
-8587871780493710205
-8587871780493550180
-8587871780493379878
-8587871780493229750
-8587871780493052716
-8587871780492882556
-8587871780492720288
-8587871780492550652
-8587871780492385494
-8587871780492234272
-8587871780492054100
-8587871780491893947
-8587871780491723610
-8587871780491563456
-8587871780491393347
-8587871780491238183
-8587871780491061897
-8587871780490896516
-8587871780490728552
-8587871780490565076
-8587871780490404927
-8587871780490244733
-8587871780490069801
-8587871780489899574
-8587871780489739323
-8587871780489569160
-8587871780489410418
-8587871780489240257
-8587871780489070094
-8587871780488910824
-8587871780488740661
-8587871780488580426
-8587871780488410360
-8587871780488259863
-8587871780488080448
-8587871780487920295
-8587871780487750130
-8587871780487589859
-8587871780487379614
-8587871780487249653
-8587871780487089497
-8587871780486919337
-8587871780486759183
-8587871780486589018
-8587871780486428749
-8587871780486258678
-8587871780486088539
-8587871780485923355
-8587871780485758023
-8587871780485592519
-8587871780485432345
-8587871780485262151
-8587871780485101998
-8587871780484928807
-8587871780484768651
-8587871780484598357
-8587871780484447241
-8587871780484267949
-8587871780484107742
-8587871780483937581
-8587871780483767295
-8587871780483607209
-8587871780483448389
-8587871780483278226
-8587871780483109591
-8587871780482939129
-8587871780482784096
-8587871780482619332
-8587871780482444284
-8587871780482284131
-8587871780482113968
-8587871780481953815
-8587871780481783903
-8587871780481625672
-8587871780481455511
-8587871780481285210
-8587871780481125456
-8587871780480905240
-8587871780480795132
-8587871780480634982
-8587871780480459550
-8587871780480299389
-8587871780480127352
-8587871780479963730
-8587871780479793434
-8587871780479643395
-8587871780479463225
-8587871780479302911
-8587871780479131219
-8587871780478971066
-8587871780478800903
-8587871780478650626
-8587871780478473974
-8587871780478303736
-8587871780478143609
-8587871780477972798
-8587871780477812645
-8587871780477652491
-8587871780477482328
-8587871780477312166
-8587871780477152012
-8587871780476981849
-8587871780476811686
-8587871780476661537
-8587871780476481186
-8587871780476318349
-8587871780476148189
-8587871780475980141
-8587871780475829999
-8587871780475659773
-8587871780475494653
-8587871780475324487
-8587871780475149286
-8587871780474998991
-8587871780474837668
-8587871780474657908
-8587871780474452609
-8587871780474322482
-8587871780474162313
-8587871780474002175
-8587871780473842009
-8587871780473671849
-8587871780473501563
-8587871780473341279
-8587871780473170740
-8587871780473008152
-8587871780472848124
-8587871780472678004
-8587871780472507839
-8587871780472347680
-8587871780472177474
-8587871780472017323
-8587871780471847163
-8587871780471677000
-8587871780471509965
-8587871780471349819
-8587871780471179659
-8587871780471029354
-8587871780470849343
-8587871780470689189
-8587871780470525391
-8587871780470355235
-8587871780470184486
-8587871780470034353
-8587871780469854121
-8587871780469689426
-8587871780469529273
-8587871780469359110
-8587871780469198834
-8587871780469038739
-8587871780468858063
-8587871780468697996
-8587871780468517895
-8587871780468367752
-8587871780468197591
-8587871780468047617
-8587871780467867447
-8587871780467707291
-8587871780467537128
-8587871780467376974
-8587871780467206811
-8587871780467040471
-8587871780466879949
-8587871780466712914
-8587871780466542628
-8587871780466382477
-8587871780466212314
-8587871780466052161
-8587871780465881996
-8587871780465716791
-8587871780465551515
-8587871780465381329
-8587871780465231237
-8587871780465051075
-8587871780464887045
-8587871780464726895
-8587871780464553905
-8587871780464393750
-8587871780464233555
-8587871780464063249
-8587871780463893089
-8587871780463732935
-8587871780463562772
-8587871780463392492
-8587871780463242266
-8587871780463062280
-8587871780462902137
-8587871780462731977
-8587871780462571823
-8587871780462401660
-8587871780462241507
-8587871780462071344
-8587871780461911191
-8587871780461741028
-8587871780461570865
-8587871780461405671
-8587871780461244158
-8587871780461073918
-8587871780460914108
-8587871780460743945
-8587871780460573782
-8587871780460418618
-8587871780460241799
-8587871780460081505
-8587871780459916347
-8587871780459755554
-8587871780459585406
-8587871780459427605
-8587871780459257297
-8587871780459086849
-8587871780458926845
-8587871780458756682
-8587871780458596510
-8587871780458436418
-8587871780458256031
-8587871780458095883
-8587871780457925597
-8587871780457765566
-8587871780457596481
-8587871780457436187
-8587871780457266027
-8587871780457105876
-8587871780456935713
-8587871780456765332
-8587871780456605182
-8587871780456445072
-8587871780456275024
-8587871780456104861
-8587871780455944559
-8587871780455775722
-8587871780455605718
-8587871780455455493
-8587871780455275407
-8587871780455115164
-8587871780454890471
-8587871780454780199
-8587871780454624866
-8587871780454449698
-8587871780454288910
-8587871780454118750
-8587871780453949511
-8587871780453789084
-8587871780453628802
-8587871780453458624
-8587871780453288499
-8587871780453128349
-8587871780452962364
-8587871780452792203
-8587871780452642049
-8587871780452461728
-8587871780452291724
-8587871780452131568
-8587871780451961408
-8587871780451801254
-8587871780451641101
-8587871780451470938
-8587871780451300775
-8587871780451140622
-8587871780450970459
-8587871780450810305
-8587871780450650037
-8587871780450469834
-8587871780450309772
-8587871780450146002
-8587871780449975603
-8587871780449825559
-8587871780449645389
-8587871780449480055
-8587871780449319778
-8587871780449149749
-8587871780448981946
-8587871780448831674
-8587871780448655516
-8587871780448485261
-8587871780448315192
-8587871780448155034
-8587871780447991038
-8587871780447832288
-8587871780447661979
-8587871780447491821
-8587871780447331668
-8587871780447161502
-8587871780447001351
-8587871780446841121
-8587871780446661573
-8587871780446491403
-8587871780446330950
-8587871780446163890
-8587871780446003736
-8587871780445843219
-8587871780445673054
-8587871780445500868
-8587871780445340715
-8587871780445170552
-8587871780445010396
-8587871780444850235
-8587871780444680011
-8587871780444508448
-8587871780444348153
-8587871780444177993
-8587871780444022463
-8587871780443847505
-8587871780443679953
-8587871780443512351
-8587871780443352241
-8587871780443182175
-8587871780443022022
-8587871780442849829
-8587871780442689537
-8587871780442519377
-8587871780442353901
-8587871780442193453
-8587871780442033041
-8587871780441862791
-8587871780441692626
-8587871780441532475
-8587871780441362307
-8587871780441192021
-8587871780441031996
-8587871780440861843
-8587871780440701690
-8587871780440531517
-8587871780440371361
-8587871780440201180
-8587871780440050926
-8587871780439870882
-8587871780439710728
-8587871780439540565
-8587871780439370256
-8587871780439204302
-8587871780439053116
-8587871780438882959
-8587871780438712588
-8587871780438542428
-8587871780438382272
-8587871780438222124
-8587871780438051958
-8587871780437881798
-8587871780437721642
-8587871780437551479
-8587871780437391323
-8587871780437231029
-8587871780437050552
-8587871780436890401
-8587871780436720136
-8587871780436559970
-8587871780436389807
-8587871780436239663
-8587871780436059490
-8587871780435899404
-8587871780435729243
-8587871780435559078
-8587871780435397445
-8587871780435237291
-8587871780435066719
-8587871780434906268
-8587871780434735916
-8587871780434569788
-8587871780434409629
-8587871780434249483
-8587871780434079310
-8587871780433909042
-8587871780433740203
-8587871780433570040
-8587871780433410204
-8587871780433251868
-8587871780433081590
-8587871780432911061
-8587871780432750908
-8587871780432580788
-8587871780432420745
-8587871780432250255
-8587871780432089960
-8587871780431919941
-8587871780431749780
-8587871780431588245
-8587871780431428089
-8587871780431257780
-8587871780431097629
-8587871780430927412
-8587871780430759684
-8587871780430594511
-8587871780430434357
-8587871780430259064
-8587871780430094364
-8587871780429934377
-8587871780429764025
-8587871780429603871
-8587871780429443534
-8587871780429268049
-8587871780429102883
-8587871780428887551
-8587871780428767539
-8587871780428607388
-8587871780428447135
-8587871780428277072
-8587871780428106553
-8587871780427947787
-8587871780427777621
-8587871780427617471
-8587871780427447118
-8587871780427276955
-8587871780427116807
-8587871780426946644
-8587871780426786488
-8587871780426626215
-8587871780426456172
-8587871780426283574
-8587871780426119563
-8587871780425956945
-8587871780425716722
-8587871780425556431
-8587871780425386270
-8587871780425226071
-8587871780425055439
-8587871780424895450
-8587871780424725169
-8587871780424554958
-8587871780424394955
-8587871780424240810
-8587871780424059363
-8587871780423899181
-8587871780423724623
-8587871780423559324
-8587871780423399066
-8587871780423238889
-8587871780423068888
-8587871780422898548
-8587871780422738561
-8587871780422568065
-8587871780422407955
-8587871780422247805
-8587871780422077537
-8587871780421905915
-8587871780421745746
-8587871780421575422
-8587871780421425347
-8587871780421248595
-8587871780421078135
-8587871780420918007
-8587871780420747972
-8587871780420587529
-8587871780420427379
-8587871780420257218
-8587871780420087055
-8587871780419916892
-8587871780419756739
-8587871780419586576
-8587871780419436204
-8587871780419255937
-8587871780419095792
-8587871780418925626
-8587871780418765473
-8587871780418596416
-8587871780418434030
-8587871780418262940
-8587871780418092647
-8587871780417927617
-8587871780417767458
-8587871780417597201
-8587871780417436978
-8587871780417266979
-8587871780417106831
-8587871780416936665
-8587871780416776468
-8587871780416606311
-8587871780416449664
-8587871780416279371
-8587871780416109221
-8587871780415946157
-8587871780415775994
-8587871780415612456
-8587871780415449075
-8587871780415268667
-8587871780415106271
-8587871780414949530
-8587871780414777229
-8587871780414626294
-8587871780414446073
-8587871780414285567
-8587871780414115253
-8587871780413955107
-8587871780413781347
-8587871780413631193
-8587871780413455450
-8587871780413285494
-8587871780413119616
-8587871780412959102
-8587871780412789710
-8587871780412629528
-8587871780412459194
-8587871780412288698
-8587871780412128499
-8587871780411968345
-8587871780411798180
-8587871780411637957
-8587871780411467863
-8587871780411297647
-8587871780411133036
-8587871780410973654
-8587871780410803491
-8587871780410643015
-8587871780410472865
-8587871780410302704
-8587871780410142349
-8587871780409972191
-8587871780409811892
-8587871780409601647
-8587871780409481529
-8587871780409311243
-8587871780409151090
-8587871780408977520
-8587871780408827537
-8587871780408647851
-8587871780408487695
-8587871780408317422
-8587871780408157241
-8587871780407987219
-8587871780407828463
-8587871780407658305
-8587871780407488140
-8587871780407327989
-8587871780407157826
-8587871780406995666
-8587871780406837683
-8587871780406657623
-8587871780406497475
-8587871780406327299
-8587871780406167138
-8587871780405986986
-8587871780405836842
-8587871780405666679
-8587871780405496516
-8587871780405336363
-8587871780405167112
-8587871780404999695
-8587871780404849613
-8587871780404676002
-8587871780404505831
-8587871780404341989
-8587871780404171823
-8587871780404001348
-8587871780403851179
-8587871780403678996
-8587871780403519091
-8587871780403348928
-8587871780403178768
-8587871780403028501
-8587871780402798247
-8587871780402688180
-8587871780402518015
-8587871780402350681
-8587871780402184785
-8587871780402024545
-8587871780401854369
-8587871780401693932
-8587871780401523746
-8587871780401363464
-8587871780401193301
-8587871780401033020
-8587871780400862844
-8587871780400702686
-8587871780400532528
-8587871780400362316
-8587871780400202212
-8587871780400042061
-8587871780399871895
-8587871780399701735
-8587871780399536400
-8587871780399371242
-8587871780399204865
-8587871780399044540
-8587871780398874395
-8587871780398714216
-8587871780398544176
-8587871780398373612
-8587871780398213335
-8587871780398053172
-8587871780397882881
-8587871780397712718
-8587871780397549718
-8587871780397389626
-8587871780397223216
-8587871780397053048
-8587871780396882744
-8587871780396722895
-8587871780396552727
-8587871780396341433
-8587871780396231374
-8587871780396061185
-8587871780395891022
-8587871780395730871
-8587871780395560708
-8587871780395400555
-8587871780395240261
-8587871780395060229
-8587871780394890066
-8587871780394729897
-8587871780394569759
-8587871780394399597
-8587871780394249294
-8587871780394069280
-8587871780393899117
-8587871780393738964
-8587871780393568801
-8587871780393408648
-8587871780393248397
-8587871780393078244
-8587871780392913002
-8587871780392741400
-8587871780392579754
-8587871780392424432
-8587871780392250219
-8587871780392080056
-8587871780391919902
-8587871780391749739
-8587871780391589586
-8587871780391429433
-8587871780391259270
-8587871780391089107
-8587871780390918944
-8587871780390758791
-8587871780390588630
-8587871780390438282
-8587871780390257971
-8587871780390097810
-8587871780389927647
-8587871780389767138
-8587871780389597505
-8587871780389437472
-8587871780389266950
-8587871780389096780
-8587871780388932361
-8587871780388773573
-8587871780388604510
-8587871780388444362
-8587871780388274186
-8587871780388103957
-8587871780387943878
-8587871780387776623
-8587871780387601330
-8587871780387440393
-8587871780387277621
-8587871780387111372
-8587871780386943989
-8587871780386785216
-8587871780386625042
-8587871780386444603
-8587871780386284458
-8587871780386124304
-8587871780385954139
-8587871780385783973
-8587871780385633638
-8587871780385454837
-8587871780385294395
-8587871780385124237
-8587871780384965184
-8587871780384794924
-8587871780384634054
-8587871780384463893
-8587871780384293587
-8587871780384133436
-8587871780383963273
-8587871780383792949
-8587871780383632957
-8587871780383462781
-8587871780383292634
-8587871780383132478
-8587871780382972327
-8587871780382802164
-8587871780382652013
-8587871780382471845
-8587871780382312196
-8587871780382138841
-8587871780381967677
-8587871780381815933
-8587871780381640476
-8587871780381480305
-8587871780381320152
-8587871780381149989
-8587871780380979826
-8587871780380829564
-8587871780380656291
-8587871780380491345
-8587871780380321185
-8587871780380154299
-8587871780379987758
-8587871780379827610
-8587871780379656943
-8587871780379496771
-8587871780379326611
-8587871780379157214
-8587871780378997127
-8587871780378835581
-8587871780378665402
-8587871780378495240
-8587871780378327552
-8587871780378167394
-8587871780377997210
-8587871780377847072
-8587871780377668407
-8587871780377508256
-8587871780377337809
-8587871780377177658
-8587871780377007206
-8587871780376846940
-8587871780376676598
-8587871780376511250
-8587871780376290960
-8587871780376181039
-8587871780376020765
-8587871780375850065
-8587871780375679907
-8587871780375519754
-8587871780375349591
-8587871780375187871
-8587871780375031404
-8587871780374851126
-8587871780374680966
-8587871780374520812
-8587871780374360659
-8587871780374190051
-8587871780374029900
-8587871780373859668
-8587871780373689505
-8587871780373529349
-8587871780373359186
-8587871780373199033
-8587871780373038877
-8587871780372864945
-8587871780372694588
-8587871780372532960
-8587871780372372835
-8587871780372202669
-8587871780372042516
-8587871780371872353
-8587871780371702177
-8587871780371542029
-8587871780371371856
-8587871780371211677
-8587871780371051529
-8587871780370881363
-8587871780370711208
-8587871780370541045
-8587871780370380892
-8587871780370226125
-8587871780370046083
-8587871780369885824
-8587871780369715613
-8587871780369545447
-8587871780369385317
-8587871780369225140
-8587871780369056908
-8587871780368886747
-8587871780368726443
-8587871780368554189
-8587871780368391181
-8587871780368232458
-8587871780368062298
-8587871780367892135
-8587871780367731982
-8587871780367569985
-8587871780367394587
-8587871780367239375
-8587871780367058667
-8587871780366895442
-8587871780366732078
-8587871780366571927
-8587871780366401764
-8587871780366251618
-8587871780366072078
-8587871780365902601
-8587871780365742448
-8587871780365571773
-8587871780365411637
-8587871780365251456
-8587871780365079032
-8587871780364908872
-8587871780364748578
-8587871780364578553
-8587871780364428409
-8587871780364255791
-8587871780364085628
-8587871780363915465
-8587871780363754557
-8587871780363584391
-8587871780363434378
-8587871780363259600
-8587871780363089444
-8587871780362879228
-8587871780362759128
-8587871780362598972
-8587871780362438706
-8587871780362258646
-8587871780362093473
-8587871780361928335
-8587871780361762931
-8587871780361593569
-8587871780361443083
-8587871780361268135
-8587871780361098126
-8587871780360937924
-8587871780360767807
-8587871780360607656
-8587871780360447503
-8587871780360277337
-8587871780360107069
-8587871780359946867
-8587871780359776873
-8587871780359596686
-8587871780359456528
-8587871780359276118
-8587871780359115990
-8587871780358945822
-8587871780358785704
-8587871780358625413
-8587871780358455291
-8587871780358285069
-8587871780358125074
-8587871780357954627
-8587871780357784515
-8587871780357624129
-8587871780357453974
-8587871780357293818
-8587871780357130426
-8587871780356960263
-8587871780356790093
-8587871780356634931
-8587871780356461740
-8587871780356296748
-8587871780356130548
-8587871780355959328
-8587871780355799164
-8587871780355647584
-8587871780355466828
-8587871780355306621
-8587871780355140741
-8587871780354970581
-8587871780354810384
-8587871780354650274
-8587871780354480111
-8587871780354309720
-8587871780354149173
-8587871780353979051
