----------New Stimuli List Generated----------
-8587874338566152455
StretchableCube-Orange:-0.08329654,1.123774,0.3323238,-0.5311576,0.5207657,-0.5402377,0.3934691,0,0,0
StretchableCube-Blue:0.05017571,0.8475142,0.3766049,0.2883924,0.3136691,0.6618019,0.6168142,0,0,0
StretchableCube-Yellow:-0.03510505,1.167607,0.2117539,-0.4410724,0.4114233,0.7273142,0.3274144,0,0,0
-8587874338566102410
StretchableCube-Orange:-0.08329654,1.123774,0.3323238,-0.5311576,0.5207657,-0.5402377,0.3934691,4E-05,4E-05,4E-05
StretchableCube-Blue:0.05017571,0.8475142,0.3766049,0.2883924,0.3136691,0.6618019,0.6168142,2E-05,2E-05,2E-05
StretchableCube-Yellow:-0.03510505,1.167607,0.2117539,-0.4410724,0.4114233,0.7273142,0.3274144,0,0,0
-8587874338564477120
StretchableCube-Orange:-0.08329654,1.123774,0.3323238,-0.5311576,0.5207657,-0.5402377,0.3934691,0.0004232056,0.0004232056,0.0004232056
StretchableCube-Blue:0.05017571,0.8475142,0.3766049,0.2883924,0.3136691,0.6618019,0.6168142,0.0002416028,0.0002416028,0.0002416028
StretchableCube-Yellow:-0.03510505,1.167607,0.2117539,-0.4410724,0.4114233,0.7273142,0.3274144,6E-05,6E-05,6E-05
-8587874338564276544
StretchableCube-Orange:-0.08329654,1.123774,0.3323238,-0.5311576,0.5207657,-0.5402377,0.3934691,0.00100863,0.00100863,0.00100863
StretchableCube-Blue:0.05017571,0.8475142,0.3766049,0.2883924,0.3136691,0.6618019,0.6168142,0.0008067193,0.0008067193,0.0008067193
StretchableCube-Yellow:-0.03510505,1.167607,0.2117539,-0.4410724,0.4114233,0.7273142,0.3274144,0.0006048083,0.0006048083,0.0006048083
-8587874338564105999
StretchableCube-Orange:-0.08329654,1.123774,0.3323238,-0.5311576,0.5207657,-0.5402377,0.3934691,0.001648475,0.001648475,0.001648475
StretchableCube-Blue:0.05017571,0.8475142,0.3766049,0.2883924,0.3136691,0.6618019,0.6168142,0.001429508,0.001429508,0.001429508
StretchableCube-Yellow:-0.03510505,1.167607,0.2117539,-0.4410724,0.4114233,0.7273142,0.3274144,0.001210541,0.001210541,0.001210541
-8587874338563945845
StretchableCube-Orange:-0.08329654,1.123774,0.3323238,-0.5311576,0.5207657,-0.5402377,0.3934691,0.00233753,0.00233753,0.00233753
StretchableCube-Blue:0.05017571,0.8475142,0.3766049,0.2883924,0.3136691,0.6618019,0.6168142,0.002102486,0.002102486,0.002102486
StretchableCube-Yellow:-0.03510505,1.167607,0.2117539,-0.4410724,0.4114233,0.7273142,0.3274144,0.001867442,0.001867442,0.001867442
-8587874338563785190
StretchableCube-Orange:-0.08329654,1.123774,0.3323238,-0.5311576,0.5207657,-0.5402377,0.3934691,0.003075798,0.003075798,0.003075798
StretchableCube-Blue:0.05017571,0.8475142,0.3766049,0.2883924,0.3136691,0.6618019,0.6168142,0.002824187,0.002824187,0.002824187
StretchableCube-Yellow:-0.03510505,1.167607,0.2117539,-0.4410724,0.4114233,0.7273142,0.3274144,0.002572575,0.002572575,0.002572575
-8587874338563618869
StretchableCube-Orange:-0.08329654,1.123774,0.3323238,-0.5311576,0.5207657,-0.5402377,0.3934691,0.003863766,0.003863766,0.003863766
StretchableCube-Blue:0.05017571,0.8475142,0.3766049,0.2883924,0.3136691,0.6618019,0.6168142,0.003595588,0.003595588,0.003595588
StretchableCube-Yellow:-0.03510505,1.167607,0.2117539,-0.4410724,0.4114233,0.7273142,0.3274144,0.00332741,0.00332741,0.00332741
-8587874338563448741
StretchableCube-Orange:-0.08329654,1.123774,0.3323238,-0.5311576,0.5207657,-0.5402377,0.3934691,0.004701434,0.004701434,0.004701434
StretchableCube-Blue:0.05017571,0.8475142,0.3766049,0.2883924,0.3136691,0.6618019,0.6168142,0.004416689,0.004416689,0.004416689
StretchableCube-Yellow:-0.03510505,1.167607,0.2117539,-0.4410724,0.4114233,0.7273142,0.3274144,0.004131944,0.004131944,0.004131944
-8587874338563285874
StretchableCube-Orange:-0.08329654,1.123774,0.3323238,-0.5311576,0.5207657,-0.5402377,0.3934691,0.005588802,0.005588802,0.005588802
StretchableCube-Blue:0.05017571,0.8475142,0.3766049,0.2883924,0.3136691,0.6618019,0.6168142,0.00528749,0.00528749,0.00528749
StretchableCube-Yellow:-0.03510505,1.167607,0.2117539,-0.4410724,0.4114233,0.7273142,0.3274144,0.004986179,0.004986179,0.004986179
-8587874338563119043
StretchableCube-Orange:-0.08329654,1.123774,0.3323238,-0.5311576,0.5207657,-0.5402377,0.3934691,0.006525871,0.006525871,0.006525871
StretchableCube-Blue:0.05017571,0.8475142,0.3766049,0.2883924,0.3136691,0.6618019,0.6168142,0.006207992,0.006207992,0.006207992
StretchableCube-Yellow:-0.03510505,1.167607,0.2117539,-0.4410724,0.4114233,0.7273142,0.3274144,0.005890113,0.005890113,0.005890113
-8587874338562945995
StretchableCube-Orange:-0.08329654,1.123774,0.3323238,-0.5311576,0.5207657,-0.5402377,0.3934691,0.007513726,0.007513726,0.007513726
StretchableCube-Blue:0.05017571,0.8475142,0.3766049,0.2883924,0.3136691,0.6618019,0.6168142,0.007178738,0.007178738,0.007178738
StretchableCube-Yellow:-0.03510505,1.167607,0.2117539,-0.4410724,0.4114233,0.7273142,0.3274144,0.00684375,0.00684375,0.00684375
-8587874338562785465
StretchableCube-Orange:-0.08329654,1.123774,0.3323238,-0.5311576,0.5207657,-0.5402377,0.3934691,0.008550738,0.008550738,0.008550738
StretchableCube-Blue:0.05017571,0.8475142,0.3766049,0.2883924,0.3136691,0.6618019,0.6168142,0.008199725,0.008199725,0.008199725
StretchableCube-Yellow:-0.03510505,1.167607,0.2117539,-0.4410724,0.4114233,0.7273142,0.3274144,0.007848714,0.007848714,0.007848714
-8587874338562614764
StretchableCube-Orange:-0.08329654,1.123774,0.3323238,-0.5311576,0.5207657,-0.5402377,0.3934691,0.0096379,0.0096379,0.0096379
StretchableCube-Blue:0.05017571,0.8475142,0.3766049,0.2883924,0.3136691,0.6618019,0.6168142,0.009269824,0.009269824,0.009269824
StretchableCube-Yellow:-0.03510505,1.167607,0.2117539,-0.4410724,0.4114233,0.7273142,0.3274144,0.008901751,0.008901751,0.008901751
-8587874338562454065
StretchableCube-Orange:-0.08329654,1.123774,0.3323238,-0.5311576,0.5207657,-0.5402377,0.3934691,0.01077432,0.01077432,0.01077432
StretchableCube-Blue:0.05017571,0.8475142,0.3766049,0.2883924,0.3136691,0.6618019,0.6168142,0.01039015,0.01039015,0.01039015
StretchableCube-Yellow:-0.03510505,1.167607,0.2117539,-0.4410724,0.4114233,0.7273142,0.3274144,0.01000598,0.01000598,0.01000598
-8587874338562284016
StretchableCube-Orange:-0.08329654,1.123774,0.3323238,-0.5311576,0.5207657,-0.5402377,0.3934691,0.01196086,0.01196086,0.01196086
StretchableCube-Blue:0.05017571,0.8475142,0.3766049,0.2883924,0.3136691,0.6618019,0.6168142,0.01155968,0.01155968,0.01155968
StretchableCube-Yellow:-0.03510505,1.167607,0.2117539,-0.4410724,0.4114233,0.7273142,0.3274144,0.0111585,0.0111585,0.0111585
-8587874338562125109
StretchableCube-Orange:-0.08329654,1.123774,0.3323238,-0.5311576,0.5207657,-0.5402377,0.3934691,0.01319659,0.01319659,0.01319659
StretchableCube-Blue:0.05017571,0.8475142,0.3766049,0.2883924,0.3136691,0.6618019,0.6168142,0.01277932,0.01277932,0.01277932
StretchableCube-Yellow:-0.03510505,1.167607,0.2117539,-0.4410724,0.4114233,0.7273142,0.3274144,0.01236204,0.01236204,0.01236204
-8587874338561964382
StretchableCube-Orange:-0.08329654,1.123774,0.3323238,-0.5311576,0.5207657,-0.5402377,0.3934691,0.01448156,0.01448156,0.01448156
StretchableCube-Blue:0.05017571,0.8475142,0.3766049,0.2883924,0.3136691,0.6618019,0.6168142,0.01404772,0.01404772,0.01404772
StretchableCube-Yellow:-0.03510505,1.167607,0.2117539,-0.4410724,0.4114233,0.7273142,0.3274144,0.01361387,0.01361387,0.01361387
-8587874338561797764
StretchableCube-Orange:-0.08329654,1.123774,0.3323238,-0.5311576,0.5207657,-0.5402377,0.3934691,0.01581623,0.01581623,0.01581623
StretchableCube-Blue:0.05017571,0.8475142,0.3766049,0.2883924,0.3136691,0.6618019,0.6168142,0.01536582,0.01536582,0.01536582
StretchableCube-Yellow:-0.03510505,1.167607,0.2117539,-0.4410724,0.4114233,0.7273142,0.3274144,0.01491541,0.01491541,0.01491541
-8587874338561620817
StretchableCube-Orange:-0.08329654,1.123774,0.3323238,-0.5311576,0.5207657,-0.5402377,0.3934691,0.01720165,0.01720165,0.01720165
StretchableCube-Blue:0.05017571,0.8475142,0.3766049,0.2883924,0.3136691,0.6618019,0.6168142,0.01673415,0.01673415,0.01673415
StretchableCube-Yellow:-0.03510505,1.167607,0.2117539,-0.4410724,0.4114233,0.7273142,0.3274144,0.01626664,0.01626664,0.01626664
-8587874338561440654
StretchableCube-Orange:-0.08329654,1.123774,0.3323238,-0.5311576,0.5207657,-0.5402377,0.3934691,0.01863625,0.01863625,0.01863625
StretchableCube-Blue:0.05017571,0.8475142,0.3766049,0.2883924,0.3136691,0.6618019,0.6168142,0.0181527,0.0181527,0.0181527
StretchableCube-Yellow:-0.03510505,1.167607,0.2117539,-0.4410724,0.4114233,0.7273142,0.3274144,0.01766916,0.01766916,0.01766916
-8587874338561290617
StretchableCube-Orange:-0.08329654,1.123774,0.3323238,-0.5311576,0.5207657,-0.5402377,0.3934691,0.02012002,0.02012002,0.02012002
StretchableCube-Blue:0.05017571,0.8475142,0.3766049,0.2883924,0.3136691,0.6618019,0.6168142,0.01961991,0.01961991,0.01961991
StretchableCube-Yellow:-0.03510505,1.167607,0.2117539,-0.4410724,0.4114233,0.7273142,0.3274144,0.0191198,0.0191198,0.0191198
-8587874338561120421
StretchableCube-Orange:-0.08329654,1.123774,0.3323238,-0.5311576,0.5207657,-0.5402377,0.3934691,0.02165349,0.02165349,0.02165349
StretchableCube-Blue:0.05017571,0.8475142,0.3766049,0.2883924,0.3136691,0.6618019,0.6168142,0.02113681,0.02113681,0.02113681
StretchableCube-Yellow:-0.03510505,1.167607,0.2117539,-0.4410724,0.4114233,0.7273142,0.3274144,0.02062013,0.02062013,0.02062013
-8587874338560950255
StretchableCube-Orange:-0.08329654,1.123774,0.3323238,-0.5311576,0.5207657,-0.5402377,0.3934691,0.02323733,0.02323733,0.02323733
StretchableCube-Blue:0.05017571,0.8475142,0.3766049,0.2883924,0.3136691,0.6618019,0.6168142,0.02270375,0.02270375,0.02270375
StretchableCube-Yellow:-0.03510505,1.167607,0.2117539,-0.4410724,0.4114233,0.7273142,0.3274144,0.02217017,0.02217017,0.02217017
-8587874338560780109
StretchableCube-Orange:-0.08329654,1.123774,0.3323238,-0.5311576,0.5207657,-0.5402377,0.3934691,0.02487206,0.02487206,0.02487206
StretchableCube-Blue:0.05017571,0.8475142,0.3766049,0.2883924,0.3136691,0.6618019,0.6168142,0.02432149,0.02432149,0.02432149
StretchableCube-Yellow:-0.03510505,1.167607,0.2117539,-0.4410724,0.4114233,0.7273142,0.3274144,0.02377091,0.02377091,0.02377091
-8587874338560639982
StretchableCube-Orange:-0.08329654,1.123774,0.3323238,-0.5311576,0.5207657,-0.5402377,0.3934691,0.02655539,0.02655539,0.02655539
StretchableCube-Blue:0.05017571,0.8475142,0.3766049,0.2883924,0.3136691,0.6618019,0.6168142,0.02598902,0.02598902,0.02598902
StretchableCube-Yellow:-0.03510505,1.167607,0.2117539,-0.4410724,0.4114233,0.7273142,0.3274144,0.02542264,0.02542264,0.02542264
-8587874338560469737
StretchableCube-Orange:-0.08329654,1.123774,0.3323238,-0.5311576,0.5207657,-0.5402377,0.3934691,0.02828766,0.02828766,0.02828766
StretchableCube-Blue:0.05017571,0.8475142,0.3766049,0.2883924,0.3136691,0.6618019,0.6168142,0.02770472,0.02770472,0.02770472
StretchableCube-Yellow:-0.03510505,1.167607,0.2117539,-0.4410724,0.4114233,0.7273142,0.3274144,0.02712177,0.02712177,0.02712177
-8587874338560299663
StretchableCube-Orange:-0.08329654,1.123774,0.3323238,-0.5311576,0.5207657,-0.5402377,0.3934691,0.03006984,0.03006984,0.03006984
StretchableCube-Blue:0.05017571,0.8475142,0.3766049,0.2883924,0.3136691,0.6618019,0.6168142,0.02947023,0.02947023,0.02947023
StretchableCube-Yellow:-0.03510505,1.167607,0.2117539,-0.4410724,0.4114233,0.7273142,0.3274144,0.02887061,0.02887061,0.02887061
-8587874338560139504
StretchableCube-Orange:-0.08329654,1.123774,0.3323238,-0.5311576,0.5207657,-0.5402377,0.3934691,0.03190162,0.03190162,0.03190162
StretchableCube-Blue:0.05017571,0.8475142,0.3766049,0.2883924,0.3136691,0.6618019,0.6168142,0.03128554,0.03128554,0.03128554
StretchableCube-Yellow:-0.03510505,1.167607,0.2117539,-0.4410724,0.4114233,0.7273142,0.3274144,0.03066946,0.03066946,0.03066946
-8587874338559969341
StretchableCube-Orange:-0.08329654,1.123774,0.3323238,-0.5311576,0.5207657,-0.5402377,0.3934691,0.033783,0.033783,0.033783
StretchableCube-Blue:0.05017571,0.8475142,0.3766049,0.2883924,0.3136691,0.6618019,0.6168142,0.03315035,0.03315035,0.03315035
StretchableCube-Yellow:-0.03510505,1.167607,0.2117539,-0.4410724,0.4114233,0.7273142,0.3274144,0.0325177,0.0325177,0.0325177
-8587874338559809195
StretchableCube-Orange:-0.08329654,1.123774,0.3323238,-0.5311576,0.5207657,-0.5402377,0.3934691,0.03571407,0.03571407,0.03571407
StretchableCube-Blue:0.05017571,0.8475142,0.3766049,0.2883924,0.3136691,0.6618019,0.6168142,0.03506486,0.03506486,0.03506486
StretchableCube-Yellow:-0.03510505,1.167607,0.2117539,-0.4410724,0.4114233,0.7273142,0.3274144,0.03441565,0.03441565,0.03441565
-8587874338559643870
StretchableCube-Orange:-0.08329654,1.123774,0.3323238,-0.5311576,0.5207657,-0.5402377,0.3934691,0.03769485,0.03769485,0.03769485
StretchableCube-Blue:0.05017571,0.8475142,0.3766049,0.2883924,0.3136691,0.6618019,0.6168142,0.03702907,0.03702907,0.03702907
StretchableCube-Yellow:-0.03510505,1.167607,0.2117539,-0.4410724,0.4114233,0.7273142,0.3274144,0.03636329,0.03636329,0.03636329
-8587874338559478691
StretchableCube-Orange:-0.08329654,1.123774,0.3323238,-0.5311576,0.5207657,-0.5402377,0.3934691,0.03972531,0.03972531,0.03972531
StretchableCube-Blue:0.05017571,0.8475142,0.3766049,0.2883924,0.3136691,0.6618019,0.6168142,0.03904298,0.03904298,0.03904298
StretchableCube-Yellow:-0.03510505,1.167607,0.2117539,-0.4410724,0.4114233,0.7273142,0.3274144,0.03836063,0.03836063,0.03836063
-8587874338559313849
StretchableCube-Orange:-0.08329654,1.123774,0.3323238,-0.5311576,0.5207657,-0.5402377,0.3934691,0.04180548,0.04180548,0.04180548
StretchableCube-Blue:0.05017571,0.8475142,0.3766049,0.2883924,0.3136691,0.6618019,0.6168142,0.04110658,0.04110658,0.04110658
StretchableCube-Yellow:-0.03510505,1.167607,0.2117539,-0.4410724,0.4114233,0.7273142,0.3274144,0.04040766,0.04040766,0.04040766
-8587874338559137491
StretchableCube-Orange:-0.08329654,1.123774,0.3323238,-0.5311576,0.5207657,-0.5402377,0.3934691,0.04393606,0.04393606,0.04393606
StretchableCube-Blue:0.05017571,0.8475142,0.3766049,0.2883924,0.3136691,0.6618019,0.6168142,0.04322023,0.04322023,0.04322023
StretchableCube-Yellow:-0.03510505,1.167607,0.2117539,-0.4410724,0.4114233,0.7273142,0.3274144,0.0425044,0.0425044,0.0425044
-8587874338558976797
StretchableCube-Orange:-0.08329654,1.123774,0.3323238,-0.5311576,0.5207657,-0.5402377,0.3934691,0.04611599,0.04611599,0.04611599
StretchableCube-Blue:0.05017571,0.8475142,0.3766049,0.2883924,0.3136691,0.6618019,0.6168142,0.04538395,0.04538395,0.04538395
StretchableCube-Yellow:-0.03510505,1.167607,0.2117539,-0.4410724,0.4114233,0.7273142,0.3274144,0.0446519,0.0446519,0.0446519
-8587874338558813663
StretchableCube-Orange:-0.08329654,1.123774,0.3323238,-0.5311576,0.5207657,-0.5402377,0.3934691,0.04834526,0.04834526,0.04834526
StretchableCube-Blue:0.05017571,0.8475142,0.3766049,0.2883924,0.3136691,0.6618019,0.6168142,0.04759665,0.04759665,0.04759665
StretchableCube-Yellow:-0.03510505,1.167607,0.2117539,-0.4410724,0.4114233,0.7273142,0.3274144,0.04684804,0.04684804,0.04684804
-8587874338558645722
StretchableCube-Orange:-0.08329654,1.123774,0.3323238,-0.5311576,0.5207657,-0.5402377,0.3934691,0.05062423,0.05062423,0.05062423
StretchableCube-Blue:0.05017571,0.8475142,0.3766049,0.2883924,0.3136691,0.6618019,0.6168142,0.04985905,0.04985905,0.04985905
StretchableCube-Yellow:-0.03510505,1.167607,0.2117539,-0.4410724,0.4114233,0.7273142,0.3274144,0.04909387,0.04909387,0.04909387
-8587874338558475261
StretchableCube-Orange:-0.08329654,1.123774,0.3323238,-0.5311576,0.5207657,-0.5402377,0.3934691,0.05295352,0.05295352,0.05295352
StretchableCube-Blue:0.05017571,0.8475142,0.3766049,0.2883924,0.3136691,0.6618019,0.6168142,0.05217146,0.05217146,0.05217146
StretchableCube-Yellow:-0.03510505,1.167607,0.2117539,-0.4410724,0.4114233,0.7273142,0.3274144,0.05138941,0.05138941,0.05138941
-8587874338558313894
-8587874338558143879
-8587874338557983480
-8587874338557812456
-8587874338557651954
-8587874338557481553
-8587874338557322856
-8587874338557147971
-8587874338556977821
-8587874338556827257
-8587874338556651267
-8587874338556495104
-8587874338556324923
-8587874338556167552
-8587874338556011269
-8587874338555840596
-8587874338555673819
-8587874338555512590
-8587874338555342355
-8587874338555177583
-8587874338555011482
-8587874338554848707
-8587874338554683623
-8587874338554523349
-8587874338554353298
-8587874338554186972
-8587874338554023318
-8587874338553856097
-8587874338553690661
-8587874338553526401
-8587874338553358957
-8587874338553195741
-8587874338553025422
-8587874338552864722
-8587874338552701558
-8587874338552535747
-8587874338552360786
-8587874338552193159
-8587874338552022650
-8587874338551864593
-8587874338551703915
-8587874338551541877
-8587874338551370157
-8587874338551202008
-8587874338551039847
-8587874338550869353
-8587874338550711324
-8587874338550541156
-8587874338550380813
-8587874338550209326
-8587874338550044277
-8587874338549879907
-8587874338549719641
-8587874338549549467
-8587874338549379429
-8587874338549179237
-8587874338549049112
-8587874338548883935
-8587874338548721861
-8587874338548548823
-8587874338548388654
-8587874338548223244
-8587874338548052902
-8587874338547892362
-8587874338547721868
-8587874338547561087
-8587874338547390493
-8587874338547230286
-8587874338547052686
-8587874338546892475
-8587874338546722325
-8587874338546560471
-8587874338546392809
-8587874338546222121
-8587874338546058664
-8587874338545898559
-8587874338545727656
-8587874338545567507
-8587874338545392401
-8587874338545226489
-8587874338545068015
-8587874338544896679
-8587874338544736484
-8587874338544565875
-8587874338544405844
-8587874338544235558
-8587874338544075545
-8587874338543904155
-8587874338543731220
-8587874338543573813
-8587874338543413615
-8587874338543243426
-8587874338543073245
-8587874338542913091
-8587874338542745989
-8587874338542585833
-8587874338542415511
-8587874338542254379
-8587874338542084218
-8587874338541923553
-8587874338541753300
-8587874338541585691
-8587874338541425458
-8587874338541264702
-8587874338541094913
-8587874338540924322
-8587874338540753887
-8587874338540599632
-8587874338540432996
-8587874338540264432
-8587874338540104312
-8587874338539935746
-8587874338539775454
-8587874338539565679
-8587874338539435562
-8587874338539265470
-8587874338539105304
-8587874338538935138
-8587874338538774702
-8587874338538608625
-8587874338538438456
-8587874338538276452
-8587874338538114626
-8587874338537953884
-8587874338537783840
-8587874338537623687
-8587874338537453523
-8587874338537293362
-8587874338537123206
-8587874338536962952
-8587874338536792779
-8587874338536632279
-8587874338536464031
-8587874338536287032
-8587874338536126906
-8587874338535967787
-8587874338535797431
-8587874338535628845
-8587874338535468218
-8587874338535298983
-8587874338535137365
-8587874338534967115
-8587874338534801631
-8587874338534634791
-8587874338534474749
-8587874338534309962
-8587874338534138729
-8587874338533978270
-8587874338533807953
-8587874338533642234
-8587874338533482236
-8587874338533311510
-8587874338533146940
-8587874338532981607
-8587874338532815127
-8587874338532648448
-8587874338532486589
-8587874338532313195
-8587874338532152547
-8587874338531991649
-8587874338531818580
-8587874338531660656
-8587874338531494573
-8587874338531329079
-8587874338531154937
-8587874338530993770
-8587874338530825859
-8587874338530665562
-8587874338530495332
-8587874338530336763
-8587874338530161935
-8587874338530001223
-8587874338529835727
-8587874338529665504
-8587874338529507340
-8587874338529339670
-8587874338529175596
-8587874338529001340
-8587874338528832881
-8587874338528672464
-8587874338528511877
-8587874338528341186
StretchableCube-Orange:-0.08329654,1.123774,0.3323238,-0.5311576,0.5207657,-0.5402377,0.3934691,0.05057436,0.05057436,0.05057436
StretchableCube-Blue:0.05017571,0.8475142,0.3766049,0.2883924,0.3136691,0.6618019,0.6168142,0.0498088,0.0498088,0.0498088
StretchableCube-Yellow:-0.03510505,1.167607,0.2117539,-0.4410724,0.4114233,0.7273142,0.3274144,0.04904324,0.04904324,0.04904324
-8587874338528180766
StretchableCube-Orange:-0.08329654,1.123774,0.3323238,-0.5311576,0.5207657,-0.5402377,0.3934691,0.04814548,0.04814548,0.04814548
StretchableCube-Blue:0.05017571,0.8475142,0.3766049,0.2883924,0.3136691,0.6618019,0.6168142,0.04739654,0.04739654,0.04739654
StretchableCube-Yellow:-0.03510505,1.167607,0.2117539,-0.4410724,0.4114233,0.7273142,0.3274144,0.04664759,0.04664759,0.04664759
-8587874338528010017
StretchableCube-Orange:-0.08329654,1.123774,0.3323238,-0.5311576,0.5207657,-0.5402377,0.3934691,0.04566695,0.04566695,0.04566695
StretchableCube-Blue:0.05017571,0.8475142,0.3766049,0.2883924,0.3136691,0.6618019,0.6168142,0.04493452,0.04493452,0.04493452
StretchableCube-Yellow:-0.03510505,1.167607,0.2117539,-0.4410724,0.4114233,0.7273142,0.3274144,0.04420209,0.04420209,0.04420209
-8587874338527841876
StretchableCube-Orange:-0.08329654,1.123774,0.3323238,-0.5311576,0.5207657,-0.5402377,0.3934691,0.04313875,0.04313875,0.04313875
StretchableCube-Blue:0.05017571,0.8475142,0.3766049,0.2883924,0.3136691,0.6618019,0.6168142,0.0424229,0.0424229,0.0424229
StretchableCube-Yellow:-0.03510505,1.167607,0.2117539,-0.4410724,0.4114233,0.7273142,0.3274144,0.04170705,0.04170705,0.04170705
-8587874338527678686
StretchableCube-Orange:-0.08329654,1.123774,0.3323238,-0.5311576,0.5207657,-0.5402377,0.3934691,0.04056086,0.04056086,0.04056086
StretchableCube-Blue:0.05017571,0.8475142,0.3766049,0.2883924,0.3136691,0.6618019,0.6168142,0.03986157,0.03986157,0.03986157
StretchableCube-Yellow:-0.03510505,1.167607,0.2117539,-0.4410724,0.4114233,0.7273142,0.3274144,0.03916227,0.03916227,0.03916227
-8587874338527517377
StretchableCube-Orange:-0.08329654,1.123774,0.3323238,-0.5311576,0.5207657,-0.5402377,0.3934691,0.037933,0.037933,0.037933
StretchableCube-Blue:0.05017571,0.8475142,0.3766049,0.2883924,0.3136691,0.6618019,0.6168142,0.03725041,0.03725041,0.03725041
StretchableCube-Yellow:-0.03510505,1.167607,0.2117539,-0.4410724,0.4114233,0.7273142,0.3274144,0.03656783,0.03656783,0.03656783
-8587874338527345578
StretchableCube-Orange:-0.08329654,1.123774,0.3323238,-0.5311576,0.5207657,-0.5402377,0.3934691,0.03525557,0.03525557,0.03525557
StretchableCube-Blue:0.05017571,0.8475142,0.3766049,0.2883924,0.3136691,0.6618019,0.6168142,0.03458942,0.03458942,0.03458942
StretchableCube-Yellow:-0.03510505,1.167607,0.2117539,-0.4410724,0.4114233,0.7273142,0.3274144,0.03392325,0.03392325,0.03392325
-8587874338527179667
StretchableCube-Orange:-0.08329654,1.123774,0.3323238,-0.5311576,0.5207657,-0.5402377,0.3934691,0.03252858,0.03252858,0.03252858
StretchableCube-Blue:0.05017571,0.8475142,0.3766049,0.2883924,0.3136691,0.6618019,0.6168142,0.031879,0.031879,0.031879
StretchableCube-Yellow:-0.03510505,1.167607,0.2117539,-0.4410724,0.4114233,0.7273142,0.3274144,0.0312294,0.0312294,0.0312294
-8587874338527014485
StretchableCube-Orange:-0.08329654,1.123774,0.3323238,-0.5311576,0.5207657,-0.5402377,0.3934691,0.02975189,0.02975189,0.02975189
StretchableCube-Blue:0.05017571,0.8475142,0.3766049,0.2883924,0.3136691,0.6618019,0.6168142,0.02911887,0.02911887,0.02911887
StretchableCube-Yellow:-0.03510505,1.167607,0.2117539,-0.4410724,0.4114233,0.7273142,0.3274144,0.02848583,0.02848583,0.02848583
-8587874338526837612
StretchableCube-Orange:-0.08329654,1.123774,0.3323238,-0.5311576,0.5207657,-0.5402377,0.3934691,0.02692381,0.02692381,0.02692381
StretchableCube-Blue:0.05017571,0.8475142,0.3766049,0.2883924,0.3136691,0.6618019,0.6168142,0.0263082,0.0263082,0.0263082
StretchableCube-Yellow:-0.03510505,1.167607,0.2117539,-0.4410724,0.4114233,0.7273142,0.3274144,0.02569259,0.02569259,0.02569259
-8587874338526687335
StretchableCube-Orange:-0.08329654,1.123774,0.3323238,-0.5311576,0.5207657,-0.5402377,0.3934691,0.0240463,0.0240463,0.0240463
StretchableCube-Blue:0.05017571,0.8475142,0.3766049,0.2883924,0.3136691,0.6618019,0.6168142,0.0234467,0.0234467,0.0234467
StretchableCube-Yellow:-0.03510505,1.167607,0.2117539,-0.4410724,0.4114233,0.7273142,0.3274144,0.0228471,0.0228471,0.0228471
-8587874338526517123
StretchableCube-Orange:-0.08329654,1.123774,0.3323238,-0.5311576,0.5207657,-0.5402377,0.3934691,0.02112022,0.02112022,0.02112022
StretchableCube-Blue:0.05017571,0.8475142,0.3766049,0.2883924,0.3136691,0.6618019,0.6168142,0.0205369,0.0205369,0.0205369
StretchableCube-Yellow:-0.03510505,1.167607,0.2117539,-0.4410724,0.4114233,0.7273142,0.3274144,0.01995357,0.01995357,0.01995357
-8587874338526347126
StretchableCube-Orange:-0.08329654,1.123774,0.3323238,-0.5311576,0.5207657,-0.5402377,0.3934691,0.01814435,0.01814435,0.01814435
StretchableCube-Blue:0.05017571,0.8475142,0.3766049,0.2883924,0.3136691,0.6618019,0.6168142,0.01757779,0.01757779,0.01757779
StretchableCube-Yellow:-0.03510505,1.167607,0.2117539,-0.4410724,0.4114233,0.7273142,0.3274144,0.01701122,0.01701122,0.01701122
-8587874338526186987
StretchableCube-Orange:-0.08329654,1.123774,0.3323238,-0.5311576,0.5207657,-0.5402377,0.3934691,0.01511897,0.01511897,0.01511897
StretchableCube-Blue:0.05017571,0.8475142,0.3766049,0.2883924,0.3136691,0.6618019,0.6168142,0.01456879,0.01456879,0.01456879
StretchableCube-Yellow:-0.03510505,1.167607,0.2117539,-0.4410724,0.4114233,0.7273142,0.3274144,0.01401859,0.01401859,0.01401859
-8587874338526026708
StretchableCube-Orange:-0.08329654,1.123774,0.3323238,-0.5311576,0.5207657,-0.5402377,0.3934691,0.01204391,0.01204391,0.01204391
StretchableCube-Blue:0.05017571,0.8475142,0.3766049,0.2883924,0.3136691,0.6618019,0.6168142,0.01151038,0.01151038,0.01151038
StretchableCube-Yellow:-0.03510505,1.167607,0.2117539,-0.4410724,0.4114233,0.7273142,0.3274144,0.01097684,0.01097684,0.01097684
-8587874338525856655
StretchableCube-Orange:-0.08329654,1.123774,0.3323238,-0.5311576,0.5207657,-0.5402377,0.3934691,0.008919237,0.008919237,0.008919237
StretchableCube-Blue:0.05017571,0.8475142,0.3766049,0.2883924,0.3136691,0.6618019,0.6168142,0.008402183,0.008402183,0.008402183
StretchableCube-Yellow:-0.03510505,1.167607,0.2117539,-0.4410724,0.4114233,0.7273142,0.3274144,0.007885116,0.007885116,0.007885116
-8587874338525686491
StretchableCube-Orange:-0.08329654,1.123774,0.3323238,-0.5311576,0.5207657,-0.5402377,0.3934691,0.005744952,0.005744952,0.005744952
StretchableCube-Blue:0.05017571,0.8475142,0.3766049,0.2883924,0.3136691,0.6618019,0.6168142,0.005244466,0.005244466,0.005244466
StretchableCube-Yellow:-0.03510505,1.167607,0.2117539,-0.4410724,0.4114233,0.7273142,0.3274144,0.004743968,0.004743968,0.004743968
-8587874338525526353
StretchableCube-Orange:-0.08329654,1.123774,0.3323238,-0.5311576,0.5207657,-0.5402377,0.3934691,0.002520968,0.002520968,0.002520968
StretchableCube-Blue:0.05017571,0.8475142,0.3766049,0.2883924,0.3136691,0.6618019,0.6168142,0.002037046,0.002037046,0.002037046
StretchableCube-Yellow:-0.03510505,1.167607,0.2117539,-0.4410724,0.4114233,0.7273142,0.3274144,0.001553114,0.001553114,0.001553114
-8587874338525356223
StretchableCube-Orange:0.15,0.98,0.3,-0.5311576,0.5207657,-0.5402377,0.3934691,-0.000752714,-0.000752714,-0.000752714
StretchableCube-Blue:0,0.98,0.3,0.2883924,0.3136691,0.6618019,0.6168142,-0.001220069,-0.001220069,-0.001220069
StretchableCube-Yellow:-0.15,0.98,0.3,-0.4410724,0.4114233,0.7273142,0.3274144,-0.001687435,-0.001687435,-0.001687435
-8587874338525195792
StretchableCube-Orange:0.15,0.98,0.3,-0.5311576,0.5207657,-0.5402377,0.3934691,0.002571406,0.002571406,0.002571406
StretchableCube-Blue:0,0.98,0.3,0.2883924,0.3136691,0.6618019,0.6168142,0.002087115,0.002087115,0.002087115
StretchableCube-Yellow:-0.15,0.98,0.3,-0.4410724,0.4114233,0.7273142,0.3274144,0.001602812,0.001602812,0.001602812
-8587874338525029443
StretchableCube-Orange:0.15,0.98,0.3,-0.5311576,0.5207657,-0.5402377,0.3934691,0.005944855,0.005944855,0.005944855
StretchableCube-Blue:0,0.98,0.3,0.2883924,0.3136691,0.6618019,0.6168142,0.005444367,0.005444367,0.005444367
StretchableCube-Yellow:-0.15,0.98,0.3,-0.4410724,0.4114233,0.7273142,0.3274144,0.004943868,0.004943868,0.004943868
-8587874338524863681
StretchableCube-Orange:0.15,0.98,0.3,-0.5311576,0.5207657,-0.5402377,0.3934691,0.009367635,0.009367635,0.009367635
StretchableCube-Blue:0,0.98,0.3,0.2883924,0.3136691,0.6618019,0.6168142,0.00885058,0.00885058,0.00885058
StretchableCube-Yellow:-0.15,0.98,0.3,-0.4410724,0.4114233,0.7273142,0.3274144,0.008333514,0.008333514,0.008333514
-8587874338524699932
StretchableCube-Orange:0.15,0.98,0.3,-0.5311576,0.5207657,-0.5402377,0.3934691,0.01284062,0.01284062,0.01284062
StretchableCube-Blue:0,0.98,0.3,0.2883924,0.3136691,0.6618019,0.6168142,0.01230675,0.01230675,0.01230675
StretchableCube-Yellow:-0.15,0.98,0.3,-0.4410724,0.4114233,0.7273142,0.3274144,0.01177286,0.01177286,0.01177286
-8587874338524532995
StretchableCube-Orange:0.15,0.98,0.3,-0.5311576,0.5207657,-0.5402377,0.3934691,0.01636306,0.01636306,0.01636306
StretchableCube-Blue:0,0.98,0.3,0.2883924,0.3136691,0.6618019,0.6168142,0.01581287,0.01581287,0.01581287
StretchableCube-Yellow:-0.15,0.98,0.3,-0.4410724,0.4114233,0.7273142,0.3274144,0.01526267,0.01526267,0.01526267
-8587874338524362795
StretchableCube-Orange:0.15,0.98,0.3,-0.5311576,0.5207657,-0.5402377,0.3934691,0.01993662,0.01993662,0.01993662
StretchableCube-Blue:0,0.98,0.3,0.2883924,0.3136691,0.6618019,0.6168142,0.01936903,0.01936903,0.01936903
StretchableCube-Yellow:-0.15,0.98,0.3,-0.4410724,0.4114233,0.7273142,0.3274144,0.01880142,0.01880142,0.01880142
-8587874338524202593
StretchableCube-Orange:0.15,0.98,0.3,-0.5311576,0.5207657,-0.5402377,0.3934691,0.02355958,0.02355958,0.02355958
StretchableCube-Blue:0,0.98,0.3,0.2883924,0.3136691,0.6618019,0.6168142,0.02297599,0.02297599,0.02297599
StretchableCube-Yellow:-0.15,0.98,0.3,-0.4410724,0.4114233,0.7273142,0.3274144,0.02239239,0.02239239,0.02239239
-8587874338524032465
StretchableCube-Orange:0.15,0.98,0.3,-0.5311576,0.5207657,-0.5402377,0.3934691,0.02723112,0.02723112,0.02723112
StretchableCube-Blue:0,0.98,0.3,0.2883924,0.3136691,0.6618019,0.6168142,0.02663123,0.02663123,0.02663123
StretchableCube-Yellow:-0.15,0.98,0.3,-0.4410724,0.4114233,0.7273142,0.3274144,0.02603133,0.02603133,0.02603133
-8587874338523871871
StretchableCube-Orange:0.15,0.98,0.3,-0.5311576,0.5207657,-0.5402377,0.3934691,0.03095251,0.03095251,0.03095251
StretchableCube-Blue:0,0.98,0.3,0.2883924,0.3136691,0.6618019,0.6168142,0.03033585,0.03033585,0.03033585
StretchableCube-Yellow:-0.15,0.98,0.3,-0.4410724,0.4114233,0.7273142,0.3274144,0.02971918,0.02971918,0.02971918
-8587874338523701603
StretchableCube-Orange:0.15,0.98,0.3,-0.5311576,0.5207657,-0.5402377,0.3934691,0.03472476,0.03472476,0.03472476
StretchableCube-Blue:0,0.98,0.3,0.2883924,0.3136691,0.6618019,0.6168142,0.03409106,0.03409106,0.03409106
StretchableCube-Yellow:-0.15,0.98,0.3,-0.4410724,0.4114233,0.7273142,0.3274144,0.03345734,0.03345734,0.03345734
-8587874338523541321
StretchableCube-Orange:0.15,0.98,0.3,-0.5311576,0.5207657,-0.5402377,0.3934691,0.0385461,0.0385461,0.0385461
StretchableCube-Blue:0,0.98,0.3,0.2883924,0.3136691,0.6618019,0.6168142,0.03789637,0.03789637,0.03789637
StretchableCube-Yellow:-0.15,0.98,0.3,-0.4410724,0.4114233,0.7273142,0.3274144,0.03724663,0.03724663,0.03724663
-8587874338523371050
StretchableCube-Orange:0.15,0.98,0.3,-0.5311576,0.5207657,-0.5402377,0.3934691,0.04241632,0.04241632,0.04241632
StretchableCube-Blue:0,0.98,0.3,0.2883924,0.3136691,0.6618019,0.6168142,0.04175016,0.04175016,0.04175016
StretchableCube-Yellow:-0.15,0.98,0.3,-0.4410724,0.4114233,0.7273142,0.3274144,0.041084,0.041084,0.041084
-8587874338523210732
StretchableCube-Orange:0.15,0.98,0.3,-0.5311576,0.5207657,-0.5402377,0.3934691,0.04633623,0.04633623,0.04633623
StretchableCube-Blue:0,0.98,0.3,0.2883924,0.3136691,0.6618019,0.6168142,0.04565344,0.04565344,0.04565344
StretchableCube-Yellow:-0.15,0.98,0.3,-0.4410724,0.4114233,0.7273142,0.3274144,0.04497064,0.04497064,0.04497064
-8587874338523040311
StretchableCube-Orange:0.15,0.98,0.3,-0.5311576,0.5207657,-0.5402377,0.3934691,0.05030578,0.05030578,0.05030578
StretchableCube-Blue:0,0.98,0.3,0.2883924,0.3136691,0.6618019,0.6168142,0.04960649,0.04960649,0.04960649
StretchableCube-Yellow:-0.15,0.98,0.3,-0.4410724,0.4114233,0.7273142,0.3274144,0.04890719,0.04890719,0.04890719
-8587874338522870306
StretchableCube-Orange:0.15,0.98,0.3,-0.5311576,0.5207657,-0.5402377,0.3934691,0.05432496,0.05432496,0.05432496
StretchableCube-Blue:0,0.98,0.3,0.2883924,0.3136691,0.6618019,0.6168142,0.05360911,0.05360911,0.05360911
StretchableCube-Yellow:-0.15,0.98,0.3,-0.4410724,0.4114233,0.7273142,0.3274144,0.05289324,0.05289324,0.05289324
-8587874338522712092
-8587874338522541619
-8587874338522383498
-8587874338522213112
-8587874338522044710
-8587874338521885393
-8587874338521715163
-8587874338521554753
-8587874338521383799
-8587874338521215532
-8587874338521050840
-8587874338520886073
-8587874338520728392
-8587874338520559762
-8587874338520391186
-8587874338520230556
-8587874338520056839
-8587874338519890329
-8587874338519729870
-8587874338519564310
-8587874338519393947
-8587874338519230547
-8587874338519071105
-8587874338518900667
-8587874338518737547
-8587874338518567073
-8587874338518400522
-8587874338518237373
-8587874338518065868
-8587874338517903370
-8587874338517737684
-8587874338517573541
-8587874338517405587
-8587874338517246229
-8587874338517081975
-8587874338516902805
-8587874338516745946
-8587874338516585600
-8587874338516410486
-8587874338516254364
-8587874338516081789
-8587874338515916251
-8587874338515749879
-8587874338515584621
-8587874338515417227
-8587874338515257104
-8587874338515087066
-8587874338514926831
-8587874338514756701
-8587874338514596490
-8587874338514426327
-8587874338514266173
-8587874338514096130
-8587874338513931814
-8587874338513766320
-8587874338513603918
-8587874338513433696
-8587874338513272971
-8587874338513104096
-8587874338512933883
-8587874338512769493
-8587874338512608986
-8587874338512443279
-8587874338512270666
-8587874338512110353
-8587874338511942707
-8587874338511775825
-8587874338511607154
-8587874338511446616
-8587874338511277730
-8587874338511116048
-8587874338510946054
-8587874338510785577
-8587874338510615268
-8587874338510445752
-8587874338510283446
-8587874338510123197
-8587874338509953011
-8587874338509789342
-8587874338509618820
-8587874338509455640
-8587874338509285472
-8587874338509125072
-8587874338508957868
-8587874338508797451
-8587874338508627198
-8587874338508466913
-8587874338508296763
-8587874338508135232
-8587874338507961876
-8587874338507798911
-8587874338507638496
-8587874338507467918
-8587874338507297826
-8587874338507137225
-8587874338506966536
-8587874338506806249
-8587874338506639772
-8587874338506479488
-8587874338506309071
-8587874338506147978
-8587874338505967073
-8587874338505816583
-8587874338505650559
-8587874338505477738
-8587874338505311873
-8587874338505146704
-8587874338504984136
-8587874338504823337
-8587874338504653607
-8587874338504492831
-8587874338504322626
-8587874338504155978
-8587874338503986029
-8587874338503815838
-8587874338503645674
-8587874338503495556
-8587874338503325398
-8587874338503165244
-8587874338502995078
-8587874338502834924
-8587874338502664761
-8587874338502494597
-8587874338502335019
-8587874338502165511
-8587874338502005483
-8587874338501835678
-8587874338501675468
-8587874338501504680
-8587874338501344544
-8587874338501174060
-8587874338501010914
-8587874338500844181
-8587874338500673777
-8587874338500514837
-8587874338500346378
-8587874338500175355
-8587874338500014154
-8587874338499848521
-8587874338499677964
-8587874338499515598
-8587874338499354907
-8587874338499189039
-8587874338499018479
-8587874338498853272
-8587874338498692657
-8587874338498527050
-8587874338498356485
-8587874338498195980
-8587874338498025558
-8587874338497865384
-8587874338497693989
-8587874338497526573
-8587874338497366304
-8587874338497195872
-8587874338497029080
-8587874338496868501
-8587874338496700206
-8587874338496531456
-8587874338496374989
-8587874338496204572
-8587874338496036963
-8587874338495877682
-8587874338495707929
-8587874338495537338
-8587874338495376818
-8587874338495206652
-8587874338495041445
-8587874338494875597
-8587874338494707932
-8587874338494547776
-8587874338494377613
-8587874338494217467
-8587874338494047301
-8587874338493887147
-8587874338493716973
-8587874338493556830
-8587874338493386664
-8587874338493226510
-8587874338493056321
-8587874338492886040
-8587874338492725929
-8587874338492555748
-8587874338492395551
-8587874338492225536
-8587874338492065382
-8587874338491895218
-8587874338491735065
-8587874338491564901
-8587874338491394733
-8587874338491234589
-8587874338491064423
-8587874338490904267
-8587874338490734101
-8587874338490573957
-8587874338490403743
-8587874338490233623
-8587874338490073454
-8587874338489905661
-8587874338489739939
-8587874338489578449
-8587874338489406737
-8587874338489248341
-8587874338489077402
-8587874338488917197
-8587874338488749422
-8587874338488588455
-8587874338488417935
-8587874338488236743
-8587874338488087562
-8587874338487917611
-8587874338487757096
-8587874338487586508
-8587874338487425322
-8587874338487254859
-8587874338487094531
-8587874338486924102
-8587874338486762822
-8587874338486592182
-8587874338486432683
-8587874338486264650
-8587874338486094400
-8587874338485936007
-8587874338485765708
-8587874338485604814
-8587874338485434257
-8587874338485264746
-8587874338485104902
-8587874338484934849
-8587874338484776487
-8587874338484605975
-8587874338484446157
-8587874338484275604
-8587874338484109478
-8587874338483941178
-8587874338483778365
-8587874338483610585
-8587874338483450252
-8587874338483279812
-8587874338483117492
-8587874338482946394
-8587874338482784410
-8587874338482617703
-8587874338482456640
-8587874338482287805
-8587874338482127669
-8587874338481956922
-8587874338481796180
-8587874338481625740
-8587874338481461633
-8587874338481296756
-8587874338481126560
-8587874338480966408
-8587874338480796363
-8587874338480636209
-8587874338480465925
-8587874338480295711
-8587874338480135605
-8587874338479965393
-8587874338479805411
-8587874338479635127
-8587874338479471894
-8587874338479301615
-8587874338479138786
-8587874338478974293
-8587874338478803794
-8587874338478638626
-8587874338478473733
-8587874338478313623
-8587874338478143347
-8587874338477983190
-8587874338477811990
-8587874338477645546
-8587874338477488096
-8587874338477317531
-8587874338477150554
-8587874338476989981
-8587874338476819060
-8587874338476658527
-8587874338476488256
-8587874338476323748
-8587874338476160545
-8587874338475992803
