----------New Stimuli List Generated----------
-8587874339716957748
StretchableCube-Orange:-0.08735576,0.7878695,0.392624,0.5702507,0.1940628,0.5951478,0.5319332,0,0,0
StretchableCube-Yellow:0.0883888,0.9032062,0.209446,-0.2703822,0.3453213,-0.1231036,0.8902203,0,0,0
StretchableCube-Blue:-0.05517557,0.844664,0.2342484,0.1927526,0.6190552,-0.04332802,0.760092,0,0,0
-8587874339716897693
StretchableCube-Orange:-0.08735576,0.7878695,0.392624,0.5702507,0.1940628,0.5951478,0.5319332,4E-05,4E-05,4E-05
StretchableCube-Yellow:0.0883888,0.9032062,0.209446,-0.2703822,0.3453213,-0.1231036,0.8902203,2E-05,2E-05,2E-05
StretchableCube-Blue:-0.05517557,0.844664,0.2342484,0.1927526,0.6190552,-0.04332802,0.760092,0,0,0
-8587874339715197446
StretchableCube-Orange:-0.08735576,0.7878695,0.392624,0.5702507,0.1940628,0.5951478,0.5319332,0.0004389434,0.0004389434,0.0004389434
StretchableCube-Yellow:0.0883888,0.9032062,0.209446,-0.2703822,0.3453213,-0.1231036,0.8902203,0.0002494717,0.0002494717,0.0002494717
StretchableCube-Blue:-0.05517557,0.844664,0.2342484,0.1927526,0.6190552,-0.04332802,0.760092,6E-05,6E-05,6E-05
-8587874339714997372
StretchableCube-Orange:-0.08735576,0.7878695,0.392624,0.5702507,0.1940628,0.5951478,0.5319332,0.001050001,0.001050001,0.001050001
StretchableCube-Yellow:0.0883888,0.9032062,0.209446,-0.2703822,0.3453213,-0.1231036,0.8902203,0.0008392081,0.0008392081,0.0008392081
StretchableCube-Blue:-0.05517557,0.844664,0.2342484,0.1927526,0.6190552,-0.04332802,0.760092,0.0006284151,0.0006284151,0.0006284151
-8587874339714817035
StretchableCube-Orange:-0.08735576,0.7878695,0.392624,0.5702507,0.1940628,0.5951478,0.5319332,0.001716814,0.001716814,0.001716814
StretchableCube-Yellow:0.0883888,0.9032062,0.209446,-0.2703822,0.3453213,-0.1231036,0.8902203,0.001488804,0.001488804,0.001488804
StretchableCube-Blue:-0.05517557,0.844664,0.2342484,0.1927526,0.6190552,-0.04332802,0.760092,0.001260794,0.001260794,0.001260794
-8587874339714656927
StretchableCube-Orange:-0.08735576,0.7878695,0.392624,0.5702507,0.1940628,0.5951478,0.5319332,0.002432904,0.002432904,0.002432904
StretchableCube-Yellow:0.0883888,0.9032062,0.209446,-0.2703822,0.3453213,-0.1231036,0.8902203,0.002188864,0.002188864,0.002188864
StretchableCube-Blue:-0.05517557,0.844664,0.2342484,0.1927526,0.6190552,-0.04332802,0.760092,0.001944824,0.001944824,0.001944824
-8587874339714501719
StretchableCube-Orange:-0.08735576,0.7878695,0.392624,0.5702507,0.1940628,0.5951478,0.5319332,0.003197932,0.003197932,0.003197932
StretchableCube-Yellow:0.0883888,0.9032062,0.209446,-0.2703822,0.3453213,-0.1231036,0.8902203,0.002937438,0.002937438,0.002937438
StretchableCube-Blue:-0.05517557,0.844664,0.2342484,0.1927526,0.6190552,-0.04332802,0.760092,0.002676943,0.002676943,0.002676943
-8587874339714321500
StretchableCube-Orange:-0.08735576,0.7878695,0.392624,0.5702507,0.1940628,0.5951478,0.5319332,0.00401356,0.00401356,0.00401356
StretchableCube-Yellow:0.0883888,0.9032062,0.209446,-0.2703822,0.3453213,-0.1231036,0.8902203,0.003735994,0.003735994,0.003735994
StretchableCube-Blue:-0.05517557,0.844664,0.2342484,0.1927526,0.6190552,-0.04332802,0.760092,0.003458426,0.003458426,0.003458426
-8587874339714170101
StretchableCube-Orange:-0.08735576,0.7878695,0.392624,0.5702507,0.1940628,0.5951478,0.5319332,0.004878381,0.004878381,0.004878381
StretchableCube-Yellow:0.0883888,0.9032062,0.209446,-0.2703822,0.3453213,-0.1231036,0.8902203,0.004584754,0.004584754,0.004584754
StretchableCube-Blue:-0.05517557,0.844664,0.2342484,0.1927526,0.6190552,-0.04332802,0.760092,0.004291127,0.004291127,0.004291127
-8587874339713999820
StretchableCube-Orange:-0.08735576,0.7878695,0.392624,0.5702507,0.1940628,0.5951478,0.5319332,0.005792423,0.005792423,0.005792423
StretchableCube-Yellow:0.0883888,0.9032062,0.209446,-0.2703822,0.3453213,-0.1231036,0.8902203,0.005482215,0.005482215,0.005482215
StretchableCube-Blue:-0.05517557,0.844664,0.2342484,0.1927526,0.6190552,-0.04332802,0.760092,0.005172008,0.005172008,0.005172008
-8587874339713833325
StretchableCube-Orange:-0.08735576,0.7878695,0.392624,0.5702507,0.1940628,0.5951478,0.5319332,0.006756152,0.006756152,0.006756152
StretchableCube-Yellow:0.0883888,0.9032062,0.209446,-0.2703822,0.3453213,-0.1231036,0.8902203,0.006429391,0.006429391,0.006429391
StretchableCube-Blue:-0.05517557,0.844664,0.2342484,0.1927526,0.6190552,-0.04332802,0.760092,0.00610263,0.00610263,0.00610263
-8587874339713663139
StretchableCube-Orange:-0.08735576,0.7878695,0.392624,0.5702507,0.1940628,0.5951478,0.5319332,0.007769745,0.007769745,0.007769745
StretchableCube-Yellow:0.0883888,0.9032062,0.209446,-0.2703822,0.3453213,-0.1231036,0.8902203,0.007426329,0.007426329,0.007426329
StretchableCube-Blue:-0.05517557,0.844664,0.2342484,0.1927526,0.6190552,-0.04332802,0.760092,0.007082913,0.007082913,0.007082913
-8587874339713502109
StretchableCube-Orange:-0.08735576,0.7878695,0.392624,0.5702507,0.1940628,0.5951478,0.5319332,0.008832949,0.008832949,0.008832949
StretchableCube-Yellow:0.0883888,0.9032062,0.209446,-0.2703822,0.3453213,-0.1231036,0.8902203,0.008473055,0.008473055,0.008473055
StretchableCube-Blue:-0.05517557,0.844664,0.2342484,0.1927526,0.6190552,-0.04332802,0.760092,0.008113161,0.008113161,0.008113161
-8587874339713327113
StretchableCube-Orange:-0.08735576,0.7878695,0.392624,0.5702507,0.1940628,0.5951478,0.5319332,0.009946856,0.009946856,0.009946856
StretchableCube-Yellow:0.0883888,0.9032062,0.209446,-0.2703822,0.3453213,-0.1231036,0.8902203,0.00956985,0.00956985,0.00956985
StretchableCube-Blue:-0.05517557,0.844664,0.2342484,0.1927526,0.6190552,-0.04332802,0.760092,0.009192843,0.009192843,0.009192843
-8587874339713167443
StretchableCube-Orange:-0.08735576,0.7878695,0.392624,0.5702507,0.1940628,0.5951478,0.5319332,0.01110992,0.01110992,0.01110992
StretchableCube-Yellow:0.0883888,0.9032062,0.209446,-0.2703822,0.3453213,-0.1231036,0.8902203,0.01071689,0.01071689,0.01071689
StretchableCube-Blue:-0.05517557,0.844664,0.2342484,0.1927526,0.6190552,-0.04332802,0.760092,0.01032386,0.01032386,0.01032386
-8587874339712997446
StretchableCube-Orange:-0.08735576,0.7878695,0.392624,0.5702507,0.1940628,0.5951478,0.5319332,0.01232298,0.01232298,0.01232298
StretchableCube-Yellow:0.0883888,0.9032062,0.209446,-0.2703822,0.3453213,-0.1231036,0.8902203,0.01191296,0.01191296,0.01191296
StretchableCube-Blue:-0.05517557,0.844664,0.2342484,0.1927526,0.6190552,-0.04332802,0.760092,0.01150294,0.01150294,0.01150294
-8587874339712837051
StretchableCube-Orange:-0.08735576,0.7878695,0.392624,0.5702507,0.1940628,0.5951478,0.5319332,0.01358531,0.01358531,0.01358531
StretchableCube-Yellow:0.0883888,0.9032062,0.209446,-0.2703822,0.3453213,-0.1231036,0.8902203,0.01315915,0.01315915,0.01315915
StretchableCube-Blue:-0.05517557,0.844664,0.2342484,0.1927526,0.6190552,-0.04332802,0.760092,0.01273299,0.01273299,0.01273299
-8587874339712674253
StretchableCube-Orange:-0.08735576,0.7878695,0.392624,0.5702507,0.1940628,0.5951478,0.5319332,0.01489693,0.01489693,0.01489693
StretchableCube-Yellow:0.0883888,0.9032062,0.209446,-0.2703822,0.3453213,-0.1231036,0.8902203,0.0144542,0.0144542,0.0144542
StretchableCube-Blue:-0.05517557,0.844664,0.2342484,0.1927526,0.6190552,-0.04332802,0.760092,0.01401147,0.01401147,0.01401147
-8587874339712503365
StretchableCube-Orange:-0.08735576,0.7878695,0.392624,0.5702507,0.1940628,0.5951478,0.5319332,0.0162584,0.0162584,0.0162584
StretchableCube-Yellow:0.0883888,0.9032062,0.209446,-0.2703822,0.3453213,-0.1231036,0.8902203,0.01579903,0.01579903,0.01579903
StretchableCube-Blue:-0.05517557,0.844664,0.2342484,0.1927526,0.6190552,-0.04332802,0.760092,0.01533965,0.01533965,0.01533965
-8587874339712343178
StretchableCube-Orange:-0.08735576,0.7878695,0.392624,0.5702507,0.1940628,0.5951478,0.5319332,0.0176695,0.0176695,0.0176695
StretchableCube-Yellow:0.0883888,0.9032062,0.209446,-0.2703822,0.3453213,-0.1231036,0.8902203,0.01719364,0.01719364,0.01719364
StretchableCube-Blue:-0.05517557,0.844664,0.2342484,0.1927526,0.6190552,-0.04332802,0.760092,0.01671778,0.01671778,0.01671778
-8587874339712177861
StretchableCube-Orange:-0.08735576,0.7878695,0.392624,0.5702507,0.1940628,0.5951478,0.5319332,0.01913021,0.01913021,0.01913021
StretchableCube-Yellow:0.0883888,0.9032062,0.209446,-0.2703822,0.3453213,-0.1231036,0.8902203,0.01863779,0.01863779,0.01863779
StretchableCube-Blue:-0.05517557,0.844664,0.2342484,0.1927526,0.6190552,-0.04332802,0.760092,0.01814536,0.01814536,0.01814536
-8587874339712007505
StretchableCube-Orange:-0.08735576,0.7878695,0.392624,0.5702507,0.1940628,0.5951478,0.5319332,0.02064063,0.02064063,0.02064063
StretchableCube-Yellow:0.0883888,0.9032062,0.209446,-0.2703822,0.3453213,-0.1231036,0.8902203,0.02013163,0.02013163,0.02013163
StretchableCube-Blue:-0.05517557,0.844664,0.2342484,0.1927526,0.6190552,-0.04332802,0.760092,0.01962264,0.01962264,0.01962264
-8587874339711847372
StretchableCube-Orange:-0.08735576,0.7878695,0.392624,0.5702507,0.1940628,0.5951478,0.5319332,0.02220074,0.02220074,0.02220074
StretchableCube-Yellow:0.0883888,0.9032062,0.209446,-0.2703822,0.3453213,-0.1231036,0.8902203,0.02167518,0.02167518,0.02167518
StretchableCube-Blue:-0.05517557,0.844664,0.2342484,0.1927526,0.6190552,-0.04332802,0.760092,0.02114962,0.02114962,0.02114962
-8587874339711678320
StretchableCube-Orange:-0.08735576,0.7878695,0.392624,0.5702507,0.1940628,0.5951478,0.5319332,0.02381056,0.02381056,0.02381056
StretchableCube-Yellow:0.0883888,0.9032062,0.209446,-0.2703822,0.3453213,-0.1231036,0.8902203,0.02326843,0.02326843,0.02326843
StretchableCube-Blue:-0.05517557,0.844664,0.2342484,0.1927526,0.6190552,-0.04332802,0.760092,0.0227263,0.0227263,0.0227263
-8587874339711507967
StretchableCube-Orange:-0.08735576,0.7878695,0.392624,0.5702507,0.1940628,0.5951478,0.5319332,0.02547049,0.02547049,0.02547049
StretchableCube-Yellow:0.0883888,0.9032062,0.209446,-0.2703822,0.3453213,-0.1231036,0.8902203,0.02491159,0.02491159,0.02491159
StretchableCube-Blue:-0.05517557,0.844664,0.2342484,0.1927526,0.6190552,-0.04332802,0.760092,0.02435268,0.02435268,0.02435268
-8587874339711348453
StretchableCube-Orange:-0.08735576,0.7878695,0.392624,0.5702507,0.1940628,0.5951478,0.5319332,0.02717991,0.02717991,0.02717991
StretchableCube-Yellow:0.0883888,0.9032062,0.209446,-0.2703822,0.3453213,-0.1231036,0.8902203,0.02660465,0.02660465,0.02660465
StretchableCube-Blue:-0.05517557,0.844664,0.2342484,0.1927526,0.6190552,-0.04332802,0.760092,0.02602939,0.02602939,0.02602939
-8587874339711177862
StretchableCube-Orange:-0.08735576,0.7878695,0.392624,0.5702507,0.1940628,0.5951478,0.5319332,0.02893907,0.02893907,0.02893907
StretchableCube-Yellow:0.0883888,0.9032062,0.209446,-0.2703822,0.3453213,-0.1231036,0.8902203,0.02834712,0.02834712,0.02834712
StretchableCube-Blue:-0.05517557,0.844664,0.2342484,0.1927526,0.6190552,-0.04332802,0.760092,0.02775517,0.02775517,0.02775517
-8587874339711011006
StretchableCube-Orange:-0.08735576,0.7878695,0.392624,0.5702507,0.1940628,0.5951478,0.5319332,0.03074834,0.03074834,0.03074834
StretchableCube-Yellow:0.0883888,0.9032062,0.209446,-0.2703822,0.3453213,-0.1231036,0.8902203,0.03013968,0.03013968,0.03013968
StretchableCube-Blue:-0.05517557,0.844664,0.2342484,0.1927526,0.6190552,-0.04332802,0.760092,0.02953102,0.02953102,0.02953102
-8587874339710847161
StretchableCube-Orange:-0.08735576,0.7878695,0.392624,0.5702507,0.1940628,0.5951478,0.5319332,0.03260703,0.03260703,0.03260703
StretchableCube-Yellow:0.0883888,0.9032062,0.209446,-0.2703822,0.3453213,-0.1231036,0.8902203,0.03198202,0.03198202,0.03198202
StretchableCube-Blue:-0.05517557,0.844664,0.2342484,0.1927526,0.6190552,-0.04332802,0.760092,0.031357,0.031357,0.031357
-8587874339710687148
StretchableCube-Orange:-0.08735576,0.7878695,0.392624,0.5702507,0.1940628,0.5951478,0.5319332,0.03451511,0.03451511,0.03451511
StretchableCube-Yellow:0.0883888,0.9032062,0.209446,-0.2703822,0.3453213,-0.1231036,0.8902203,0.03387358,0.03387358,0.03387358
StretchableCube-Blue:-0.05517557,0.844664,0.2342484,0.1927526,0.6190552,-0.04332802,0.760092,0.03323205,0.03323205,0.03323205
-8587874339710516488
StretchableCube-Orange:-0.08735576,0.7878695,0.392624,0.5702507,0.1940628,0.5951478,0.5319332,0.03647282,0.03647282,0.03647282
StretchableCube-Yellow:0.0883888,0.9032062,0.209446,-0.2703822,0.3453213,-0.1231036,0.8902203,0.03581472,0.03581472,0.03581472
StretchableCube-Blue:-0.05517557,0.844664,0.2342484,0.1927526,0.6190552,-0.04332802,0.760092,0.03515663,0.03515663,0.03515663
-8587874339710345679
StretchableCube-Orange:-0.08735576,0.7878695,0.392624,0.5702507,0.1940628,0.5951478,0.5319332,0.03848127,0.03848127,0.03848127
StretchableCube-Yellow:0.0883888,0.9032062,0.209446,-0.2703822,0.3453213,-0.1231036,0.8902203,0.03780609,0.03780609,0.03780609
StretchableCube-Blue:-0.05517557,0.844664,0.2342484,0.1927526,0.6190552,-0.04332802,0.760092,0.03713091,0.03713091,0.03713091
-8587874339710177738
StretchableCube-Orange:-0.08735576,0.7878695,0.392624,0.5702507,0.1940628,0.5951478,0.5319332,0.0405404,0.0405404,0.0405404
StretchableCube-Yellow:0.0883888,0.9032062,0.209446,-0.2703822,0.3453213,-0.1231036,0.8902203,0.03984842,0.03984842,0.03984842
StretchableCube-Blue:-0.05517557,0.844664,0.2342484,0.1927526,0.6190552,-0.04332802,0.760092,0.03915644,0.03915644,0.03915644
-8587874339710016719
StretchableCube-Orange:-0.08735576,0.7878695,0.392624,0.5702507,0.1940628,0.5951478,0.5319332,0.04264851,0.04264851,0.04264851
StretchableCube-Yellow:0.0883888,0.9032062,0.209446,-0.2703822,0.3453213,-0.1231036,0.8902203,0.04194044,0.04194044,0.04194044
StretchableCube-Blue:-0.05517557,0.844664,0.2342484,0.1927526,0.6190552,-0.04332802,0.760092,0.04123238,0.04123238,0.04123238
-8587874339709855858
StretchableCube-Orange:-0.08735576,0.7878695,0.392624,0.5702507,0.1940628,0.5951478,0.5319332,0.04480529,0.04480529,0.04480529
StretchableCube-Yellow:0.0883888,0.9032062,0.209446,-0.2703822,0.3453213,-0.1231036,0.8902203,0.04408092,0.04408092,0.04408092
StretchableCube-Blue:-0.05517557,0.844664,0.2342484,0.1927526,0.6190552,-0.04332802,0.760092,0.04335656,0.04335656,0.04335656
-8587874339709687474
StretchableCube-Orange:-0.08735576,0.7878695,0.392624,0.5702507,0.1940628,0.5951478,0.5319332,0.04701156,0.04701156,0.04701156
StretchableCube-Yellow:0.0883888,0.9032062,0.209446,-0.2703822,0.3453213,-0.1231036,0.8902203,0.0462706,0.0462706,0.0462706
StretchableCube-Blue:-0.05517557,0.844664,0.2342484,0.1927526,0.6190552,-0.04332802,0.760092,0.04552964,0.04552964,0.04552964
-8587874339709527320
StretchableCube-Orange:-0.08735576,0.7878695,0.392624,0.5702507,0.1940628,0.5951478,0.5319332,0.0492675,0.0492675,0.0492675
StretchableCube-Yellow:0.0883888,0.9032062,0.209446,-0.2703822,0.3453213,-0.1231036,0.8902203,0.04851,0.04851,0.04851
StretchableCube-Blue:-0.05517557,0.844664,0.2342484,0.1927526,0.6190552,-0.04332802,0.760092,0.0477525,0.0477525,0.0477525
-8587874339709356921
StretchableCube-Orange:-0.08735576,0.7878695,0.392624,0.5702507,0.1940628,0.5951478,0.5319332,0.05157313,0.05157313,0.05157313
StretchableCube-Yellow:0.0883888,0.9032062,0.209446,-0.2703822,0.3453213,-0.1231036,0.8902203,0.05079906,0.05079906,0.05079906
StretchableCube-Blue:-0.05517557,0.844664,0.2342484,0.1927526,0.6190552,-0.04332802,0.760092,0.05002498,0.05002498,0.05002498
-8587874339709193975
-8587874339709031179
-8587874339708860816
-8587874339708702375
-8587874339708533087
-8587874339708356790
-8587874339708196114
-8587874339708025512
-8587874339707864685
-8587874339707694527
-8587874339707535121
-8587874339707374245
-8587874339707204788
-8587874339707042136
-8587874339706881908
-8587874339706718846
-8587874339706558556
-8587874339706387761
-8587874339706214499
-8587874339706059002
-8587874339705895226
-8587874339705730812
-8587874339705560339
-8587874339705396886
-8587874339705226950
-8587874339705066018
-8587874339704895660
-8587874339704738558
-8587874339704566167
-8587874339704405906
-8587874339704235745
-8587874339704075110
-8587874339703909483
-8587874339703739337
-8587874339703574148
-8587874339703411836
-8587874339703239584
-8587874339703066853
-8587874339702916696
-8587874339702746532
-8587874339702576369
-8587874339702416223
-8587874339702250107
-8587874339702088235
-8587874339701918118
-8587874339701747634
-8587874339701589836
-8587874339701420218
-8587874339701256226
-8587874339701089614
-8587874339700922310
-8587874339700758546
-8587874339700588460
-8587874339700423864
-8587874339700263498
-8587874339700097151
-8587874339699926474
-8587874339699764953
-8587874339699596958
-8587874339699437498
-8587874339699272495
-8587874339699102145
-8587874339698936090
-8587874339698771997
-8587874339698602204
-8587874339698441449
-8587874339698271309
-8587874339698105807
-8587874339697941693
-8587874339697776025
-8587874339697605526
-8587874339697444747
-8587874339697284356
-8587874339697114161
-8587874339696944139
-8587874339696783634
-8587874339696613461
-8587874339696453309
-8587874339696283131
-8587874339696122844
-8587874339695952824
-8587874339695792672
-8587874339695622506
-8587874339695452346
-8587874339695292455
-8587874339695122284
-8587874339694962125
-8587874339694791967
-8587874339694631811
-8587874339694461650
-8587874339694301491
-8587874339694131069
-8587874339693971176
-8587874339693800957
-8587874339693630555
-8587874339693470327
-8587874339693304001
-8587874339693133907
-8587874339692976592
-8587874339692802363
-8587874339692642002
-8587874339692470106
-8587874339692299940
-8587874339692139783
-8587874339691979542
-8587874339691809476
-8587874339691649225
-8587874339691479136
-8587874339691319000
-8587874339691148837
-8587874339690982785
-8587874339690822672
-8587874339690647770
-8587874339690482363
-8587874339690319821
-8587874339690150648
-8587874339689990100
-8587874339689819803
-8587874339689653979
-8587874339689497460
-8587874339689330003
-8587874339689159709
-8587874339688999130
-8587874339688826683
-8587874339688664251
-8587874339688498770
-8587874339688332001
-8587874339688169126
-8587874339687999254
-8587874339687838320
-8587874339687666275
-8587874339687508824
-8587874339687337775
-8587874339687177447
-8587874339687005479
-8587874339686840264
-8587874339686672999
-8587874339686510976
-8587874339686345346
-8587874339686175065
-8587874339686012205
-8587874339685851942
-8587874339685683002
-8587874339685519254
-8587874339685354384
-8587874339685187529
-8587874339685017424
-8587874339684855760
-8587874339684685182
-8587874339684525412
-8587874339684355359
-8587874339684191457
-8587874339684031032
-8587874339683860776
-8587874339683698492
-8587874339683528219
-8587874339683363286
-8587874339683192564
-8587874339683032090
-8587874339682861507
-8587874339682697933
-8587874339682537541
-8587874339682368809
-8587874339682208701
-8587874339682038929
-8587874339681873735
-8587874339681703075
-8587874339681538441
-8587874339681377993
-8587874339681206670
-8587874339681040828
-8587874339680875620
-8587874339680715464
-8587874339680545237
-8587874339680385093
-8587874339680214986
-8587874339680054832
-8587874339679874644
-8587874339679714505
-8587874339679554305
-8587874339679389636
-8587874339679219209
StretchableCube-Orange:-0.08735576,0.7878695,0.392624,0.5702507,0.1940628,0.5951478,0.5319332,0.04921808,0.04921808,0.04921808
StretchableCube-Yellow:0.0883888,0.9032062,0.209446,-0.2703822,0.3453213,-0.1231036,0.8902203,0.04846043,0.04846043,0.04846043
StretchableCube-Blue:-0.05517557,0.844664,0.2342484,0.1927526,0.6190552,-0.04332802,0.760092,0.04770278,0.04770278,0.04770278
-8587874339679048738
StretchableCube-Orange:-0.08735576,0.7878695,0.392624,0.5702507,0.1940628,0.5951478,0.5319332,0.04681331,0.04681331,0.04681331
StretchableCube-Yellow:0.0883888,0.9032062,0.209446,-0.2703822,0.3453213,-0.1231036,0.8902203,0.04607231,0.04607231,0.04607231
StretchableCube-Blue:-0.05517557,0.844664,0.2342484,0.1927526,0.6190552,-0.04332802,0.760092,0.04533131,0.04533131,0.04533131
-8587874339678889805
StretchableCube-Orange:-0.08735576,0.7878695,0.392624,0.5702507,0.1940628,0.5951478,0.5319332,0.04435893,0.04435893,0.04435893
StretchableCube-Yellow:0.0883888,0.9032062,0.209446,-0.2703822,0.3453213,-0.1231036,0.8902203,0.04363441,0.04363441,0.04363441
StretchableCube-Blue:-0.05517557,0.844664,0.2342484,0.1927526,0.6190552,-0.04332802,0.760092,0.04290989,0.04290989,0.04290989
-8587874339678729703
StretchableCube-Orange:-0.08735576,0.7878695,0.392624,0.5702507,0.1940628,0.5951478,0.5319332,0.04185493,0.04185493,0.04185493
StretchableCube-Yellow:0.0883888,0.9032062,0.209446,-0.2703822,0.3453213,-0.1231036,0.8902203,0.04114698,0.04114698,0.04114698
StretchableCube-Blue:-0.05517557,0.844664,0.2342484,0.1927526,0.6190552,-0.04332802,0.760092,0.04043902,0.04043902,0.04043902
-8587874339678559212
StretchableCube-Orange:-0.08735576,0.7878695,0.392624,0.5702507,0.1940628,0.5951478,0.5319332,0.03930122,0.03930122,0.03930122
StretchableCube-Yellow:0.0883888,0.9032062,0.209446,-0.2703822,0.3453213,-0.1231036,0.8902203,0.03860984,0.03860984,0.03860984
StretchableCube-Blue:-0.05517557,0.844664,0.2342484,0.1927526,0.6190552,-0.04332802,0.760092,0.03791846,0.03791846,0.03791846
-8587874339678388854
StretchableCube-Orange:-0.08735576,0.7878695,0.392624,0.5702507,0.1940628,0.5951478,0.5319332,0.03669782,0.03669782,0.03669782
StretchableCube-Yellow:0.0883888,0.9032062,0.209446,-0.2703822,0.3453213,-0.1231036,0.8902203,0.03602301,0.03602301,0.03602301
StretchableCube-Blue:-0.05517557,0.844664,0.2342484,0.1927526,0.6190552,-0.04332802,0.760092,0.03534819,0.03534819,0.03534819
-8587874339678228277
StretchableCube-Orange:-0.08735576,0.7878695,0.392624,0.5702507,0.1940628,0.5951478,0.5319332,0.0340441,0.0340441,0.0340441
StretchableCube-Yellow:0.0883888,0.9032062,0.209446,-0.2703822,0.3453213,-0.1231036,0.8902203,0.03338616,0.03338616,0.03338616
StretchableCube-Blue:-0.05517557,0.844664,0.2342484,0.1927526,0.6190552,-0.04332802,0.760092,0.03272822,0.03272822,0.03272822
-8587874339678060157
StretchableCube-Orange:-0.08735576,0.7878695,0.392624,0.5702507,0.1940628,0.5951478,0.5319332,0.03134099,0.03134099,0.03134099
StretchableCube-Yellow:0.0883888,0.9032062,0.209446,-0.2703822,0.3453213,-0.1231036,0.8902203,0.0306993,0.0306993,0.0306993
StretchableCube-Blue:-0.05517557,0.844664,0.2342484,0.1927526,0.6190552,-0.04332802,0.760092,0.03005762,0.03005762,0.03005762
-8587874339677896703
StretchableCube-Orange:-0.08735576,0.7878695,0.392624,0.5702507,0.1940628,0.5951478,0.5319332,0.02858784,0.02858784,0.02858784
StretchableCube-Yellow:0.0883888,0.9032062,0.209446,-0.2703822,0.3453213,-0.1231036,0.8902203,0.02796305,0.02796305,0.02796305
StretchableCube-Blue:-0.05517557,0.844664,0.2342484,0.1927526,0.6190552,-0.04332802,0.760092,0.02733825,0.02733825,0.02733825
-8587874339677726632
StretchableCube-Orange:-0.08735576,0.7878695,0.392624,0.5702507,0.1940628,0.5951478,0.5319332,0.02578532,0.02578532,0.02578532
StretchableCube-Yellow:0.0883888,0.9032062,0.209446,-0.2703822,0.3453213,-0.1231036,0.8902203,0.02517677,0.02517677,0.02517677
StretchableCube-Blue:-0.05517557,0.844664,0.2342484,0.1927526,0.6190552,-0.04332802,0.760092,0.02456822,0.02456822,0.02456822
-8587874339677559763
StretchableCube-Orange:-0.08735576,0.7878695,0.392624,0.5702507,0.1940628,0.5951478,0.5319332,0.02293342,0.02293342,0.02293342
StretchableCube-Yellow:0.0883888,0.9032062,0.209446,-0.2703822,0.3453213,-0.1231036,0.8902203,0.02234144,0.02234144,0.02234144
StretchableCube-Blue:-0.05517557,0.844664,0.2342484,0.1927526,0.6190552,-0.04332802,0.760092,0.02174945,0.02174945,0.02174945
-8587874339677389649
StretchableCube-Orange:-0.08735576,0.7878695,0.392624,0.5702507,0.1940628,0.5951478,0.5319332,0.02003113,0.02003113,0.02003113
StretchableCube-Yellow:0.0883888,0.9032062,0.209446,-0.2703822,0.3453213,-0.1231036,0.8902203,0.01945606,0.01945606,0.01945606
StretchableCube-Blue:-0.05517557,0.844664,0.2342484,0.1927526,0.6190552,-0.04332802,0.760092,0.01888098,0.01888098,0.01888098
-8587874339677226917
StretchableCube-Orange:-0.08735576,0.7878695,0.392624,0.5702507,0.1940628,0.5951478,0.5319332,0.01707939,0.01707939,0.01707939
StretchableCube-Yellow:0.0883888,0.9032062,0.209446,-0.2703822,0.3453213,-0.1231036,0.8902203,0.01652059,0.01652059,0.01652059
StretchableCube-Blue:-0.05517557,0.844664,0.2342484,0.1927526,0.6190552,-0.04332802,0.760092,0.01596179,0.01596179,0.01596179
-8587874339677066279
StretchableCube-Orange:-0.08735576,0.7878695,0.392624,0.5702507,0.1940628,0.5951478,0.5319332,0.01407833,0.01407833,0.01407833
StretchableCube-Yellow:0.0883888,0.9032062,0.209446,-0.2703822,0.3453213,-0.1231036,0.8902203,0.01353605,0.01353605,0.01353605
StretchableCube-Blue:-0.05517557,0.844664,0.2342484,0.1927526,0.6190552,-0.04332802,0.760092,0.01299377,0.01299377,0.01299377
-8587874339676899618
StretchableCube-Orange:-0.08735576,0.7878695,0.392624,0.5702507,0.1940628,0.5951478,0.5319332,0.01102763,0.01102763,0.01102763
StretchableCube-Yellow:0.0883888,0.9032062,0.209446,-0.2703822,0.3453213,-0.1231036,0.8902203,0.01050191,0.01050191,0.01050191
StretchableCube-Blue:-0.05517557,0.844664,0.2342484,0.1927526,0.6190552,-0.04332802,0.760092,0.009976194,0.009976194,0.009976194
-8587874339676737012
StretchableCube-Orange:-0.08735576,0.7878695,0.392624,0.5702507,0.1940628,0.5951478,0.5319332,0.007927226,0.007927226,0.007927226
StretchableCube-Yellow:0.0883888,0.9032062,0.209446,-0.2703822,0.3453213,-0.1231036,0.8902203,0.007418078,0.007418078,0.007418078
StretchableCube-Blue:-0.05517557,0.844664,0.2342484,0.1927526,0.6190552,-0.04332802,0.760092,0.006908925,0.006908925,0.006908925
-8587874339676565786
StretchableCube-Orange:-0.08735576,0.7878695,0.392624,0.5702507,0.1940628,0.5951478,0.5319332,0.004777124,0.004777124,0.004777124
StretchableCube-Yellow:0.0883888,0.9032062,0.209446,-0.2703822,0.3453213,-0.1231036,0.8902203,0.004284543,0.004284543,0.004284543
StretchableCube-Blue:-0.05517557,0.844664,0.2342484,0.1927526,0.6190552,-0.04332802,0.760092,0.003791957,0.003791957,0.003791957
-8587874339676402114
StretchableCube-Orange:-0.08735576,0.7878695,0.392624,0.5702507,0.1940628,0.5951478,0.5319332,0.001577322,0.001577322,0.001577322
StretchableCube-Yellow:0.0883888,0.9032062,0.209446,-0.2703822,0.3453213,-0.1231036,0.8902203,0.001101308,0.001101308,0.001101308
StretchableCube-Blue:-0.05517557,0.844664,0.2342484,0.1927526,0.6190552,-0.04332802,0.760092,0.0006252886,0.0006252886,0.0006252886
-8587874339676238638
StretchableCube-Orange:0.15,0.98,0.3,0.5702507,0.1940628,0.5951478,0.5319332,-0.00167218,-0.00167218,-0.00167218
StretchableCube-Yellow:0,0.98,0.3,-0.2703822,0.3453213,-0.1231036,0.8902203,-0.002131627,-0.002131627,-0.002131627
StretchableCube-Blue:-0.15,0.98,0.3,0.1927526,0.6190552,-0.04332802,0.760092,-0.00259108,-0.00259108,-0.00259108
-8587874339676070382
StretchableCube-Orange:0.15,0.98,0.3,0.5702507,0.1940628,0.5951478,0.5319332,0.001627023,0.001627023,0.001627023
StretchableCube-Yellow:0,0.98,0.3,-0.2703822,0.3453213,-0.1231036,0.8902203,0.001151009,0.001151009,0.001151009
StretchableCube-Blue:-0.15,0.98,0.3,0.1927526,0.6190552,-0.04332802,0.760092,0.0006749891,0.0006749891,0.0006749891
-8587874339675900001
StretchableCube-Orange:0.15,0.98,0.3,0.5702507,0.1940628,0.5951478,0.5319332,0.004976362,0.004976362,0.004976362
StretchableCube-Yellow:0,0.98,0.3,-0.2703822,0.3453213,-0.1231036,0.8902203,0.004483563,0.004483563,0.004483563
StretchableCube-Blue:-0.15,0.98,0.3,0.1927526,0.6190552,-0.04332802,0.760092,0.003990758,0.003990758,0.003990758
-8587874339675737340
StretchableCube-Orange:0.15,0.98,0.3,0.5702507,0.1940628,0.5951478,0.5319332,0.008375183,0.008375183,0.008375183
StretchableCube-Yellow:0,0.98,0.3,-0.2703822,0.3453213,-0.1231036,0.8902203,0.007866036,0.007866036,0.007866036
StretchableCube-Blue:-0.15,0.98,0.3,0.1927526,0.6190552,-0.04332802,0.760092,0.007356883,0.007356883,0.007356883
-8587874339675566140
StretchableCube-Orange:0.15,0.98,0.3,0.5702507,0.1940628,0.5951478,0.5319332,0.01182442,0.01182442,0.01182442
StretchableCube-Yellow:0,0.98,0.3,-0.2703822,0.3453213,-0.1231036,0.8902203,0.01129824,0.01129824,0.01129824
StretchableCube-Blue:-0.15,0.98,0.3,0.1927526,0.6190552,-0.04332802,0.760092,0.01077205,0.01077205,0.01077205
-8587874339675406765
StretchableCube-Orange:0.15,0.98,0.3,0.5702507,0.1940628,0.5951478,0.5319332,0.01532289,0.01532289,0.01532289
StretchableCube-Yellow:0,0.98,0.3,-0.2703822,0.3453213,-0.1231036,0.8902203,0.01478061,0.01478061,0.01478061
StretchableCube-Blue:-0.15,0.98,0.3,0.1927526,0.6190552,-0.04332802,0.760092,0.01423832,0.01423832,0.01423832
-8587874339675244801
StretchableCube-Orange:0.15,0.98,0.3,0.5702507,0.1940628,0.5951478,0.5319332,0.0188715,0.0188715,0.0188715
StretchableCube-Yellow:0,0.98,0.3,-0.2703822,0.3453213,-0.1231036,0.8902203,0.0183122,0.0183122,0.0183122
StretchableCube-Blue:-0.15,0.98,0.3,0.1927526,0.6190552,-0.04332802,0.760092,0.01775289,0.01775289,0.01775289
-8587874339675079778
StretchableCube-Orange:0.15,0.98,0.3,0.5702507,0.1940628,0.5951478,0.5319332,0.02246935,0.02246935,0.02246935
StretchableCube-Yellow:0,0.98,0.3,-0.2703822,0.3453213,-0.1231036,0.8902203,0.02189394,0.02189394,0.02189394
StretchableCube-Blue:-0.15,0.98,0.3,0.1927526,0.6190552,-0.04332802,0.760092,0.02131852,0.02131852,0.02131852
-8587874339674725658
StretchableCube-Orange:0.15,0.98,0.3,0.5702507,0.1940628,0.5951478,0.5319332,0.02615305,0.02615305,0.02615305
StretchableCube-Yellow:0,0.98,0.3,-0.2703822,0.3453213,-0.1231036,0.8902203,0.02554277,0.02554277,0.02554277
StretchableCube-Blue:-0.15,0.98,0.3,0.1927526,0.6190552,-0.04332802,0.760092,0.02493249,0.02493249,0.02493249
-8587874339674556127
StretchableCube-Orange:0.15,0.98,0.3,0.5702507,0.1940628,0.5951478,0.5319332,0.02990546,0.02990546,0.02990546
StretchableCube-Yellow:0,0.98,0.3,-0.2703822,0.3453213,-0.1231036,0.8902203,0.02927826,0.02927826,0.02927826
StretchableCube-Blue:-0.15,0.98,0.3,0.1927526,0.6190552,-0.04332802,0.760092,0.02865105,0.02865105,0.02865105
-8587874339674400333
StretchableCube-Orange:0.15,0.98,0.3,0.5702507,0.1940628,0.5951478,0.5319332,0.03370721,0.03370721,0.03370721
StretchableCube-Yellow:0,0.98,0.3,-0.2703822,0.3453213,-0.1231036,0.8902203,0.0330638,0.0330638,0.0330638
StretchableCube-Blue:-0.15,0.98,0.3,0.1927526,0.6190552,-0.04332802,0.760092,0.03242038,0.03242038,0.03242038
-8587874339674235230
StretchableCube-Orange:0.15,0.98,0.3,0.5702507,0.1940628,0.5951478,0.5319332,0.03755831,0.03755831,0.03755831
StretchableCube-Yellow:0,0.98,0.3,-0.2703822,0.3453213,-0.1231036,0.8902203,0.03689833,0.03689833,0.03689833
StretchableCube-Blue:-0.15,0.98,0.3,0.1927526,0.6190552,-0.04332802,0.760092,0.03623835,0.03623835,0.03623835
-8587874339674064888
StretchableCube-Orange:0.15,0.98,0.3,0.5702507,0.1940628,0.5951478,0.5319332,0.04145912,0.04145912,0.04145912
StretchableCube-Yellow:0,0.98,0.3,-0.2703822,0.3453213,-0.1231036,0.8902203,0.04078257,0.04078257,0.04078257
StretchableCube-Blue:-0.15,0.98,0.3,0.1927526,0.6190552,-0.04332802,0.760092,0.04010602,0.04010602,0.04010602
-8587874339673904762
StretchableCube-Orange:0.15,0.98,0.3,0.5702507,0.1940628,0.5951478,0.5319332,0.04540998,0.04540998,0.04540998
StretchableCube-Yellow:0,0.98,0.3,-0.2703822,0.3453213,-0.1231036,0.8902203,0.04471669,0.04471669,0.04471669
StretchableCube-Blue:-0.15,0.98,0.3,0.1927526,0.6190552,-0.04332802,0.760092,0.04402339,0.04402339,0.04402339
-8587874339673740438
StretchableCube-Orange:0.15,0.98,0.3,0.5702507,0.1940628,0.5951478,0.5319332,0.04941046,0.04941046,0.04941046
StretchableCube-Yellow:0,0.98,0.3,-0.2703822,0.3453213,-0.1231036,0.8902203,0.04870073,0.04870073,0.04870073
StretchableCube-Blue:-0.15,0.98,0.3,0.1927526,0.6190552,-0.04332802,0.760092,0.04799101,0.04799101,0.04799101
-8587874339673565298
StretchableCube-Orange:0.15,0.98,0.3,0.5702507,0.1940628,0.5951478,0.5319332,0.05346046,0.05346046,0.05346046
StretchableCube-Yellow:0,0.98,0.3,-0.2703822,0.3453213,-0.1231036,0.8902203,0.05273419,0.05273419,0.05273419
StretchableCube-Blue:-0.15,0.98,0.3,0.1927526,0.6190552,-0.04332802,0.760092,0.05200791,0.05200791,0.05200791
-8587874339673399272
-8587874339673238419
-8587874339673077725
-8587874339672907702
-8587874339672737477
-8587874339672578258
-8587874339672407726
-8587874339672247119
-8587874339672076060
-8587874339671917611
-8587874339671747010
-8587874339671587063
-8587874339671416250
-8587874339671256047
-8587874339671091434
-8587874339670920955
-8587874339670755787
-8587874339670588844
-8587874339670427069
-8587874339670255027
-8587874339670088491
-8587874339669927994
-8587874339669757795
-8587874339669587457
-8587874339669427306
-8587874339669267027
-8587874339669096869
-8587874339668936738
-8587874339668766672
-8587874339668596506
-8587874339668436339
-8587874339668266183
-8587874339668106060
-8587874339667935713
-8587874339667776212
-8587874339667609473
-8587874339667439633
-8587874339667277656
-8587874339667108312
-8587874339666942426
-8587874339666783629
-8587874339666616039
-8587874339666443707
-8587874339666283561
-8587874339666119920
-8587874339665952076
-8587874339665782023
-8587874339665616956
-8587874339665449576
-8587874339665286936
-8587874339665123744
-8587874339664953122
-8587874339664792907
-8587874339664626560
-8587874339664457761
-8587874339664293806
-8587874339664126638
-8587874339663963404
-8587874339663796423
-8587874339663631730
-8587874339663467135
-8587874339663296457
-8587874339663136034
-8587874339662965154
-8587874339662806728
-8587874339662635971
-8587874339662477179
-8587874339662302669
-8587874339662142277
-8587874339661971647
-8587874339661805291
-8587874339661644748
-8587874339661481993
-8587874339661311292
-8587874339661150890
-8587874339660982710
-8587874339660815537
-8587874339660655242
-8587874339660479419
-8587874339660314900
-8587874339660154951
-8587874339659984140
-8587874339659817026
-8587874339659656921
-8587874339659486478
-8587874339659327883
-8587874339659157239
-8587874339658994852
-8587874339658824784
-8587874339658664650
-8587874339658491489
-8587874339658331044
-8587874339658166574
-8587874339657996679
-8587874339657836523
-8587874339657666362
-8587874339657496301
-8587874339657336162
-8587874339657175891
-8587874339657005720
-8587874339656835671
-8587874339656675364
-8587874339656509258
-8587874339656346434
-8587874339656176261
-8587874339656010518
-8587874339655841415
-8587874339655679612
-8587874339655518557
-8587874339655338377
-8587874339655178074
-8587874339655007274
-8587874339654841401
-8587874339654678096
-8587874339654505687
-8587874339654346639
-8587874339654179297
-8587874339654018897
-8587874339653848319
-8587874339653688616
-8587874339653517979
-8587874339653347844
-8587874339653186986
-8587874339653020117
-8587874339652855232
-8587874339652689203
-8587874339652528896
-8587874339652358886
-8587874339652188242
-8587874339652028003
-8587874339651860710
-8587874339651700100
-8587874339651530205
-8587874339651360421
-8587874339651200114
-8587874339651033654
-8587874339650863514
-8587874339650696878
-8587874339650536717
-8587874339650366960
-8587874339650200419
-8587874339650040235
-8587874339649858854
-8587874339649708540
-8587874339649528193
-8587874339649367978
-8587874339649197436
-8587874339649033916
-8587874339648872075
-8587874339648701914
-8587874339648532800
-8587874339648372646
-8587874339648202227
-8587874339648044922
-8587874339647874475
-8587874339647704237
-8587874339647543945
-8587874339647373782
-8587874339647213469
-8587874339647042428
-8587874339646882159
-8587874339646713477
-8587874339646553434
-8587874339646383275
-8587874339646223122
-8587874339646052958
-8587874339645882795
-8587874339645722638
-8587874339645552478
-8587874339645382314
-8587874339645222032
-8587874339645050707
-8587874339644890174
-8587874339644719916
-8587874339644555162
-8587874339644394685
-8587874339644223956
-8587874339644063508
-8587874339643893347
-8587874339643733196
-8587874339643562861
-8587874339643398196
-8587874339643227902
-8587874339643068924
-8587874339642897680
-8587874339642735371
-8587874339642564006
-8587874339642403609
-8587874339642233154
-8587874339642073144
-8587874339641910655
-8587874339641740543
-8587874339641576058
-8587874339641405951
-8587874339641235667
-8587874339641075511
-8587874339640915362
-8587874339640745058
-8587874339640585129
-8587874339640414953
-8587874339640254914
-8587874339640084613
-8587874339639914337
-8587874339639754295
-8587874339639583687
-8587874339639411997
-8587874339639251557
-8587874339639090753
-8587874339638920746
-8587874339638760827
-8587874339638590810
-8587874339638424706
-8587874339638259671
-8587874339638094197
-8587874339637934307
-8587874339637756981
-8587874339637600593
-8587874339637429193
-8587874339637265588
-8587874339637097982
-8587874339636935140
-8587874339636767094
-8587874339636596931
-8587874339636436854
-8587874339636271206
-8587874339636100088
-8587874339635939844
-8587874339635770316
-8587874339635609809
-8587874339635436353
-8587874339635277738
-8587874339635107447
-8587874339634947311
-8587874339634777242
-8587874339634607084
-8587874339634446807
-8587874339634276766
-8587874339634116497
-8587874339633946452
-8587874339633786293
-8587874339633621928
-8587874339633451265
-8587874339633290300
-8587874339633122177
-8587874339632953055
-8587874339632794811
-8587874339632628055
-8587874339632452111
-8587874339632291922
-8587874339632123904
-8587874339631963737
-8587874339631793604
-8587874339631633358
-8587874339631466999
-8587874339631296628
-8587874339631123183
-8587874339630957305
-8587874339630796923
-8587874339630626693
-8587874339630461371
-8587874339630290834
-8587874339630132910
-8587874339629960025
-8587874339629799766
-8587874339629634101
-8587874339629463441
-8587874339629303110
-8587874339629132517
-8587874339628964829
-8587874339628806726
-8587874339628636795
-8587874339628477437
-8587874339628307205
-8587874339628146636
-8587874339627973834
-8587874339627813193
-8587874339627643355
-8587874339627482154
-8587874339627311904
-8587874339627144817
-8587874339626980504
-8587874339626816535
-8587874339626656005
-8587874339626485548
-8587874339626305351
-8587874339626154670
-8587874339625984317
-8587874339625824132
-8587874339625652822
-8587874339625491933
-8587874339625321296
-8587874339625155498
-8587874339624995009
-8587874339624833234
-8587874339624662743
-8587874339624495084
-8587874339624331095
-8587874339624170549
-8587874339623999912
-8587874339623829467
-8587874339623669516
-8587874339623499357
-8587874339623339201
-8587874339623168902
-8587874339623008751
-8587874339622838715
-8587874339622678449
-8587874339622508406
-8587874339622348132
-8587874339622177989
-8587874339622007884
-8587874339621847111
-8587874339621677334
-8587874339621513125
-8587874339621348374
-8587874339621183553
-8587874339621017677
-8587874339620857485
-8587874339620687358
-8587874339620526697
-8587874339620356490
-8587874339620186058
-8587874339620026060
-8587874339619856204
-8587874339619696585
-8587874339619526294
-8587874339619363227
-8587874339619192897
-8587874339619032602
-8587874339618865862
-8587874339618702144
-8587874339618528881
-8587874339618362941
-8587874339618199129
-8587874339618038563
-8587874339617873195
-8587874339617708185
-8587874339617537307
-8587874339617377926
-8587874339617207875
-8587874339617042471
-8587874339616872136
-8587874339616702298
-8587874339616539945
-8587874339616374175
-8587874339616203875
-8587874339616043348
-8587874339615872757
-8587874339615712365
-8587874339615545179
-8587874339615384677
-8587874339615214140
-8587874339615043861
-8587874339614883313
-8587874339614711342
-8587874339614550326
-8587874339614380006
-8587874339614224005
-8587874339614053716
-8587874339613889136
-8587874339613728375
-8587874339613555854
-8587874339613388801
-8587874339613228514
-8587874339613057870
-8587874339612896963
-8587874339612726298
-8587874339612561088
-8587874339612400875
-8587874339612233141
-8587874339612063004
-8587874339611902942
-8587874339611732779
-8587874339611567430
-8587874339611402597
-8587874339611234901
-8587874339611069730
-8587874339610909456
-8587874339610739298
-8587874339610575870
-8587874339610408136
-8587874339610247721
-8587874339610075443
-8587874339609914994
-8587874339609744946
-8587874339609584209
-8587874339609414619
-8587874339609253792
-8587874339609083121
-8587874339608922622
-8587874339608754809
-8587874339608583168
-8587874339608422763
-8587874339608258649
-8587874339608087905
-8587874339607927149
-8587874339607760020
-8587874339607596937
-8587874339607426784
-8587874339607261666
-8587874339607094690
-8587874339606929910
-8587874339606761255
-8587874339606596987
-8587874339606431465
-8587874339606262041
-8587874339606106196
-8587874339605933063
-8587874339605766107
-8587874339605602579
-8587874339605441944
-8587874339605277564
-8587874339605111092
-8587874339604940081
-8587874339604779766
-8587874339604608502
-8587874339604441021
-8587874339604281249
-8587874339604113377
-8587874339603953523
-8587874339603782783
-8587874339603622291
-8587874339603451570
-8587874339603281232
-8587874339603118547
-8587874339602958549
-8587874339602793616
-8587874339602628022
-8587874339602459000
-8587874339602287247
-8587874339602127132
-8587874339601956935
-8587874339601796205
-8587874339601632109
-8587874339601461743
-8587874339601298502
-8587874339601132005
-8587874339600971592
-8587874339600800456
-8587874339600635169
-8587874339600465114
-8587874339600299835
-8587874339600138383
-8587874339599968138
-8587874339599807981
-8587874339599637797
-8587874339599477641
-8587874339599307600
-8587874339599148192
-8587874339598977649
-8587874339598806633
-8587874339598643641
-8587874339598477594
-8587874339598318983
-8587874339598148825
-8587874339597978726
-8587874339597818572
-8587874339597648245
-8587874339597483229
-8587874339597318690
-8587874339597158570
-8587874339596985867
-8587874339596827321
-8587874339596658222
-8587874339596488172
-8587874339596325744
-8587874339596158569
-8587874339595998084
-8587874339595835442
-8587874339595665125
-8587874339595498057
-8587874339595338098
-8587874339595167898
-8587874339595001444
-8587874339594837671
-8587874339594674294
-8587874339594504220
-8587874339594336632
-8587874339594176202
-8587874339594012930
-8587874339593842639
-8587874339593670663
-8587874339593512959
-8587874339593342135
-8587874339593176170
-8587874339593016897
-8587874339592847053
-8587874339592686736
-8587874339592517604
-8587874339592347300
-8587874339592187215
-8587874339592016373
-8587874339591858278
-8587874339591687451
-8587874339591527269
-8587874339591358939
-8587874339591188340
-8587874339591021968
-8587874339590856218
-8587874339590692752
-8587874339590532659
-8587874339590365655
-8587874339590195346
-8587874339590034849
-8587874339589863564
-8587874339589694547
-8587874339589536705
-8587874339589368667
-8587874339589205497
-8587874339589035318
-8587874339588870160
-8587874339588708693
-8587874339588538529
-8587874339588348344
-8587874339588208212
-8587874339588048058
-8587874339587877897
-8587874339587717513
-8587874339587543950
-8587874339587384708
-8587874339587218210
-8587874339587047361
-8587874339586885873
-8587874339586718549
-8587874339586547830
-8587874339586388751
-8587874339586224343
-8587874339586057866
-8587874339585887387
-8587874339585727141
-8587874339585556077
-8587874339585388955
-8587874339585228906
-8587874339585063594
-8587874339584892867
-8587874339584732849
-8587874339584562250
-8587874339584402345
-8587874339584232276
-8587874339584068477
-8587874339583898526
-8587874339583736931
-8587874339583566235
-8587874339583401885
-8587874339583230862
-8587874339583070424
-8587874339582909842
-8587874339582740135
-8587874339582579666
-8587874339582408719
-8587874339582248153
-8587874339582077949
-8587874339581917790
-8587874339581747604
-8587874339581588556
-8587874339581415074
-8587874339581254951
-8587874339581084954
-8587874339580919681
-8587874339580759166
-8587874339580588657
-8587874339580427855
-8587874339580256857
-8587874339580090949
-8587874339579928880
-8587874339579758606
-8587874339579598363
-8587874339579427642
-8587874339579267117
-8587874339579098297
-8587874339578937537
-8587874339578767514
-8587874339578587341
-8587874339578420380
-8587874339578254907
-8587874339578088959
-8587874339577924676
-8587874339577764523
-8587874339577594359
-8587874339577424196
-8587874339577264039
-8587874339577093879
-8587874339576933604
-8587874339576763561
-8587874339576603280
-8587874339576433244
-8587874339576272765
-8587874339576106867
-8587874339575936806
-8587874339575766138
-8587874339575605779
-8587874339575441926
-8587874339575274994
-8587874339575114673
-8587874339574939615
-8587874339574777465
-8587874339574616973
-8587874339574446899
-8587874339574286497
-8587874339574116421
-8587874339573953220
-8587874339573785829
-8587874339573614962
-8587874339573454783
-8587874339573289337
-8587874339573118867
-8587874339572954796
-8587874339572785403
-8587874339572625362
-8587874339572452459
-8587874339572292109
-8587874339572131942
-8587874339571961620
-8587874339571792754
-8587874339571630555
-8587874339571460438
-8587874339571300793
-8587874339571130599
-8587874339570972411
-8587874339570802118
-8587874339570635136
-8587874339570475264
-8587874339570305318
-8587874339570140605
-8587874339569970357
-8587874339569789846
-8587874339569625136
-8587874339569458748
-8587874339569287812
-8587874339569137698
-8587874339568967517
-8587874339568813719
-8587874339568643653
-8587874339568470838
-8587874339568312248
-8587874339568138398
-8587874339567978224
-8587874339567812264
-8587874339567649146
-8587874339567478796
-8587874339567318191
-8587874339567147482
-8587874339566987452
-8587874339566821714
-8587874339566651692
-8587874339566486838
-8587874339566316723
-8587874339566166586
-8587874339565996502
-8587874339565836272
-8587874339565666106
-8587874339565495899
-8587874339565335789
-8587874339565165722
-8587874339565005564
-8587874339564834852
-8587874339564675026
-8587874339564504579
-8587874339564338204
-8587874339564178068
-8587874339564007462
-8587874339563846947
-8587874339563676569
-8587874339563513371
-8587874339563346643
-8587874339563177050
-8587874339563016357
-8587874339562846761
-8587874339562680000
-8587874339562514680
-8587874339562354683
-8587874339562184394
-8587874339562025940
-8587874339561855625
-8587874339561693777
-8587874339561523209
-8587874339561362889
-8587874339561193115
-8587874339561022951
-8587874339560862713
-8587874339560699477
-8587874339560529405
-8587874339560369224
-8587874339560199058
-8587874339560034070
-8587874339559873361
-8587874339559703776
-8587874339559533249
-8587874339559372550
-8587874339559204046
-8587874339559043746
-8587874339558873728
-8587874339558707057
-8587874339558529311
-8587874339558361139
-8587874339558199114
-8587874339558036510
-8587874339557865771
-8587874339557705507
-8587874339557535384
-8587874339557368232
-8587874339557207909
-8587874339557037287
-8587874339556872159
-8587874339556702236
-8587874339556532076
-8587874339556371894
-8587874339556201728
-8587874339556031595
-8587874339555868615
-8587874339555705865
-8587874339555535413
-8587874339555373938
-8587874339555201719
-8587874339555041102
-8587874339554870907
-8587874339554710899
-8587874339554540634
-8587874339554380582
-8587874339554210301
-8587874339554050145
-8587874339553880097
-8587874339553709941
-8587874339553539606
-8587874339553379618
-8587874339553209319
-8587874339553049301
-8587874339552875830
-8587874339552719312
-8587874339552548552
-8587874339552378368
-8587874339552218232
-8587874339552048089
-8587874339551886945
-8587874339551717311
-8587874339551552306
-8587874339551391576
-8587874339551221413
-8587874339551056725
-8587874339550896625
-8587874339550722379
-8587874339550557468
-8587874339550399196
-8587874339550188807
-8587874339550029183
-8587874339549863572
-8587874339549693541
-8587874339549533242
-8587874339549363132
-8587874339549194679
-8587874339549034479
-8587874339548868839
-8587874339548698711
-8587874339548534907
-8587874339548363996
-8587874339548207795
-8587874339548037637
-8587874339547873026
-8587874339547712711
-8587874339547545647
-8587874339547375371
-8587874339547214370
-8587874339547047274
-8587874339546883188
-8587874339546713086
-8587874339546553339
-8587874339546385298
-8587874339546218928
-8587874339546055270
-8587874339545884945
-8587874339545720137
-8587874339545550875
-8587874339545390752
-8587874339545220550
-8587874339545060394
-8587874339544897191
-8587874339544727076
-8587874339544562793
-8587874339544392448
-8587874339544232245
-8587874339544062195
-8587874339543902041
-8587874339543731877
-8587874339543571729
-8587874339543401560
-8587874339543231402
-8587874339543071248
-8587874339542901085
-8587874339542740926
-8587874339542570760
-8587874339542400604
-8587874339542240445
-8587874339542070264
-8587874339541903577
-8587874339541738326
-8587874339541578052
-8587874339541407886
-8587874339541247020
-8587874339541077059
-8587874339540916882
-8587874339540746722
-8587874339540576791
-8587874339540412073
-8587874339540242867
-8587874339540077890
-8587874339539912258
-8587874339539750775
-8587874339539581572
-8587874339539412087
-8587874339539251460
-8587874339539081340
-8587874339538920740
-8587874339538758129
-8587874339538587761
-8587874339538422418
-8587874339538260109
-8587874339538089507
-8587874339537927710
-8587874339537747068
-8587874339537596666
-8587874339537426597
-8587874339537265890
-8587874339537095722
-8587874339536930962
-8587874339536766902
-8587874339536606190
-8587874339536435663
-8587874339536275466
-8587874339536106452
-8587874339535945192
-8587874339535774051
-8587874339535612499
-8587874339535442157
-8587874339535277986
-8587874339535107137
-8587874339534947003
-8587874339534776121
-8587874339534610629
-8587874339534450286
-8587874339534282020
-8587874339534120327
-8587874339533949647
-8587874339533788948
-8587874339533618738
-8587874339533457803
-8587874339533287484
-8587874339533116972
-8587874339532956391
-8587874339532789146
-8587874339532630472
-8587874339532459912
-8587874339532289485
-8587874339532130473
-8587874339531960301
-8587874339531800148
-8587874339531629882
-8587874339531469713
-8587874339531299659
-8587874339531139395
-8587874339530969227
-8587874339530799186
-8587874339530638892
-8587874339530476419
-8587874339530307095
-8587874339530138332
-8587874339529970178
-8587874339529812346
-8587874339529639193
-8587874339529471691
-8587874339529307060
-8587874339529151381
-8587874339528980849
-8587874339528818983
-8587874339528648310
-8587874339528486060
-8587874339528315325
-8587874339528157322
-8587874339527987225
-8587874339527825894
-8587874339527653014
-8587874339527485620
-8587874339527326913
-8587874339527156816
-8587874339526989884
-8587874339526829594
-8587874339526661517
-8587874339526500780
-8587874339526330178
-8587874339526169635
-8587874339525999370
-8587874339525829414
-8587874339525669685
-8587874339525503008
-8587874339525333011
-8587874339525170707
-8587874339525003731
-8587874339524833634
-8587874339524667336
-8587874339524505416
-8587874339524343634
-8587874339524167600
-8587874339524012525
-8587874339523837478
-8587874339523670663
-8587874339523510173
-8587874339523345317
-8587874339523179411
-8587874339523009130
-8587874339522849229
-8587874339522679112
-8587874339522518907
-8587874339522348549
-8587874339522188142
-8587874339522017720
-8587874339521847431
-8587874339521687341
-8587874339521526061
-8587874339521356353
-8587874339521186105
-8587874339521025946
-8587874339520855727
-8587874339520696947
-8587874339520526787
-8587874339520366512
-8587874339520196344
-8587874339520026206
-8587874339519866152
-8587874339519695955
-8587874339519530717
-8587874339519335425
-8587874339519201698
-8587874339519034215
-8587874339518868168
-8587874339518704469
-8587874339518536451
-8587874339518376010
-8587874339518211494
-8587874339518041919
-8587874339517881743
-8587874339517711147
-8587874339517543364
-8587874339517382603
-8587874339517219019
-8587874339517048582
-8587874339516888044
-8587874339516717717
-8587874339516553024
-8587874339516389972
-8587874339516219287
-8587874339516058741
-8587874339515889796
-8587874339515724469
-8587874339515559976
-8587874339515390084
-8587874339515229991
-8587874339515063361
-8587874339514893786
-8587874339514733323
-8587874339514568940
-8587874339514395218
-8587874339514230668
-8587874339514065013
-8587874339513904616
-8587874339513734051
-8587874339513570881
-8587874339513403531
-8587874339513240073
-8587874339513069894
-8587874339512909860
-8587874339512739587
-8587874339512579287
-8587874339512413478
-8587874339512239964
-8587874339512079871
-8587874339511909711
-8587874339511749554
-8587874339511579276
-8587874339511419091
-8587874339511250789
-8587874339511080628
-8587874339510920315
-8587874339510749891
-8587874339510587144
-8587874339510422584
-8587874339510253317
-8587874339510092400
-8587874339509922191
-8587874339509761863
-8587874339509598647
-8587874339509428440
-8587874339509259063
-8587874339509099001
-8587874339508928838
-8587874339508768576
-8587874339508598352
-8587874339508431478
-8587874339508261867
-8587874339508106076
-8587874339507935892
-8587874339507775712
-8587874339507608659
-8587874339507437705
-8587874339507277554
-8587874339507107139
-8587874339506945268
-8587874339506780086
-8587874339506606254
-8587874339506435886
-8587874339506275730
-8587874339506112064
-8587874339505943114
-8587874339505773060
-8587874339505612528
-8587874339505442595
-8587874339505282500
-8587874339505112193
-8587874339504942029
-8587874339504772014
-8587874339504607130
-8587874339504436982
-8587874339504276467
-8587874339504106457
-8587874339503945922
-8587874339503774563
-8587874339503607830
-8587874339503444166
-8587874339503278360
-8587874339503116816
-8587874339502946110
-8587874339502783952
-8587874339502618614
-8587874339502448617
-8587874339502283445
-8587874339502123297
-8587874339501952639
-8587874339501789872
-8587874339501625043
-8587874339501463231
-8587874339501298064
-8587874339501122318
-8587874339500962274
-8587874339500791686
-8587874339500630905
-8587874339500460255
-8587874339500295885
-8587874339500135178
-8587874339499965401
-8587874339499805216
-8587874339499634311
-8587874339499474003
-8587874339499300816
-8587874339499143545
-8587874339498976372
-8587874339498807496
-8587874339498647191
-8587874339498476964
-8587874339498307614
-8587874339498149007
-8587874339497981821
-8587874339497809271
-8587874339497649102
-8587874339497478941
-8587874339497318788
-8587874339497148632
-8587874339496988470
-8587874339496818320
-8587874339496658151
-8587874339496488003
-8587874339496325463
-8587874339496155412
-8587874339495995317
-8587874339495825113
-8587874339495654460
-8587874339495497140
-8587874339495326969
-8587874339495158460
-8587874339494994980
-8587874339494832415
-8587874339494667556
-8587874339494499067
-8587874339494331937
-8587874339494171072
-8587874339494000929
-8587874339493830688
-8587874339493674106
-8587874339493501285
-8587874339493342834
-8587874339493172937
-8587874339493007750
-8587874339492840917
-8587874339492680497
-8587874339492509980
-8587874339492343104
-8587874339492177879
-8587874339492008819
-8587874339491848406
-8587874339491686686
-8587874339491516113
-8587874339491351712
-8587874339491185079
-8587874339491024950
-8587874339490854856
-8587874339490689375
-8587874339490520466
-8587874339490359588
-8587874339490190261
-8587874339490030018
-8587874339489860423
-8587874339489699760
-8587874339489529983
-8587874339489361092
-8587874339489199676
-8587874339489032316
-8587874339488871834
-8587874339488701067
-8587874339488540680
-8587874339488368819
-8587874339488208174
-8587874339488042365
-8587874339487875696
-8587874339487708164
-8587874339487541065
-8587874339487377430
-8587874339487206805
-8587874339487045100
-8587874339486875034
-8587874339486718856
-8587874339486545961
-8587874339486380395
-8587874339486218974
-8587874339486048798
-8587874339485883473
-8587874339485720567
-8587874339485550401
-8587874339485390232
-8587874339485220084
-8587874339485049921
-8587874339484889437
-8587874339484729664
-8587874339484559276
-8587874339484399040
-8587874339484228766
-8587874339484058201
-8587874339483898900
-8587874339483731435
-8587874339483564033
-8587874339483397393
-8587874339483227590
-8587874339483067160
-8587874339482907541
-8587874339482734298
-8587874339482564606
-8587874339482408082
-8587874339482206809
-8587874339482080033
-8587874339481907762
-8587874339481747816
-8587874339481577463
-8587874339481417148
-8587874339481252046
-8587874339481086339
-8587874339480916227
-8587874339480750331
-8587874339480580769
-8587874339480415931
-8587874339480255629
-8587874339480089863
-8587874339479919846
-8587874339479759318
-8587874339479588940
-8587874339479422555
-8587874339479261899
-8587874339479092143
-8587874339478929621
-8587874339478758920
-8587874339478594404
-8587874339478434253
-8587874339478264010
-8587874339478103416
-8587874339477933245
-8587874339477772986
-8587874339477602692
-8587874339477440385
-8587874339477269764
-8587874339477109646
-8587874339476941121
-8587874339476770596
-8587874339476600940
-8587874339476440806
-8587874339476280491
-8587874339476108236
-8587874339475947568
-8587874339475780612
-8587874339475615218
-8587874339475446335
-8587874339475278716
-8587874339475116683
-8587874339474941272
-8587874339474791012
-8587874339474620961
-8587874339474450803
-8587874339474290552
-8587874339474120483
-8587874339473960327
-8587874339473790169
-8587874339473630012
-8587874339473459805
-8587874339473295617
-8587874339473129964
-8587874339472959914
-8587874339472799811
-8587874339472629968
-8587874339472463204
-8587874339472302873
-8587874339472129861
-8587874339471967326
-8587874339471809179
-8587874339471639167
-8587874339471474815
-8587874339471304731
-8587874339471144546
-8587874339470979774
-8587874339470808794
-8587874339470643748
-8587874339470476895
-8587874339470309616
-8587874339470151390
-8587874339469985013
-8587874339469820495
-8587874339469649781
-8587874339469481821
-8587874339469321755
-8587874339469156560
-8587874339468989369
-8587874339468823634
-8587874339468653627
-8587874339468487434
-8587874339468327099
-8587874339468163581
-8587874339467988702
-8587874339467828387
-8587874339467663507
-8587874339467493339
-8587874339467336800
-8587874339467166106
-8587874339466996772
-8587874339466831332
-8587874339466669282
-8587874339466499361
-8587874339466336548
-8587874339466166236
-8587874339466007080
-8587874339465836377
-8587874339465675491
-8587874339465507811
-8587874339465339626
-8587874339465173986
-8587874339465006467
-8587874339464845771
-8587874339464678075
-8587874339464517732
-8587874339464344873
-8587874339464184560
-8587874339464016624
-8587874339463856273
-8587874339463687815
-8587874339463517677
-8587874339463357605
-8587874339463187337
-8587874339463027183
-8587874339462857137
-8587874339462696866
-8587874339462526807
-8587874339462356654
-8587874339462196382
-8587874339462026137
-8587874339461861800
-8587874339461702056
-8587874339461536457
-8587874339461366153
-8587874339461205200
-8587874339461034886
-8587874339460866000
-8587874339460707298
-8587874339460536533
-8587874339460370273
-8587874339460205184
-8587874339460045071
-8587874339459874841
-8587874339459705356
-8587874339459542174
-8587874339459380379
-8587874339459210131
-8587874339459048323
-8587874339458879952
-8587874339458719537
-8587874339458548728
-8587874339458388516
-8587874339458218229
-8587874339458046374
-8587874339457887295
-8587874339457726504
-8587874339457560099
-8587874339457392375
-8587874339457227027
-8587874339457056200
-8587874339456891280
-8587874339456731116
-8587874339456557839
-8587874339456397212
-8587874339456226764
-8587874339456066772
-8587874339455900912
-8587874339455730695
-8587874339455570131
-8587874339455405508
-8587874339455235454
-8587874339455059928
-8587874339454899336
-8587874339454740406
-8587874339454569961
-8587874339454406121
-8587874339454243074
-8587874339454077224
-8587874339453911787
-8587874339453749260
-8587874339453578997
-8587874339453418280
-8587874339453247072
-8587874339453086521
-8587874339452916104
-8587874339452750848
-8587874339452590692
-8587874339452420101
-8587874339452250178
-8587874339452087500
-8587874339451927370
-8587874339451757296
-8587874339451597029
-8587874339451426971
-8587874339451256702
-8587874339451096574
-8587874339450926406
-8587874339450766254
-8587874339450599480
-8587874339450429115
-8587874339450268766
-8587874339450103165
-8587874339449932548
-8587874339449772026
-8587874339449604300
-8587874339449440421
-8587874339449270114
-8587874339449109894
-8587874339448940004
-8587874339448779543
-8587874339448608924
-8587874339448448299
-8587874339448284275
-8587874339448118287
-8587874339447947914
-8587874339447781844
-8587874339447621045
-8587874339447450154
-8587874339447282589
-8587874339447122190
-8587874339446956504
-8587874339446786340
-8587874339446624635
-8587874339446453530
-8587874339446294489
-8587874339446127508
-8587874339445957022
-8587874339445796338
-8587874339445626864
-8587874339445466820
-8587874339445296871
-8587874339445127307
-8587874339444966677
-8587874339444801030
-8587874339444630766
-8587874339444466550
-8587874339444300777
-8587874339444136110
-8587874339443975549
-8587874339443806891
-8587874339443636924
-8587874339443474628
-8587874339443304449
-8587874339443143714
-8587874339442973973
-8587874339442814577
-8587874339442644009
-8587874339442478625
-8587874339442313139
-8587874339442151385
-8587874339441984813
-8587874339441822996
-8587874339441652236
-8587874339441481215
-8587874339441327179
-8587874339441157129
-8587874339440987833
-8587874339440819940
-8587874339440659789
-8587874339440489626
-8587874339440329472
-8587874339440159308
-8587874339439999155
-8587874339439828991
-8587874339439668837
-8587874339439498674
-8587874339439328508
-8587874339439169299
-8587874339439005538
-8587874339438835441
-8587874339438665098
-8587874339438507023
-8587874339438336932
-8587874339438171722
-8587874339438009046
-8587874339437845286
-8587874339437679607
-8587874339437508742
-8587874339437348699
-8587874339437177306
-8587874339437009964
-8587874339436849065
-8587874339436678884
-8587874339436516214
-8587874339436355225
-8587874339436187666
-8587874339436017057
-8587874339435856506
-8587874339435686345
-8587874339435515857
-8587874339435359187
-8587874339435188768
-8587874339435026927
-8587874339434855442
-8587874339434695115
-8587874339434524951
-8587874339434365977
-8587874339434197033
-8587874339434027202
-8587874339433867046
-8587874339433696882
-8587874339433531498
-8587874339433371083
-8587874339433201084
-8587874339433035526
-8587874339432875382
-8587874339432703565
-8587874339432543411
-8587874339432371410
-8587874339432211133
-8587874339432041103
-8587874339431878312
-8587874339431708400
-8587874339431550775
-8587874339431376508
-8587874339431217959
-8587874339431052747
-8587874339430885837
-8587874339430715779
-8587874339430544417
-8587874339430385677
-8587874339430219763
-8587874339430045263
-8587874339429885885
-8587874339429725813
-8587874339429557395
-8587874339429386303
-8587874339429215963
-8587874339429055814
-8587874339428895660
-8587874339428725387
-8587874339428565343
-8587874339428395179
-8587874339428224988
-8587874339428064867
-8587874339427894699
-8587874339427730897
-8587874339427560641
-8587874339427401824
-8587874339427233314
-8587874339427072912
-8587874339426902866
-8587874339426736940
-8587874339426574999
-8587874339426406658
-8587874339426237977
-8587874339426072238
-8587874339425912155
-8587874339425741552
-8587874339425567279
-8587874339425416600
-8587874339425247919
-8587874339425077748
-8587874339424917277
-8587874339424747167
-8587874339424586729
-8587874339424419860
-8587874339424249436
-8587874339424091484
-8587874339423927940
-8587874339423757736
-8587874339423587066
-8587874339423420159
-8587874339423257703
-8587874339423091564
-8587874339422931423
-8587874339422761165
-8587874339422596872
-8587874339422426880
-8587874339422266132
-8587874339422095605
-8587874339421932838
-8587874339421771468
-8587874339421601880
-8587874339421436663
-8587874339421276133
-8587874339421101891
-8587874339420941179
-8587874339420770816
-8587874339420610629
-8587874339420438674
-8587874339420281346
-8587874339420110758
-8587874339419950274
-8587874339419783549
-8587874339419613406
-8587874339419442664
-8587874339419281483
-8587874339419120979
-8587874339418949738
-8587874339418781822
-8587874339418621409
-8587874339418450880
-8587874339418292843
-8587874339418122155
-8587874339417951812
-8587874339417791710
-8587874339417631538
-8587874339417461375
-8587874339417291332
-8587874339417131057
-8587874339416961012
-8587874339416800858
-8587874339416625559
-8587874339416464538
-8587874339416304361
-8587874339416132866
-8587874339415966696
-8587874339415802080
-8587874339415641596
-8587874339415468993
-8587874339415309533
-8587874339415140558
-8587874339414973028
-8587874339414812432
-8587874339414642238
-8587874339414480049
-8587874339414309895
-8587874339414147901
-8587874339413979885
-8587874339413812884
-8587874339413652118
-8587874339413487456
-8587874339413323191
-8587874339413157254
-8587874339412987229
-8587874339412816751
-8587874339412656341
-8587874339412490936
-8587874339412330173
-8587874339412159664
-8587874339411998822
-8587874339411827750
-8587874339411657041
-8587874339411496142
-8587874339411336854
-8587874339411164675
-8587874339410996685
-8587874339410832215
-8587874339410668209
-8587874339410504947
-8587874339410334702
-8587874339410169118
-8587874339410009238
-8587874339409842531
-8587874339409672511
-8587874339409511871
-8587874339409348251
-8587874339409177785
-8587874339409007673
-8587874339408843121
-8587874339408678590
-8587874339408516242
-8587874339408349222
-8587874339408179514
-8587874339408013567
-8587874339407847474
-8587874339407681614
-8587874339407516210
-8587874339407355777
-8587874339407185944
-8587874339407025854
-8587874339406855824
-8587874339406695944
-8587874339406525819
-8587874339406356795
-8587874339406196531
-8587874339406026367
-8587874339405866208
-8587874339405696035
-8587874339405535866
-8587874339405360664
-8587874339405200526
-8587874339405035175
-8587874339404875019
-8587874339404701381
-8587874339404540992
-8587874339404376271
-8587874339404208233
-8587874339404038991
-8587874339403878514
-8587874339403709434
-8587874339403542033
-8587874339403381544
-8587874339403216938
-8587874339403052834
-8587874339402887215
-8587874339402719496
-8587874339402550159
-8587874339402381361
-8587874339402223426
-8587874339402052615
-8587874339401891261
-8587874339401725442
-8587874339401555183
-8587874339401395053
-8587874339401224669
-8587874339401064326
-8587874339400894091
-8587874339400723472
-8587874339400559260
-8587874339400394972
-8587874339400228984
-8587874339400068825
-8587874339399898651
-8587874339399728066
-8587874339399567628
-8587874339399407141
-8587874339399235262
-8587874339399072623
-8587874339398902662
-8587874339398742469
-8587874339398572007
-8587874339398405332
-8587874339398244713
-8587874339398078420
-8587874339397908331
-8587874339397750806
-8587874339397578976
-8587874339397418571
-8587874339397247791
-8587874339397087750
-8587874339396917551
-8587874339396757036
-8587874339396587134
-8587874339396416709
-8587874339396251000
-8587874339396089640
-8587874339395923153
-8587874339395757360
-8587874339395592588
-8587874339395392994
-8587874339395262401
-8587874339395092202
-8587874339394932946
-8587874339394752876
-8587874339394602732
-8587874339394432466
-8587874339394262300
-8587874339394097054
-8587874339393934881
-8587874339393769725
-8587874339393609468
-8587874339393439307
-8587874339393269208
-8587874339393108944
-8587874339392940565
-8587874339392780027
-8587874339392615186
-8587874339392444593
-8587874339392274398
-8587874339392114247
-8587874339391944524
-8587874339391783894
-8587874339391614496
-8587874339391455039
-8587874339391287302
-8587874339391116775
-8587874339390958429
-8587874339390786809
-8587874339390620670
-8587874339390458870
-8587874339390286766
-8587874339390121909
-8587874339389961323
-8587874339389790839
-8587874339389629905
-8587874339389459516
-8587874339389302122
-8587874339389131721
-8587874339388962886
-8587874339388797883
-8587874339388637246
-8587874339388467791
-8587874339388302313
-8587874339388141780
-8587874339387961364
-8587874339387810841
-8587874339387640478
-8587874339387479822
-8587874339387311300
-8587874339387140842
-8587874339386980171
-8587874339386809539
-8587874339386649078
-8587874339386479409
-8587874339386315123
-8587874339386143861
-8587874339385989150
-8587874339385818521
-8587874339385648961
-8587874339385492123
-8587874339385317656
-8587874339385157487
-8587874339384987395
-8587874339384825094
-8587874339384656889
-8587874339384496740
-8587874339384326815
-8587874339384166223
-8587874339383996090
-8587874339383835778
-8587874339383665118
-8587874339383494652
-8587874339383329445
-8587874339383167330
-8587874339383002036
-8587874339382830505
-8587874339382670349
-8587874339382510287
-8587874339382339993
-8587874339382169853
-8587874339382009057
-8587874339381845375
-8587874339381674536
-8587874339381506894
-8587874339381346884
-8587874339381179536
-8587874339381009378
-8587874339380849232
-8587874339380683426
-8587874339380513239
-8587874339380347274
-8587874339380188446
-8587874339380014799
-8587874339379844633
-8587874339379684476
-8587874339379525800
-8587874339379355178
-8587874339379195229
-8587874339379024451
-8587874339378863890
-8587874339378693107
-8587874339378531845
-8587874339378361280
-8587874339378201203
-8587874339378032898
-8587874339377862686
-8587874339377700530
-8587874339377535093
-8587874339377372594
-8587874339377204696
-8587874339377034343
-8587874339376836196
-8587874339376709942
-8587874339376539717
-8587874339376379351
-8587874339376208732
-8587874339376048573
-8587874339375877723
-8587874339375713148
-8587874339375552646
-8587874339375382004
-8587874339375219529
-8587874339375046375
-8587874339374885709
-8587874339374723564
-8587874339374549248
-8587874339374387863
-8587874339374226852
-8587874339374052715
-8587874339373892472
-8587874339373722070
-8587874339373554546
-8587874339373394961
-8587874339373225235
-8587874339373056863
-8587874339372894467
-8587874339372728492
-8587874339372570076
-8587874339372399641
-8587874339372229260
-8587874339372062082
-8587874339371901931
-8587874339371741756
-8587874339371571601
-8587874339371391443
-8587874339371241286
-8587874339371071120
-8587874339370910969
-8587874339370740811
-8587874339370580657
-8587874339370411261
-8587874339370250616
-8587874339370080629
-8587874339369920050
-8587874339369747962
-8587874339369586262
-8587874339369421019
-8587874339369251111
-8587874339369090520
-8587874339368919542
-8587874339368759248
-8587874339368588465
-8587874339368426706
-8587874339368258688
-8587874339368092357
-8587874339367926691
-8587874339367755842
-8587874339367600124
-8587874339367427913
-8587874339367263525
-8587874339367103059
-8587874339366932312
-8587874339366766787
-8587874339366606254
-8587874339366435684
-8587874339366274985
-8587874339366109629
-8587874339365939197
-8587874339365773687
-8587874339365603281
-8587874339365442548
-8587874339365279433
-8587874339365113734
-8587874339364939313
-8587874339364775225
-8587874339364616809
-8587874339364446484
-8587874339364286492
-8587874339364116326
-8587874339363946864
-8587874339363787125
-8587874339363615999
-8587874339363455400
-8587874339363285226
-8587874339363116337
-8587874339362956243
-8587874339362785972
-8587874339362625444
-8587874339362454856
-8587874339362291353
-8587874339362125506
-8587874339361961912
-8587874339361799241
-8587874339361625169
-8587874339361460965
-8587874339361301395
-8587874339361138218
-8587874339360971695
-8587874339360798408
-8587874339360637914
-8587874339360467907
-8587874339360307748
-8587874339360137551
-8587874339359977441
-8587874339359807277
-8587874339359647123
-8587874339359476817
-8587874339359316801
-8587874339359146643
-8587874339358976226
-8587874339358812921
-8587874339358649252
