----------New Stimuli List Generated----------
-8587870902741009949
StretchableCube-Blue:0.05788938,1.013865,0.3951772,-0.5219595,-0.1801188,-0.4013708,0.7307647,0,0,0
StretchableCube-Yellow:0.06552555,0.9414294,0.2530733,0.7432021,-0.399212,-0.5304533,0.08306565,0,0,0
StretchableCube-Red:-0.06914514,1.025825,0.23471,0.6095479,0.08687509,0.3541636,0.703898,0,0,0
-8587870902740944869
StretchableCube-Blue:0.05788938,1.013865,0.3951772,-0.5219595,-0.1801188,-0.4013708,0.7307647,4E-05,4E-05,4E-05
StretchableCube-Yellow:0.06552555,0.9414294,0.2530733,0.7432021,-0.399212,-0.5304533,0.08306565,2E-05,2E-05,2E-05
StretchableCube-Red:-0.06914514,1.025825,0.23471,0.6095479,0.08687509,0.3541636,0.703898,0,0,0
-8587870902738780231
StretchableCube-Blue:0.05788938,1.013865,0.3951772,-0.5219595,-0.1801188,-0.4013708,0.7307647,0.0005219626,0.0005219626,0.0005219626
StretchableCube-Yellow:0.06552555,0.9414294,0.2530733,0.7432021,-0.399212,-0.5304533,0.08306565,0.0002909813,0.0002909813,0.0002909813
StretchableCube-Red:-0.06914514,1.025825,0.23471,0.6095479,0.08687509,0.3541636,0.703898,6E-05,6E-05,6E-05
-8587870902738579934
StretchableCube-Blue:0.05788938,1.013865,0.3951772,-0.5219595,-0.1801188,-0.4013708,0.7307647,0.001264827,0.001264827,0.001264827
StretchableCube-Yellow:0.06552555,0.9414294,0.2530733,0.7432021,-0.399212,-0.5304533,0.08306565,0.001008885,0.001008885,0.001008885
StretchableCube-Red:-0.06914514,1.025825,0.23471,0.6095479,0.08687509,0.3541636,0.703898,0.0007529439,0.0007529439,0.0007529439
-8587870902738417544
StretchableCube-Blue:0.05788938,1.013865,0.3951772,-0.5219595,-0.1801188,-0.4013708,0.7307647,0.002065784,0.002065784,0.002065784
StretchableCube-Yellow:0.06552555,0.9414294,0.2530733,0.7432021,-0.399212,-0.5304533,0.08306565,0.001793276,0.001793276,0.001793276
StretchableCube-Red:-0.06914514,1.025825,0.23471,0.6095479,0.08687509,0.3541636,0.703898,0.001520768,0.001520768,0.001520768
-8587870902738246323
StretchableCube-Blue:0.05788938,1.013865,0.3951772,-0.5219595,-0.1801188,-0.4013708,0.7307647,0.002916443,0.002916443,0.002916443
StretchableCube-Yellow:0.06552555,0.9414294,0.2530733,0.7432021,-0.399212,-0.5304533,0.08306565,0.002627368,0.002627368,0.002627368
StretchableCube-Red:-0.06914514,1.025825,0.23471,0.6095479,0.08687509,0.3541636,0.703898,0.002338293,0.002338293,0.002338293
-8587870902738045154
StretchableCube-Blue:0.05788938,1.013865,0.3951772,-0.5219595,-0.1801188,-0.4013708,0.7307647,0.003819856,0.003819856,0.003819856
StretchableCube-Yellow:0.06552555,0.9414294,0.2530733,0.7432021,-0.399212,-0.5304533,0.08306565,0.003512687,0.003512687,0.003512687
StretchableCube-Red:-0.06914514,1.025825,0.23471,0.6095479,0.08687509,0.3541636,0.703898,0.003205518,0.003205518,0.003205518
-8587870902737885016
StretchableCube-Blue:0.05788938,1.013865,0.3951772,-0.5219595,-0.1801188,-0.4013708,0.7307647,0.004774498,0.004774498,0.004774498
StretchableCube-Yellow:0.06552555,0.9414294,0.2530733,0.7432021,-0.399212,-0.5304533,0.08306565,0.004450761,0.004450761,0.004450761
StretchableCube-Red:-0.06914514,1.025825,0.23471,0.6095479,0.08687509,0.3541636,0.703898,0.004127025,0.004127025,0.004127025
-8587870902737730779
StretchableCube-Blue:0.05788938,1.013865,0.3951772,-0.5219595,-0.1801188,-0.4013708,0.7307647,0.00577884,0.00577884,0.00577884
StretchableCube-Yellow:0.06552555,0.9414294,0.2530733,0.7432021,-0.399212,-0.5304533,0.08306565,0.005438537,0.005438537,0.005438537
StretchableCube-Red:-0.06914514,1.025825,0.23471,0.6095479,0.08687509,0.3541636,0.703898,0.005098234,0.005098234,0.005098234
-8587870902737570354
StretchableCube-Blue:0.05788938,1.013865,0.3951772,-0.5219595,-0.1801188,-0.4013708,0.7307647,0.006832881,0.006832881,0.006832881
StretchableCube-Yellow:0.06552555,0.9414294,0.2530733,0.7432021,-0.399212,-0.5304533,0.08306565,0.006476012,0.006476012,0.006476012
StretchableCube-Red:-0.06914514,1.025825,0.23471,0.6095479,0.08687509,0.3541636,0.703898,0.006119143,0.006119143,0.006119143
-8587870902737397454
StretchableCube-Blue:0.05788938,1.013865,0.3951772,-0.5219595,-0.1801188,-0.4013708,0.7307647,0.007936623,0.007936623,0.007936623
StretchableCube-Yellow:0.06552555,0.9414294,0.2530733,0.7432021,-0.399212,-0.5304533,0.08306565,0.007563187,0.007563187,0.007563187
StretchableCube-Red:-0.06914514,1.025825,0.23471,0.6095479,0.08687509,0.3541636,0.703898,0.007189751,0.007189751,0.007189751
-8587870902737227261
StretchableCube-Blue:0.05788938,1.013865,0.3951772,-0.5219595,-0.1801188,-0.4013708,0.7307647,0.009090066,0.009090066,0.009090066
StretchableCube-Yellow:0.06552555,0.9414294,0.2530733,0.7432021,-0.399212,-0.5304533,0.08306565,0.008700063,0.008700063,0.008700063
StretchableCube-Red:-0.06914514,1.025825,0.23471,0.6095479,0.08687509,0.3541636,0.703898,0.008310059,0.008310059,0.008310059
-8587870902737059445
StretchableCube-Blue:0.05788938,1.013865,0.3951772,-0.5219595,-0.1801188,-0.4013708,0.7307647,0.01029359,0.01029359,0.01029359
StretchableCube-Yellow:0.06552555,0.9414294,0.2530733,0.7432021,-0.399212,-0.5304533,0.08306565,0.00988683,0.00988683,0.00988683
StretchableCube-Red:-0.06914514,1.025825,0.23471,0.6095479,0.08687509,0.3541636,0.703898,0.00948007,0.00948007,0.00948007
-8587870902736899366
StretchableCube-Blue:0.05788938,1.013865,0.3951772,-0.5219595,-0.1801188,-0.4013708,0.7307647,0.01154662,0.01154662,0.01154662
StretchableCube-Yellow:0.06552555,0.9414294,0.2530733,0.7432021,-0.399212,-0.5304533,0.08306565,0.01112349,0.01112349,0.01112349
StretchableCube-Red:-0.06914514,1.025825,0.23471,0.6095479,0.08687509,0.3541636,0.703898,0.01070035,0.01070035,0.01070035
-8587870902736738614
StretchableCube-Blue:0.05788938,1.013865,0.3951772,-0.5219595,-0.1801188,-0.4013708,0.7307647,0.01284936,0.01284936,0.01284936
StretchableCube-Yellow:0.06552555,0.9414294,0.2530733,0.7432021,-0.399212,-0.5304533,0.08306565,0.01240956,0.01240956,0.01240956
StretchableCube-Red:-0.06914514,1.025825,0.23471,0.6095479,0.08687509,0.3541636,0.703898,0.01196976,0.01196976,0.01196976
-8587870902736564293
StretchableCube-Blue:0.05788938,1.013865,0.3951772,-0.5219595,-0.1801188,-0.4013708,0.7307647,0.0142017,0.0142017,0.0142017
StretchableCube-Yellow:0.06552555,0.9414294,0.2530733,0.7432021,-0.399212,-0.5304533,0.08306565,0.01374543,0.01374543,0.01374543
StretchableCube-Red:-0.06914514,1.025825,0.23471,0.6095479,0.08687509,0.3541636,0.703898,0.01328916,0.01328916,0.01328916
-8587870902736404140
StretchableCube-Blue:0.05788938,1.013865,0.3951772,-0.5219595,-0.1801188,-0.4013708,0.7307647,0.01560364,0.01560364,0.01560364
StretchableCube-Yellow:0.06552555,0.9414294,0.2530733,0.7432021,-0.399212,-0.5304533,0.08306565,0.0151308,0.0151308,0.0151308
StretchableCube-Red:-0.06914514,1.025825,0.23471,0.6095479,0.08687509,0.3541636,0.703898,0.01465797,0.01465797,0.01465797
-8587870902736226673
StretchableCube-Blue:0.05788938,1.013865,0.3951772,-0.5219595,-0.1801188,-0.4013708,0.7307647,0.01705649,0.01705649,0.01705649
StretchableCube-Yellow:0.06552555,0.9414294,0.2530733,0.7432021,-0.399212,-0.5304533,0.08306565,0.01656649,0.01656649,0.01656649
StretchableCube-Red:-0.06914514,1.025825,0.23471,0.6095479,0.08687509,0.3541636,0.703898,0.01607648,0.01607648,0.01607648
-8587870902736066377
StretchableCube-Blue:0.05788938,1.013865,0.3951772,-0.5219595,-0.1801188,-0.4013708,0.7307647,0.01855861,0.01855861,0.01855861
StretchableCube-Yellow:0.06552555,0.9414294,0.2530733,0.7432021,-0.399212,-0.5304533,0.08306565,0.01805256,0.01805256,0.01805256
StretchableCube-Red:-0.06914514,1.025825,0.23471,0.6095479,0.08687509,0.3541636,0.703898,0.0175465,0.0175465,0.0175465
-8587870902735895745
StretchableCube-Blue:0.05788938,1.013865,0.3951772,-0.5219595,-0.1801188,-0.4013708,0.7307647,0.02011093,0.02011093,0.02011093
StretchableCube-Yellow:0.06552555,0.9414294,0.2530733,0.7432021,-0.399212,-0.5304533,0.08306565,0.0195878,0.0195878,0.0195878
StretchableCube-Red:-0.06914514,1.025825,0.23471,0.6095479,0.08687509,0.3541636,0.703898,0.01906467,0.01906467,0.01906467
-8587870902735756791
StretchableCube-Blue:0.05788938,1.013865,0.3951772,-0.5219595,-0.1801188,-0.4013708,0.7307647,0.02171226,0.02171226,0.02171226
StretchableCube-Yellow:0.06552555,0.9414294,0.2530733,0.7432021,-0.399212,-0.5304533,0.08306565,0.02117316,0.02117316,0.02117316
StretchableCube-Red:-0.06914514,1.025825,0.23471,0.6095479,0.08687509,0.3541636,0.703898,0.02063406,0.02063406,0.02063406
-8587870902735577213
StretchableCube-Blue:0.05788938,1.013865,0.3951772,-0.5219595,-0.1801188,-0.4013708,0.7307647,0.0233627,0.0233627,0.0233627
StretchableCube-Yellow:0.06552555,0.9414294,0.2530733,0.7432021,-0.399212,-0.5304533,0.08306565,0.02280703,0.02280703,0.02280703
StretchableCube-Red:-0.06914514,1.025825,0.23471,0.6095479,0.08687509,0.3541636,0.703898,0.02225136,0.02225136,0.02225136
-8587870902735414520
StretchableCube-Blue:0.05788938,1.013865,0.3951772,-0.5219595,-0.1801188,-0.4013708,0.7307647,0.02506284,0.02506284,0.02506284
StretchableCube-Yellow:0.06552555,0.9414294,0.2530733,0.7432021,-0.399212,-0.5304533,0.08306565,0.02449061,0.02449061,0.02449061
StretchableCube-Red:-0.06914514,1.025825,0.23471,0.6095479,0.08687509,0.3541636,0.703898,0.02391837,0.02391837,0.02391837
-8587870902735240448
StretchableCube-Blue:0.05788938,1.013865,0.3951772,-0.5219595,-0.1801188,-0.4013708,0.7307647,0.02681336,0.02681336,0.02681336
StretchableCube-Yellow:0.06552555,0.9414294,0.2530733,0.7432021,-0.399212,-0.5304533,0.08306565,0.02622422,0.02622422,0.02622422
StretchableCube-Red:-0.06914514,1.025825,0.23471,0.6095479,0.08687509,0.3541636,0.703898,0.02563508,0.02563508,0.02563508
-8587870902735080297
StretchableCube-Blue:0.05788938,1.013865,0.3951772,-0.5219595,-0.1801188,-0.4013708,0.7307647,0.02861324,0.02861324,0.02861324
StretchableCube-Yellow:0.06552555,0.9414294,0.2530733,0.7432021,-0.399212,-0.5304533,0.08306565,0.02800787,0.02800787,0.02800787
StretchableCube-Red:-0.06914514,1.025825,0.23471,0.6095479,0.08687509,0.3541636,0.703898,0.0274025,0.0274025,0.0274025
-8587870902734907776
StretchableCube-Blue:0.05788938,1.013865,0.3951772,-0.5219595,-0.1801188,-0.4013708,0.7307647,0.03046248,0.03046248,0.03046248
StretchableCube-Yellow:0.06552555,0.9414294,0.2530733,0.7432021,-0.399212,-0.5304533,0.08306565,0.02984055,0.02984055,0.02984055
StretchableCube-Red:-0.06914514,1.025825,0.23471,0.6095479,0.08687509,0.3541636,0.703898,0.02921861,0.02921861,0.02921861
-8587870902734717689
StretchableCube-Blue:0.05788938,1.013865,0.3951772,-0.5219595,-0.1801188,-0.4013708,0.7307647,0.03236229,0.03236229,0.03236229
StretchableCube-Yellow:0.06552555,0.9414294,0.2530733,0.7432021,-0.399212,-0.5304533,0.08306565,0.03172335,0.03172335,0.03172335
StretchableCube-Red:-0.06914514,1.025825,0.23471,0.6095479,0.08687509,0.3541636,0.703898,0.03108442,0.03108442,0.03108442
-8587870902734577168
StretchableCube-Blue:0.05788938,1.013865,0.3951772,-0.5219595,-0.1801188,-0.4013708,0.7307647,0.03431136,0.03431136,0.03431136
StretchableCube-Yellow:0.06552555,0.9414294,0.2530733,0.7432021,-0.399212,-0.5304533,0.08306565,0.03365629,0.03365629,0.03365629
StretchableCube-Red:-0.06914514,1.025825,0.23471,0.6095479,0.08687509,0.3541636,0.703898,0.03300122,0.03300122,0.03300122
-8587870902734417015
StretchableCube-Blue:0.05788938,1.013865,0.3951772,-0.5219595,-0.1801188,-0.4013708,0.7307647,0.0363097,0.0363097,0.0363097
StretchableCube-Yellow:0.06552555,0.9414294,0.2530733,0.7432021,-0.399212,-0.5304533,0.08306565,0.03563806,0.03563806,0.03563806
StretchableCube-Red:-0.06914514,1.025825,0.23471,0.6095479,0.08687509,0.3541636,0.703898,0.03496642,0.03496642,0.03496642
-8587870902734242431
StretchableCube-Blue:0.05788938,1.013865,0.3951772,-0.5219595,-0.1801188,-0.4013708,0.7307647,0.03835826,0.03835826,0.03835826
StretchableCube-Yellow:0.06552555,0.9414294,0.2530733,0.7432021,-0.399212,-0.5304533,0.08306565,0.0376698,0.0376698,0.0376698
StretchableCube-Red:-0.06914514,1.025825,0.23471,0.6095479,0.08687509,0.3541636,0.703898,0.03698133,0.03698133,0.03698133
-8587870902734070581
StretchableCube-Blue:0.05788938,1.013865,0.3951772,-0.5219595,-0.1801188,-0.4013708,0.7307647,0.04045797,0.04045797,0.04045797
StretchableCube-Yellow:0.06552555,0.9414294,0.2530733,0.7432021,-0.399212,-0.5304533,0.08306565,0.03975235,0.03975235,0.03975235
StretchableCube-Red:-0.06914514,1.025825,0.23471,0.6095479,0.08687509,0.3541636,0.703898,0.03904673,0.03904673,0.03904673
-8587870902733928821
StretchableCube-Blue:0.05788938,1.013865,0.3951772,-0.5219595,-0.1801188,-0.4013708,0.7307647,0.04260626,0.04260626,0.04260626
StretchableCube-Yellow:0.06552555,0.9414294,0.2530733,0.7432021,-0.399212,-0.5304533,0.08306565,0.04188493,0.04188493,0.04188493
StretchableCube-Red:-0.06914514,1.025825,0.23471,0.6095479,0.08687509,0.3541636,0.703898,0.04116359,0.04116359,0.04116359
-8587870902733768271
StretchableCube-Blue:0.05788938,1.013865,0.3951772,-0.5219595,-0.1801188,-0.4013708,0.7307647,0.0448034,0.0448034,0.0448034
StretchableCube-Yellow:0.06552555,0.9414294,0.2530733,0.7432021,-0.399212,-0.5304533,0.08306565,0.0440655,0.0440655,0.0440655
StretchableCube-Red:-0.06914514,1.025825,0.23471,0.6095479,0.08687509,0.3541636,0.703898,0.0433276,0.0433276,0.0433276
-8587870902733587794
StretchableCube-Blue:0.05788938,1.013865,0.3951772,-0.5219595,-0.1801188,-0.4013708,0.7307647,0.04705115,0.04705115,0.04705115
StretchableCube-Yellow:0.06552555,0.9414294,0.2530733,0.7432021,-0.399212,-0.5304533,0.08306565,0.04629623,0.04629623,0.04629623
StretchableCube-Red:-0.06914514,1.025825,0.23471,0.6095479,0.08687509,0.3541636,0.703898,0.04554131,0.04554131,0.04554131
-8587870902733427761
StretchableCube-Blue:0.05788938,1.013865,0.3951772,-0.5219595,-0.1801188,-0.4013708,0.7307647,0.04934814,0.04934814,0.04934814
StretchableCube-Yellow:0.06552555,0.9414294,0.2530733,0.7432021,-0.399212,-0.5304533,0.08306565,0.0485771,0.0485771,0.0485771
StretchableCube-Red:-0.06914514,1.025825,0.23471,0.6095479,0.08687509,0.3541636,0.703898,0.04780607,0.04780607,0.04780607
-8587870902733260142
StretchableCube-Blue:0.05788938,1.013865,0.3951772,-0.5219595,-0.1801188,-0.4013708,0.7307647,0.05169456,0.05169456,0.05169456
StretchableCube-Yellow:0.06552555,0.9414294,0.2530733,0.7432021,-0.399212,-0.5304533,0.08306565,0.05090687,0.05090687,0.05090687
StretchableCube-Red:-0.06914514,1.025825,0.23471,0.6095479,0.08687509,0.3541636,0.703898,0.05011917,0.05011917,0.05011917
-8587870902733102587
-8587870902732932107
-8587870902732771849
-8587870902732603467
-8587870902732438604
-8587870902732258431
-8587870902732087485
-8587870902731916917
-8587870902731766822
-8587870902731591345
-8587870902731426886
-8587870902731262291
-8587870902731097893
-8587870902730933818
-8587870902730790727
-8587870902730622944
-8587870902730449612
-8587870902730279086
-8587870902730118912
-8587870902729961595
-8587870902729801347
-8587870902729620714
-8587870902729460834
-8587870902729289942
-8587870902729119728
-8587870902728968688
-8587870902728786434
-8587870902728625979
-8587870902728465925
-8587870902728295501
-8587870902728135043
-8587870902727976072
-8587870902727795677
-8587870902727635483
-8587870902727465304
-8587870902727305154
-8587870902727142453
-8587870902726982013
-8587870902726811456
-8587870902726642020
-8587870902726481396
-8587870902726311686
-8587870902726141167
-8587870902725990603
-8587870902725806309
-8587870902725646770
-8587870902725481131
-8587870902725315996
-8587870902725155663
-8587870902724990316
-8587870902724819789
-8587870902724649629
-8587870902724489007
-8587870902724326386
-8587870902724156914
-8587870902723996008
-8587870902723825459
-8587870902723659799
-8587870902723494850
-8587870902723333627
-8587870902723172813
-8587870902722992610
-8587870902722824229
-8587870902722671871
-8587870902722497896
-8587870902722327111
-8587870902722178324
-8587870902721997964
-8587870902721833039
-8587870902721672118
-8587870902721501289
-8587870902721338172
-8587870902721177870
-8587870902721008011
-8587870902720837784
-8587870902720676863
-8587870902720516446
-8587870902720344826
-8587870902720184627
-8587870902720014372
-8587870902719844117
-8587870902719688971
-8587870902719520948
-8587870902719344664
-8587870902719194459
-8587870902719024317
-8587870902718857858
-8587870902718689466
-8587870902718529193
-8587870902718365210
-8587870902718193705
-8587870902718024804
-8587870902717864111
-8587870902717693431
-8587870902717527215
-8587870902717373490
-8587870902717199219
-8587870902717035264
-8587870902716834560
-8587870902716706086
-8587870902716535860
-8587870902716374444
-8587870902716204125
-8587870902716043260
-8587870902715872626
-8587870902715712327
-8587870902715541521
-8587870902715388272
-8587870902715208079
-8587870902715043640
-8587870902714882409
-8587870902714712661
-8587870902714554965
-8587870902714385419
-8587870902714218144
-8587870902714047328
-8587870902713889610
-8587870902713719472
-8587870902713558902
-8587870902713398915
-8587870902713218292
-8587870902713061778
-8587870902712890581
-8587870902712724414
-8587870902712569870
-8587870902712393555
-8587870902712234938
-8587870902712064430
-8587870902711901097
-8587870902711729987
-8587870902711573361
-8587870902711401355
-8587870902711240349
-8587870902711069303
-8587870902710908556
-8587870902710738618
-8587870902710577937
-8587870902710402882
-8587870902710232514
-8587870902710072189
-8587870902709910830
-8587870902709741543
-8587870902709581121
-8587870902709410940
-8587870902709240585
-8587870902709080647
-8587870902708910427
-8587870902708748682
-8587870902708587046
-8587870902708419244
-8587870902708250883
-8587870902708041736
-8587870902707921567
-8587870902707753780
-8587870902707598196
-8587870902707422778
-8587870902707254586
-8587870902707094786
-8587870902706923993
-8587870902706763592
-8587870902706594179
-8587870902706433685
-8587870902706263479
-8587870902706101805
-8587870902705931357
-8587870902705779411
-8587870902705598548
-8587870902705441766
-8587870902705271467
-8587870902705100145
-8587870902704930110
-8587870902704783773
-8587870902704599222
-8587870902704442005
-8587870902704270778
-8587870902704110814
-8587870902703940420
-8587870902703791173
-8587870902703610795
-8587870902703441823
-8587870902703281710
-8587870902703111071
StretchableCube-Blue:0.05788938,1.013865,0.3951772,-0.5219595,-0.1801188,-0.4013708,0.7307647,0.04929716,0.04929716,0.04929716
StretchableCube-Yellow:0.06552555,0.9414294,0.2530733,0.7432021,-0.399212,-0.5304533,0.08306565,0.04852662,0.04852662,0.04852662
StretchableCube-Red:-0.06914514,1.025825,0.23471,0.6095479,0.08687509,0.3541636,0.703898,0.04775609,0.04775609,0.04775609
-8587870902702948770
StretchableCube-Blue:0.05788938,1.013865,0.3951772,-0.5219595,-0.1801188,-0.4013708,0.7307647,0.04685064,0.04685064,0.04685064
StretchableCube-Yellow:0.06552555,0.9414294,0.2530733,0.7432021,-0.399212,-0.5304533,0.08306565,0.04609608,0.04609608,0.04609608
StretchableCube-Red:-0.06914514,1.025825,0.23471,0.6095479,0.08687509,0.3541636,0.703898,0.04534152,0.04534152,0.04534152
-8587870902702789218
StretchableCube-Blue:0.05788938,1.013865,0.3951772,-0.5219595,-0.1801188,-0.4013708,0.7307647,0.04435503,0.04435503,0.04435503
StretchableCube-Yellow:0.06552555,0.9414294,0.2530733,0.7432021,-0.399212,-0.5304533,0.08306565,0.04361703,0.04361703,0.04361703
StretchableCube-Red:-0.06914514,1.025825,0.23471,0.6095479,0.08687509,0.3541636,0.703898,0.04287903,0.04287903,0.04287903
-8587870902702623192
StretchableCube-Blue:0.05788938,1.013865,0.3951772,-0.5219595,-0.1801188,-0.4013708,0.7307647,0.04180971,0.04180971,0.04180971
StretchableCube-Yellow:0.06552555,0.9414294,0.2530733,0.7432021,-0.399212,-0.5304533,0.08306565,0.04108828,0.04108828,0.04108828
StretchableCube-Red:-0.06914514,1.025825,0.23471,0.6095479,0.08687509,0.3541636,0.703898,0.04036685,0.04036685,0.04036685
-8587870902702460433
StretchableCube-Blue:0.05788938,1.013865,0.3951772,-0.5219595,-0.1801188,-0.4013708,0.7307647,0.03921469,0.03921469,0.03921469
StretchableCube-Yellow:0.06552555,0.9414294,0.2530733,0.7432021,-0.399212,-0.5304533,0.08306565,0.03850982,0.03850982,0.03850982
StretchableCube-Red:-0.06914514,1.025825,0.23471,0.6095479,0.08687509,0.3541636,0.703898,0.03780496,0.03780496,0.03780496
-8587870902702290175
StretchableCube-Blue:0.05788938,1.013865,0.3951772,-0.5219595,-0.1801188,-0.4013708,0.7307647,0.03656997,0.03656997,0.03656997
StretchableCube-Yellow:0.06552555,0.9414294,0.2530733,0.7432021,-0.399212,-0.5304533,0.08306565,0.03588167,0.03588167,0.03588167
StretchableCube-Red:-0.06914514,1.025825,0.23471,0.6095479,0.08687509,0.3541636,0.703898,0.03519338,0.03519338,0.03519338
-8587870902702119805
StretchableCube-Blue:0.05788938,1.013865,0.3951772,-0.5219595,-0.1801188,-0.4013708,0.7307647,0.0338749,0.0338749,0.0338749
StretchableCube-Yellow:0.06552555,0.9414294,0.2530733,0.7432021,-0.399212,-0.5304533,0.08306565,0.03320349,0.03320349,0.03320349
StretchableCube-Red:-0.06914514,1.025825,0.23471,0.6095479,0.08687509,0.3541636,0.703898,0.03253209,0.03253209,0.03253209
-8587870902701949317
StretchableCube-Blue:0.05788938,1.013865,0.3951772,-0.5219595,-0.1801188,-0.4013708,0.7307647,0.03112889,0.03112889,0.03112889
StretchableCube-Yellow:0.06552555,0.9414294,0.2530733,0.7432021,-0.399212,-0.5304533,0.08306565,0.0304745,0.0304745,0.0304745
StretchableCube-Red:-0.06914514,1.025825,0.23471,0.6095479,0.08687509,0.3541636,0.703898,0.02982012,0.02982012,0.02982012
-8587870902701800747
StretchableCube-Blue:0.05788938,1.013865,0.3951772,-0.5219595,-0.1801188,-0.4013708,0.7307647,0.02833429,0.02833429,0.02833429
StretchableCube-Yellow:0.06552555,0.9414294,0.2530733,0.7432021,-0.399212,-0.5304533,0.08306565,0.02769569,0.02769569,0.02769569
StretchableCube-Red:-0.06914514,1.025825,0.23471,0.6095479,0.08687509,0.3541636,0.703898,0.02705709,0.02705709,0.02705709
-8587870902701629092
StretchableCube-Blue:0.05788938,1.013865,0.3951772,-0.5219595,-0.1801188,-0.4013708,0.7307647,0.02549077,0.02549077,0.02549077
StretchableCube-Yellow:0.06552555,0.9414294,0.2530733,0.7432021,-0.399212,-0.5304533,0.08306565,0.02486874,0.02486874,0.02486874
StretchableCube-Red:-0.06914514,1.025825,0.23471,0.6095479,0.08687509,0.3541636,0.703898,0.02424671,0.02424671,0.02424671
-8587870902701465117
StretchableCube-Blue:0.05788938,1.013865,0.3951772,-0.5219595,-0.1801188,-0.4013708,0.7307647,0.02259756,0.02259756,0.02259756
StretchableCube-Yellow:0.06552555,0.9414294,0.2530733,0.7432021,-0.399212,-0.5304533,0.08306565,0.02199209,0.02199209,0.02199209
StretchableCube-Red:-0.06914514,1.025825,0.23471,0.6095479,0.08687509,0.3541636,0.703898,0.02138663,0.02138663,0.02138663
-8587870902701295990
StretchableCube-Blue:0.05788938,1.013865,0.3951772,-0.5219595,-0.1801188,-0.4013708,0.7307647,0.01965464,0.01965464,0.01965464
StretchableCube-Yellow:0.06552555,0.9414294,0.2530733,0.7432021,-0.399212,-0.5304533,0.08306565,0.01906574,0.01906574,0.01906574
StretchableCube-Red:-0.06914514,1.025825,0.23471,0.6095479,0.08687509,0.3541636,0.703898,0.01847684,0.01847684,0.01847684
-8587870902701125966
StretchableCube-Blue:0.05788938,1.013865,0.3951772,-0.5219595,-0.1801188,-0.4013708,0.7307647,0.01666141,0.01666141,0.01666141
StretchableCube-Yellow:0.06552555,0.9414294,0.2530733,0.7432021,-0.399212,-0.5304533,0.08306565,0.01608938,0.01608938,0.01608938
StretchableCube-Red:-0.06914514,1.025825,0.23471,0.6095479,0.08687509,0.3541636,0.703898,0.01551736,0.01551736,0.01551736
-8587870902700972228
StretchableCube-Blue:0.05788938,1.013865,0.3951772,-0.5219595,-0.1801188,-0.4013708,0.7307647,0.01361879,0.01361879,0.01361879
StretchableCube-Yellow:0.06552555,0.9414294,0.2530733,0.7432021,-0.399212,-0.5304533,0.08306565,0.01306303,0.01306303,0.01306303
StretchableCube-Red:-0.06914514,1.025825,0.23471,0.6095479,0.08687509,0.3541636,0.703898,0.01250726,0.01250726,0.01250726
-8587870902700801174
StretchableCube-Blue:0.05788938,1.013865,0.3951772,-0.5219595,-0.1801188,-0.4013708,0.7307647,0.01052678,0.01052678,0.01052678
StretchableCube-Yellow:0.06552555,0.9414294,0.2530733,0.7432021,-0.399212,-0.5304533,0.08306565,0.009987576,0.009987576,0.009987576
StretchableCube-Red:-0.06914514,1.025825,0.23471,0.6095479,0.08687509,0.3541636,0.703898,0.009448378,0.009448378,0.009448378
-8587870902700634313
StretchableCube-Blue:0.05788938,1.013865,0.3951772,-0.5219595,-0.1801188,-0.4013708,0.7307647,0.007385059,0.007385059,0.007385059
StretchableCube-Yellow:0.06552555,0.9414294,0.2530733,0.7432021,-0.399212,-0.5304533,0.08306565,0.006862426,0.006862426,0.006862426
StretchableCube-Red:-0.06914514,1.025825,0.23471,0.6095479,0.08687509,0.3541636,0.703898,0.006339795,0.006339795,0.006339795
-8587870902700464035
StretchableCube-Blue:0.05788938,1.013865,0.3951772,-0.5219595,-0.1801188,-0.4013708,0.7307647,0.004193179,0.004193179,0.004193179
StretchableCube-Yellow:0.06552555,0.9414294,0.2530733,0.7432021,-0.399212,-0.5304533,0.08306565,0.003687344,0.003687344,0.003687344
StretchableCube-Red:-0.06914514,1.025825,0.23471,0.6095479,0.08687509,0.3541636,0.703898,0.003181511,0.003181511,0.003181511
-8587870902700303882
StretchableCube-Blue:0.15,0.98,0.3,-0.5219595,-0.1801188,-0.4013708,0.7307647,0.0009518298,0.0009518298,0.0009518298
StretchableCube-Yellow:0,0.98,0.3,0.7432021,-0.399212,-0.5304533,0.08306565,0.0004623304,0.0004623304,0.0004623304
StretchableCube-Red:-0.15,0.98,0.3,0.6095479,0.08687509,0.3541636,0.703898,-2.716621E-05,-2.716621E-05,-2.716621E-05
-8587870902700133806
StretchableCube-Blue:0.15,0.98,0.3,-0.5219595,-0.1801188,-0.4013708,0.7307647,0.004242891,0.004242891,0.004242891
StretchableCube-Yellow:0,0.98,0.3,0.7432021,-0.399212,-0.5304533,0.08306565,0.003736704,0.003736704,0.003736704
StretchableCube-Red:-0.15,0.98,0.3,0.6095479,0.08687509,0.3541636,0.703898,0.00323052,0.00323052,0.00323052
-8587870902699973504
StretchableCube-Blue:0.15,0.98,0.3,-0.5219595,-0.1801188,-0.4013708,0.7307647,0.007584688,0.007584688,0.007584688
StretchableCube-Yellow:0,0.98,0.3,0.7432021,-0.399212,-0.5304533,0.08306565,0.007061476,0.007061476,0.007061476
StretchableCube-Red:-0.15,0.98,0.3,0.6095479,0.08687509,0.3541636,0.703898,0.006538268,0.006538268,0.006538268
-8587870902699802886
StretchableCube-Blue:0.15,0.98,0.3,-0.5219595,-0.1801188,-0.4013708,0.7307647,0.01097564,0.01097564,0.01097564
StretchableCube-Yellow:0,0.98,0.3,0.7432021,-0.399212,-0.5304533,0.08306565,0.01043637,0.01043637,0.01043637
StretchableCube-Red:-0.15,0.98,0.3,0.6095479,0.08687509,0.3541636,0.703898,0.00989709,0.00989709,0.00989709
-8587870902699638413
StretchableCube-Blue:0.15,0.98,0.3,-0.5219595,-0.1801188,-0.4013708,0.7307647,0.01441564,0.01441564,0.01441564
StretchableCube-Yellow:0,0.98,0.3,0.7432021,-0.399212,-0.5304533,0.08306565,0.01385988,0.01385988,0.01385988
StretchableCube-Red:-0.15,0.98,0.3,0.6095479,0.08687509,0.3541636,0.703898,0.01330411,0.01330411,0.01330411
-8587870902699477971
StretchableCube-Blue:0.15,0.98,0.3,-0.5219595,-0.1801188,-0.4013708,0.7307647,0.01790526,0.01790526,0.01790526
StretchableCube-Yellow:0,0.98,0.3,0.7432021,-0.399212,-0.5304533,0.08306565,0.01733293,0.01733293,0.01733293
StretchableCube-Red:-0.15,0.98,0.3,0.6095479,0.08687509,0.3541636,0.703898,0.0167606,0.0167606,0.0167606
-8587870902699299967
StretchableCube-Blue:0.15,0.98,0.3,-0.5219595,-0.1801188,-0.4013708,0.7307647,0.02144589,0.02144589,0.02144589
StretchableCube-Yellow:0,0.98,0.3,0.7432021,-0.399212,-0.5304533,0.08306565,0.02085634,0.02085634,0.02085634
StretchableCube-Red:-0.15,0.98,0.3,0.6095479,0.08687509,0.3541636,0.703898,0.02026678,0.02026678,0.02026678
-8587870902699146078
StretchableCube-Blue:0.15,0.98,0.3,-0.5219595,-0.1801188,-0.4013708,0.7307647,0.02503557,0.02503557,0.02503557
StretchableCube-Yellow:0,0.98,0.3,0.7432021,-0.399212,-0.5304533,0.08306565,0.0244301,0.0244301,0.0244301
StretchableCube-Red:-0.15,0.98,0.3,0.6095479,0.08687509,0.3541636,0.703898,0.02382464,0.02382464,0.02382464
-8587870902698985911
StretchableCube-Blue:0.15,0.98,0.3,-0.5219595,-0.1801188,-0.4013708,0.7307647,0.0286743,0.0286743,0.0286743
StretchableCube-Yellow:0,0.98,0.3,0.7432021,-0.399212,-0.5304533,0.08306565,0.02805226,0.02805226,0.02805226
StretchableCube-Red:-0.15,0.98,0.3,0.6095479,0.08687509,0.3541636,0.703898,0.02743023,0.02743023,0.02743023
-8587870902698815702
StretchableCube-Blue:0.15,0.98,0.3,-0.5219595,-0.1801188,-0.4013708,0.7307647,0.03236272,0.03236272,0.03236272
StretchableCube-Yellow:0,0.98,0.3,0.7432021,-0.399212,-0.5304533,0.08306565,0.03172412,0.03172412,0.03172412
StretchableCube-Red:-0.15,0.98,0.3,0.6095479,0.08687509,0.3541636,0.703898,0.03108553,0.03108553,0.03108553
-8587870902698644526
StretchableCube-Blue:0.15,0.98,0.3,-0.5219595,-0.1801188,-0.4013708,0.7307647,0.03610085,0.03610085,0.03610085
StretchableCube-Yellow:0,0.98,0.3,0.7432021,-0.399212,-0.5304533,0.08306565,0.03544568,0.03544568,0.03544568
StretchableCube-Red:-0.15,0.98,0.3,0.6095479,0.08687509,0.3541636,0.703898,0.03479051,0.03479051,0.03479051
-8587870902698474058
StretchableCube-Blue:0.15,0.98,0.3,-0.5219595,-0.1801188,-0.4013708,0.7307647,0.03988954,0.03988954,0.03988954
StretchableCube-Yellow:0,0.98,0.3,0.7432021,-0.399212,-0.5304533,0.08306565,0.03921737,0.03921737,0.03921737
StretchableCube-Red:-0.15,0.98,0.3,0.6095479,0.08687509,0.3541636,0.703898,0.03854522,0.03854522,0.03854522
-8587870902698313636
StretchableCube-Blue:0.15,0.98,0.3,-0.5219595,-0.1801188,-0.4013708,0.7307647,0.04372749,0.04372749,0.04372749
StretchableCube-Yellow:0,0.98,0.3,0.7432021,-0.399212,-0.5304533,0.08306565,0.04303918,0.04303918,0.04303918
StretchableCube-Red:-0.15,0.98,0.3,0.6095479,0.08687509,0.3541636,0.703898,0.0423509,0.0423509,0.0423509
-8587870902698143102
StretchableCube-Blue:0.15,0.98,0.3,-0.5219595,-0.1801188,-0.4013708,0.7307647,0.04761471,0.04761471,0.04761471
StretchableCube-Yellow:0,0.98,0.3,0.7432021,-0.399212,-0.5304533,0.08306565,0.04690984,0.04690984,0.04690984
StretchableCube-Red:-0.15,0.98,0.3,0.6095479,0.08687509,0.3541636,0.703898,0.04620498,0.04620498,0.04620498
-8587870902697983061
StretchableCube-Blue:0.15,0.98,0.3,-0.5219595,-0.1801188,-0.4013708,0.7307647,0.05155163,0.05155163,0.05155163
StretchableCube-Yellow:0,0.98,0.3,0.7432021,-0.399212,-0.5304533,0.08306565,0.05083019,0.05083019,0.05083019
StretchableCube-Red:-0.15,0.98,0.3,0.6095479,0.08687509,0.3541636,0.703898,0.05010876,0.05010876,0.05010876
-8587870902697813193
-8587870902697647146
-8587870902697484417
-8587870902697319136
-8587870902697148170
-8587870902696999009
-8587870902696824069
-8587870902696653445
-8587870902696492347
-8587870902696323160
-8587870902696152349
-8587870902696000339
-8587870902695827678
-8587870902695659092
-8587870902695500098
-8587870902695333601
-8587870902695172664
-8587870902694999575
-8587870902694838198
-8587870902694666763
-8587870902694496602
-8587870902694336493
-8587870902694174742
-8587870902694004715
-8587870902693842541
-8587870902693672291
-8587870902693512097
-8587870902693341773
-8587870902693188150
-8587870902693013635
-8587870902692848981
-8587870902692678583
-8587870902692506221
-8587870902692348935
-8587870902692188249
-8587870902692015137
-8587870902691848742
-8587870902691678300
-8587870902691523397
-8587870902691353585
-8587870902691192889
-8587870902690989641
-8587870902690857630
-8587870902690687950
-8587870902690531135
-8587870902690371916
-8587870902690190479
-8587870902690020792
-8587870902689870065
-8587870902689703929
-8587870902689529048
-8587870902689374158
-8587870902689197454
-8587870902689041317
-8587870902688870340
-8587870902688701002
-8587870902688540841
-8587870902688383017
-8587870902688211633
-8587870902688044440
-8587870902687873534
-8587870902687712055
-8587870902687542404
-8587870902687388379
-8587870902687207997
-8587870902687047953
-8587870902686881408
-8587870902686715640
-8587870902686550229
-8587870902686393508
-8587870902686212455
-8587870902686048006
-8587870902685887057
-8587870902685718048
-8587870902685557898
-8587870902685399738
-8587870902685226025
-8587870902685054817
-8587870902684874629
-8587870902684724493
-8587870902684564345
-8587870902684394387
-8587870902684231261
-8587870902684060210
-8587870902683900146
-8587870902683728632
-8587870902683569986
-8587870902683392497
-8587870902683213105
-8587870902683042829
-8587870902682840329
-8587870902682730223
-8587870902682580156
-8587870902682404371
-8587870902682244100
-8587870902682073902
-8587870902681909204
-8587870902681740818
-8587870902681580675
-8587870902681410415
-8587870902681238908
-8587870902681078670
-8587870902680912127
-8587870902680752091
-8587870902680592084
-8587870902680421288
-8587870902680254026
-8587870902680088433
-8587870902679927670
-8587870902679757607
-8587870902679592881
-8587870902679423397
-8587870902679263215
-8587870902679093052
-8587870902678927871
-8587870902678756523
-8587870902678606008
-8587870902678428554
