-8587995088875329826
3.306041,-4,19.71805,0,0,0,1,1,0.5,1
-14.67969,-4,-10.22116,0,0,0,1,0.5,0.5,0.5
21.41992,-4,9.638551,0,0.5,0,0.8660254,1,1,1
4.024243,-4,-21.28512,0,0,0,1,1,1,1
21.67084,-4,-9.919243,0.3535534,-0.1464466,0.3535534,0.8535534,1,1,1
-8587995088875229821
3.306041,-4,19.71805,0,0,0,1,1,0.5,1
-14.67969,-4,-10.22116,0,0,0,1,0.5,0.5,0.5
21.41992,-4,9.638551,0,0.5,0,0.8660254,1,1,1
4.024243,-4,-21.28512,0,0,0,1,1,1,1
21.67084,-4,-9.919243,0.3535534,-0.1464466,0.3535534,0.8535534,1,1,1
-8587995088873349713
3.306041,-4,19.71805,0,0,0,1,1,0.5,1
-14.67969,-4,-10.22116,0,0,0,1,0.5,0.5,0.5
21.41992,-4,9.638551,0,0.5,0,0.8660254,1,1,1
4.024243,-4,-21.28512,0,0,0,1,1,1,1
21.67084,-4,-9.919243,0.3535534,-0.1464466,0.3535534,0.8535534,1,1,1
-8587995088873069697
3.306041,-4,19.71805,0,0,0,1,1,0.5,1
-14.67969,-4,-10.22116,0,0,0,1,0.5,0.5,0.5
21.41992,-4,9.638551,0,0.5,0,0.8660254,1,1,1
4.024243,-4,-21.28512,0,0,0,1,1,1,1
21.67084,-4,-9.919243,0.3535534,-0.1464466,0.3535534,0.8535534,1,1,1
-8587995088872899687
3.306041,-4,19.71805,0,0,0,1,1,0.5,1
-14.67969,-4,-10.22116,0,0,0,1,0.5,0.5,0.5
21.41992,-4,9.638551,0,0.5,0,0.8660254,1,1,1
4.024243,-4,-21.28512,0,0,0,1,1,1,1
21.67084,-4,-9.919243,0.3535534,-0.1464466,0.3535534,0.8535534,1,1,1
-8587995088872739678
3.306041,-4,19.71805,0,0,0,1,1,0.5,1
-14.67969,-4,-10.22116,0,0,0,1,0.5,0.5,0.5
21.41992,-4,9.638551,0,0.5,0,0.8660254,1,1,1
4.024243,-4,-21.28512,0,0,0,1,1,1,1
21.67084,-4,-9.919243,0.3535534,-0.1464466,0.3535534,0.8535534,1,1,1
-8587995088872569668
3.306041,-4,19.71805,0,0,0,1,1,0.5,1
-14.67969,-4,-10.22116,0,0,0,1,0.5,0.5,0.5
21.41992,-4,9.638551,0,0.5,0,0.8660254,1,1,1
4.024243,-4,-21.28512,0,0,0,1,1,1,1
21.67084,-4,-9.919243,0.3535534,-0.1464466,0.3535534,0.8535534,1,1,1
-8587995088872409659
3.306041,-4,19.71805,0,0,0,1,1,0.5,1
-14.67969,-4,-10.22116,0,0,0,1,0.5,0.5,0.5
21.41992,-4,9.638551,0,0.5,0,0.8660254,1,1,1
4.024243,-4,-21.28512,0,0,0,1,1,1,1
21.67084,-4,-9.919243,0.3535534,-0.1464466,0.3535534,0.8535534,1,1,1
-8587995088872239650
3.306041,-4,19.71805,0,0,0,1,1,0.5,1
-14.67969,-4,-10.22116,0,0,0,1,0.5,0.5,0.5
21.41992,-4,9.638551,0,0.5,0,0.8660254,1,1,1
4.024243,-4,-21.28512,0,0,0,1,1,1,1
21.67084,-4,-9.919243,0.3535534,-0.1464466,0.3535534,0.8535534,1,1,1
-8587995088872069640
3.306041,-4,19.71805,0,0,0,1,1,0.5,1
-14.67969,-4,-10.22116,0,0,0,1,0.5,0.5,0.5
21.41992,-4,9.638551,0,0.5,0,0.8660254,1,1,1
4.024243,-4,-21.28512,0,0,0,1,1,1,1
21.67084,-4,-9.919243,0.3535534,-0.1464466,0.3535534,0.8535534,1,1,1
-8587995088871909631
3.306041,-4,19.71805,0,0,0,1,1,0.5,1
-14.67969,-4,-10.22116,0,0,0,1,0.5,0.5,0.5
21.41992,-4,9.638551,0,0.5,0,0.8660254,1,1,1
4.024243,-4,-21.28512,0,0,0,1,1,1,1
21.67084,-4,-9.919243,0.3535534,-0.1464466,0.3535534,0.8535534,1,1,1
-8587995088871739621
3.306041,-4,19.71805,0,0,0,1,1,0.5,1
-14.67969,-4,-10.22116,0,0,0,1,0.5,0.5,0.5
21.41992,-4,9.638551,0,0.5,0,0.8660254,1,1,1
4.024243,-4,-21.28512,0,0,0,1,1,1,1
21.67084,-4,-9.919243,0.3535534,-0.1464466,0.3535534,0.8535534,1,1,1
-8587995088871579612
3.306041,-4,19.71805,0,0,0,1,1,0.5,1
-14.67969,-4,-10.22116,0,0,0,1,0.5,0.5,0.5
21.41992,-4,9.638551,0,0.5,0,0.8660254,1,1,1
4.024243,-4,-21.28512,0,0,0,1,1,1,1
21.67084,-4,-9.919243,0.3535534,-0.1464466,0.3535534,0.8535534,1,1,1
-8587995088871409602
3.306041,-4,19.71805,0,0,0,1,1,0.5,1
-14.67969,-4,-10.22116,0,0,0,1,0.5,0.5,0.5
21.41992,-4,9.638551,0,0.5,0,0.8660254,1,1,1
4.024243,-4,-21.28512,0,0,0,1,1,1,1
21.67084,-4,-9.919243,0.3535534,-0.1464466,0.3535534,0.8535534,1,1,1
-8587995088871249593
3.306041,-4,19.71805,0,0,0,1,1,0.5,1
-14.67969,-4,-10.22116,0,0,0,1,0.5,0.5,0.5
21.41992,-4,9.638551,0,0.5,0,0.8660254,1,1,1
4.024243,-4,-21.28512,0,0,0,1,1,1,1
21.67084,-4,-9.919243,0.3535534,-0.1464466,0.3535534,0.8535534,1,1,1
-8587995088871079583
3.306041,-4,19.71805,0,0,0,1,1,0.5,1
-14.67969,-4,-10.22116,0,0,0,1,0.5,0.5,0.5
21.41992,-4,9.638551,0,0.5,0,0.8660254,1,1,1
4.024243,-4,-21.28512,0,0,0,1,1,1,1
21.67084,-4,-9.919243,0.3535534,-0.1464466,0.3535534,0.8535534,1,1,1
-8587995088870909573
3.306041,-4,19.71805,0,0,0,1,1,0.5,1
-14.67969,-4,-10.22116,0,0,0,1,0.5,0.5,0.5
21.41992,-4,9.638551,0,0.5,0,0.8660254,1,1,1
4.024243,-4,-21.28512,0,0,0,1,1,1,1
21.67084,-4,-9.919243,0.3535534,-0.1464466,0.3535534,0.8535534,1,1,1
-8587995088870749564
3.306041,-4,19.71805,0,0,0,1,1,0.5,1
-14.67969,-4,-10.22116,0,0,0,1,0.5,0.5,0.5
21.41992,-4,9.638551,0,0.5,0,0.8660254,1,1,1
4.024243,-4,-21.28512,0,0,0,1,1,1,1
21.67084,-4,-9.919243,0.3535534,-0.1464466,0.3535534,0.8535534,1,1,1
-8587995088870579555
3.306041,-4,19.71805,0,0,0,1,1,0.5,1
-14.67969,-4,-10.22116,0,0,0,1,0.5,0.5,0.5
21.41992,-4,9.638551,0,0.5,0,0.8660254,1,1,1
4.024243,-4,-21.28512,0,0,0,1,1,1,1
21.67084,-4,-9.919243,0.3535534,-0.1464466,0.3535534,0.8535534,1,1,1
-8587995088870419545
3.306041,-4,19.71805,0,0,0,1,1,0.5,1
-14.67969,-4,-10.22116,0,0,0,1,0.5,0.5,0.5
21.41992,-4,9.638551,0,0.5,0,0.8660254,1,1,1
4.024243,-4,-21.28512,0,0,0,1,1,1,1
21.67084,-4,-9.919243,0.3535534,-0.1464466,0.3535534,0.8535534,1,1,1
-8587995088870249536
3.306041,-4,19.71805,0,0,0,1,1,0.5,1
-14.67969,-4,-10.22116,0,0,0,1,0.5,0.5,0.5
21.41992,-4,9.638551,0,0.5,0,0.8660254,1,1,1
4.024243,-4,-21.28512,0,0,0,1,1,1,1
21.67084,-4,-9.919243,0.3535534,-0.1464466,0.3535534,0.8535534,1,1,1
-8587995088870089527
3.306041,-4,19.71805,0,0,0,1,1,0.5,1
-14.67969,-4,-10.22116,0,0,0,1,0.5,0.5,0.5
21.41992,-4,9.638551,0,0.5,0,0.8660254,1,1,1
4.024243,-4,-21.28512,0,0,0,1,1,1,1
21.67084,-4,-9.919243,0.3535534,-0.1464466,0.3535534,0.8535534,1,1,1
-8587995088869919517
3.306041,-4,19.71805,0,0,0,1,1,0.5,1
-14.67969,-4,-10.22116,0,0,0,1,0.5,0.5,0.5
21.41992,-4,9.638551,0,0.5,0,0.8660254,1,1,1
4.024243,-4,-21.28512,0,0,0,1,1,1,1
21.67084,-4,-9.919243,0.3535534,-0.1464466,0.3535534,0.8535534,1,1,1
-8587995088869759508
3.306041,-4,19.71805,0,0,0,1,1,0.5,1
-14.67969,-4,-10.22116,0,0,0,1,0.5,0.5,0.5
21.41992,-4,9.638551,0,0.5,0,0.8660254,1,1,1
4.024243,-4,-21.28512,0,0,0,1,1,1,1
21.67084,-4,-9.919243,0.3535534,-0.1464466,0.3535534,0.8535534,1,1,1
-8587995088869589498
3.306041,-4,19.71805,0,0,0,1,1,0.5,1
-14.67969,-4,-10.22116,0,0,0,1,0.5,0.5,0.5
21.41992,-4,9.638551,0,0.5,0,0.8660254,1,1,1
4.024243,-4,-21.28512,0,0,0,1,1,1,1
21.67084,-4,-9.919243,0.3535534,-0.1464466,0.3535534,0.8535534,1,1,1
-8587995088869419488
3.306041,-4,19.71805,0,0,0,1,1,0.5,1
-14.67969,-4,-10.22116,0,0,0,1,0.5,0.5,0.5
21.41992,-4,9.638551,0,0.5,0,0.8660254,1,1,1
4.024243,-4,-21.28512,0,0,0,1,1,1,1
21.67084,-4,-9.919243,0.3535534,-0.1464466,0.3535534,0.8535534,1,1,1
-8587995088869259479
3.306041,-4,19.71805,0,0,0,1,1,0.5,1
-14.67969,-4,-10.22116,0,0,0,1,0.5,0.5,0.5
21.41992,-4,9.638551,0,0.5,0,0.8660254,1,1,1
4.024243,-4,-21.28512,0,0,0,1,1,1,1
21.67084,-4,-9.919243,0.3535534,-0.1464466,0.3535534,0.8535534,1,1,1
-8587995088869089469
3.306041,-4,19.71805,0,0,0,1,1,0.5,1
-14.67969,-4,-10.22116,0,0,0,1,0.5,0.5,0.5
21.41992,-4,9.638551,0,0.5,0,0.8660254,1,1,1
4.024243,-4,-21.28512,0,0,0,1,1,1,1
21.67084,-4,-9.919243,0.3535534,-0.1464466,0.3535534,0.8535534,1,1,1
-8587995088868929460
3.306041,-4,19.71805,0,0,0,1,1,0.5,1
-14.67969,-4,-10.22116,0,0,0,1,0.5,0.5,0.5
21.41992,-4,9.638551,0,0.5,0,0.8660254,1,1,1
4.024243,-4,-21.28512,0,0,0,1,1,1,1
21.67084,-4,-9.919243,0.3535534,-0.1464466,0.3535534,0.8535534,1,1,1
-8587995088868759450
3.306041,-4,19.71805,0,0,0,1,1,0.5,1
-14.67969,-4,-10.22116,0,0,0,1,0.5,0.5,0.5
21.41992,-4,9.638551,0,0.5,0,0.8660254,1,1,1
4.024243,-4,-21.28512,0,0,0,1,1,1,1
21.67084,-4,-9.919243,0.3535534,-0.1464466,0.3535534,0.8535534,1,1,1
-8587995088868599441
3.306041,-4,19.71805,0,0,0,1,1,0.5,1
-14.67969,-4,-10.22116,0,0,0,1,0.5,0.5,0.5
21.41992,-4,9.638551,0,0.5,0,0.8660254,1,1,1
4.024243,-4,-21.28512,0,0,0,1,1,1,1
21.67084,-4,-9.919243,0.3535534,-0.1464466,0.3535534,0.8535534,1,1,1
-8587995088868429432
3.306041,-4,19.71805,0,0,0,1,1,0.5,1
-14.67969,-4,-10.22116,0,0,0,1,0.5,0.5,0.5
21.41992,-4,9.638551,0,0.5,0,0.8660254,1,1,1
4.024243,-4,-21.28512,0,0,0,1,1,1,1
21.67084,-4,-9.919243,0.3535534,-0.1464466,0.3535534,0.8535534,1,1,1
-8587995088868259422
3.306041,-4,19.71805,0,0,0,1,1,0.5,1
-14.67969,-4,-10.22116,0,0,0,1,0.5,0.5,0.5
21.41992,-4,9.638551,0,0.5,0,0.8660254,1,1,1
4.024243,-4,-21.28512,0,0,0,1,1,1,1
21.67084,-4,-9.919243,0.3535534,-0.1464466,0.3535534,0.8535534,1,1,1
-8587995088868099413
3.306041,-4,19.71805,0,0,0,1,1,0.5,1
-14.67969,-4,-10.22116,0,0,0,1,0.5,0.5,0.5
21.41992,-4,9.638551,0,0.5,0,0.8660254,1,1,1
4.024243,-4,-21.28512,0,0,0,1,1,1,1
21.67084,-4,-9.919243,0.3535534,-0.1464466,0.3535534,0.8535534,1,1,1
-8587995088867929403
3.306041,-4,19.71805,0,0,0,1,1,0.5,1
-14.67969,-4,-10.22116,0,0,0,1,0.5,0.5,0.5
21.41992,-4,9.638551,0,0.5,0,0.8660254,1,1,1
4.024243,-4,-21.28512,0,0,0,1,1,1,1
21.67084,-4,-9.919243,0.3535534,-0.1464466,0.3535534,0.8535534,1,1,1
-8587995088867769394
3.306041,-4,19.71805,0,0,0,1,1,0.5,1
-14.67969,-4,-10.22116,0,0,0,1,0.5,0.5,0.5
21.41992,-4,9.638551,0,0.5,0,0.8660254,1,1,1
4.024243,-4,-21.28512,0,0,0,1,1,1,1
21.67084,-4,-9.919243,0.3535534,-0.1464466,0.3535534,0.8535534,1,1,1
-8587995088867599384
3.306041,-4,19.71805,0,0,0,1,1,0.5,1
-14.67969,-4,-10.22116,0,0,0,1,0.5,0.5,0.5
21.41992,-4,9.638551,0,0.5,0,0.8660254,1,1,1
4.024243,-4,-21.28512,0,0,0,1,1,1,1
21.67084,-4,-9.919243,0.3535534,-0.1464466,0.3535534,0.8535534,1,1,1
-8587995088867439375
3.306041,-4,19.71805,0,0,0,1,1,0.5,1
-14.67969,-4,-10.22116,0,0,0,1,0.5,0.5,0.5
21.41992,-4,9.638551,0,0.5,0,0.8660254,1,1,1
4.024243,-4,-21.28512,0,0,0,1,1,1,1
21.67084,-4,-9.919243,0.3535534,-0.1464466,0.3535534,0.8535534,1,1,1
-8587995088867269365
3.306041,-4,19.71805,0,0,0,1,1,0.5,1
-14.67969,-4,-10.22116,0,0,0,1,0.5,0.5,0.5
21.41992,-4,9.638551,0,0.5,0,0.8660254,1,1,1
4.024243,-4,-21.28512,0,0,0,1,1,1,1
21.67084,-4,-9.919243,0.3535534,-0.1464466,0.3535534,0.8535534,1,1,1
-8587995088867099355
3.306041,-4,19.71805,0,0,0,1,1,0.5,1
-14.67969,-4,-10.22116,0,0,0,1,0.5,0.5,0.5
21.41992,-4,9.638551,0,0.5,0,0.8660254,1,1,1
4.024243,-4,-21.28512,0,0,0,1,1,1,1
21.67084,-4,-9.919243,0.3535534,-0.1464466,0.3535534,0.8535534,1,1,1
-8587995088866939346
3.306041,-4,19.71805,0,0,0,1,1,0.5,1
-14.67969,-4,-10.22116,0,0,0,1,0.5,0.5,0.5
21.41992,-4,9.638551,0,0.5,0,0.8660254,1,1,1
4.024243,-4,-21.28512,0,0,0,1,1,1,1
21.67084,-4,-9.919243,0.3535534,-0.1464466,0.3535534,0.8535534,1,1,1
-8587995088866769337
3.306041,-4,19.71805,0,0,0,1,1,0.5,1
-14.67969,-4,-10.22116,0,0,0,1,0.5,0.5,0.5
21.41992,-4,9.638551,0,0.5,0,0.8660254,1,1,1
4.024243,-4,-21.28512,0,0,0,1,1,1,1
21.67084,-4,-9.919243,0.3535534,-0.1464466,0.3535534,0.8535534,1,1,1
-8587995088866609327
3.306041,-4,19.71805,0,0,0,1,1,0.5,1
-14.67969,-4,-10.22116,0,0,0,1,0.5,0.5,0.5
21.41992,-4,9.638551,0,0.5,0,0.8660254,1,1,1
4.024243,-4,-21.28512,0,0,0,1,1,1,1
21.67084,-4,-9.919243,0.3535534,-0.1464466,0.3535534,0.8535534,1,1,1
-8587995088866439318
3.306041,-4,19.71805,0,0,0,1,1,0.5,1
-14.67969,-4,-10.22116,0,0,0,1,0.5,0.5,0.5
21.41992,-4,9.638551,0,0.5,0,0.8660254,1,1,1
4.024243,-4,-21.28512,0,0,0,1,1,1,1
21.67084,-4,-9.919243,0.3535534,-0.1464466,0.3535534,0.8535534,1,1,1
-8587995088866279309
3.306041,-4,19.71805,0,0,0,1,1,0.5,1
-14.67969,-4,-10.22116,0,0,0,1,0.5,0.5,0.5
21.41992,-4,9.638551,0,0.5,0,0.8660254,1,1,1
4.024243,-4,-21.28512,0,0,0,1,1,1,1
21.67084,-4,-9.919243,0.3535534,-0.1464466,0.3535534,0.8535534,1,1,1
-8587995088866109299
3.306041,-4,19.71805,0,0,0,1,1,0.5,1
-14.67969,-4,-10.22116,0,0,0,1,0.5,0.5,0.5
21.41992,-4,9.638551,0,0.5,0,0.8660254,1,1,1
4.024243,-4,-21.28512,0,0,0,1,1,1,1
21.67084,-4,-9.919243,0.3535534,-0.1464466,0.3535534,0.8535534,1,1,1
-8587995088865949290
3.306041,-4,19.71805,0,0,0,1,1,0.5,1
-14.67969,-4,-10.22116,0,0,0,1,0.5,0.5,0.5
21.41992,-4,9.638551,0,0.5,0,0.8660254,1,1,1
4.024243,-4,-21.28512,0,0,0,1,1,1,1
21.67084,-4,-9.919243,0.3535534,-0.1464466,0.3535534,0.8535534,1,1,1
-8587995088865779280
3.306041,-4,19.71805,0,0,0,1,1,0.5,1
-14.67969,-4,-10.22116,0,0,0,1,0.5,0.5,0.5
21.41992,-4,9.638551,0,0.5,0,0.8660254,1,1,1
4.024243,-4,-21.28512,0,0,0,1,1,1,1
21.67084,-4,-9.919243,0.3535534,-0.1464466,0.3535534,0.8535534,1,1,1
-8587995088865609270
3.306041,-4,19.71805,0,0,0,1,1,0.5,1
-14.67969,-4,-10.22116,0,0,0,1,0.5,0.5,0.5
21.41992,-4,9.638551,0,0.5,0,0.8660254,1,1,1
4.024243,-4,-21.28512,0,0,0,1,1,1,1
21.67084,-4,-9.919243,0.3535534,-0.1464466,0.3535534,0.8535534,1,1,1
-8587995088865449261
3.306041,-4,19.71805,0,0,0,1,1,0.5,1
-14.67969,-4,-10.22116,0,0,0,1,0.5,0.5,0.5
21.41992,-4,9.638551,0,0.5,0,0.8660254,1,1,1
4.024243,-4,-21.28512,0,0,0,1,1,1,1
21.67084,-4,-9.919243,0.3535534,-0.1464466,0.3535534,0.8535534,1,1,1
-8587995088865279251
3.306041,-4,19.71805,0,0,0,1,1,0.5,1
-14.67969,-4,-10.22116,0,0,0,1,0.5,0.5,0.5
21.41992,-4,9.638551,0,0.5,0,0.8660254,1,1,1
4.024243,-4,-21.28512,0,0,0,1,1,1,1
21.67084,-4,-9.919243,0.3535534,-0.1464466,0.3535534,0.8535534,1,1,1
-8587995088865129243
3.306041,-4,19.71805,0,0,0,1,1,0.5,1
-14.67969,-4,-10.22116,0,0,0,1,0.5,0.5,0.5
21.41992,-4,9.638551,0,0.5,0,0.8660254,1,1,1
4.024243,-4,-21.28512,0,0,0,1,1,1,1
21.67084,-4,-9.919243,0.3535534,-0.1464466,0.3535534,0.8535534,1,1,1
-8587995088864969234
3.306041,-4,19.71805,0,0,0,1,1,0.5,1
-14.67969,-4,-10.22116,0,0,0,1,0.5,0.5,0.5
21.41992,-4,9.638551,0,0.5,0,0.8660254,1,1,1
4.024243,-4,-21.28512,0,0,0,1,1,1,1
21.67084,-4,-9.919243,0.3535534,-0.1464466,0.3535534,0.8535534,1,1,1
-8587995088864799224
3.306041,-4,19.71805,0,0,0,1,1,0.5,1
-14.67969,-4,-10.22116,0,0,0,1,0.5,0.5,0.5
21.41992,-4,9.638551,0,0.5,0,0.8660254,1,1,1
4.024243,-4,-21.28512,0,0,0,1,1,1,1
21.67084,-4,-9.919243,0.3535534,-0.1464466,0.3535534,0.8535534,1,1,1
-8587995088864639215
3.306041,-4,19.71805,0,0,0,1,1,0.5,1
-14.67969,-4,-10.22116,0,0,0,1,0.5,0.5,0.5
21.41992,-4,9.638551,0,0.5,0,0.8660254,1,1,1
4.024243,-4,-21.28512,0,0,0,1,1,1,1
21.67084,-4,-9.919243,0.3535534,-0.1464466,0.3535534,0.8535534,1,1,1
-8587995088864469205
3.306041,-4,19.71805,0,0,0,1,1,0.5,1
-14.67969,-4,-10.22116,0,0,0,1,0.5,0.5,0.5
21.41992,-4,9.638551,0,0.5,0,0.8660254,1,1,1
4.024243,-4,-21.28512,0,0,0,1,1,1,1
21.67084,-4,-9.919243,0.3535534,-0.1464466,0.3535534,0.8535534,1,1,1
-8587995088864299195
3.306041,-4,19.71805,0,0,0,1,1,0.5,1
-14.67969,-4,-10.22116,0,0,0,1,0.5,0.5,0.5
21.41992,-4,9.638551,0,0.5,0,0.8660254,1,1,1
4.024243,-4,-21.28512,0,0,0,1,1,1,1
21.67084,-4,-9.919243,0.3535534,-0.1464466,0.3535534,0.8535534,1,1,1
-8587995088864139186
3.306041,-4,19.71805,0,0,0,1,1,0.5,1
-14.67969,-4,-10.22116,0,0,0,1,0.5,0.5,0.5
21.41992,-4,9.638551,0,0.5,0,0.8660254,1,1,1
4.024243,-4,-21.28512,0,0,0,1,1,1,1
21.67084,-4,-9.919243,0.3535534,-0.1464466,0.3535534,0.8535534,1,1,1
-8587995088863969176
3.306041,-4,19.71805,0,0,0,1,1,0.5,1
-14.67969,-4,-10.22116,0,0,0,1,0.5,0.5,0.5
21.41992,-4,9.638551,0,0.5,0,0.8660254,1,1,1
4.024243,-4,-21.28512,0,0,0,1,1,1,1
21.67084,-4,-9.919243,0.3535534,-0.1464466,0.3535534,0.8535534,1,1,1
-8587995088863809167
3.306041,-4,19.71805,0,0,0,1,1,0.5,1
-14.67969,-4,-10.22116,0,0,0,1,0.5,0.5,0.5
21.41992,-4,9.638551,0,0.5,0,0.8660254,1,1,1
4.024243,-4,-21.28512,0,0,0,1,1,1,1
21.67084,-4,-9.919243,0.3535534,-0.1464466,0.3535534,0.8535534,1,1,1
-8587995088863639158
3.306041,-4,19.71805,0,0,0,1,1,0.5,1
-14.67969,-4,-10.22116,0,0,0,1,0.5,0.5,0.5
21.41992,-4,9.638551,0,0.5,0,0.8660254,1,1,1
4.024243,-4,-21.28512,0,0,0,1,1,1,1
21.67084,-4,-9.919243,0.3535534,-0.1464466,0.3535534,0.8535534,1,1,1
-8587995088863479148
3.306041,-4,19.71805,0,0,0,1,1,0.5,1
-14.67969,-4,-10.22116,0,0,0,1,0.5,0.5,0.5
21.41992,-4,9.638551,0,0.5,0,0.8660254,1,1,1
4.024243,-4,-21.28512,0,0,0,1,1,1,1
21.67084,-4,-9.919243,0.3535534,-0.1464466,0.3535534,0.8535534,1,1,1
-8587995088863309139
3.306041,-4,19.71805,0,0,0,1,1,0.5,1
-14.67969,-4,-10.22116,0,0,0,1,0.5,0.5,0.5
21.41992,-4,9.638551,0,0.5,0,0.8660254,1,1,1
4.024243,-4,-21.28512,0,0,0,1,1,1,1
21.67084,-4,-9.919243,0.3535534,-0.1464466,0.3535534,0.8535534,1,1,1
-8587995088863149130
3.306041,-4,19.71805,0,0,0,1,1,0.5,1
-14.67969,-4,-10.22116,0,0,0,1,0.5,0.5,0.5
21.41992,-4,9.638551,0,0.5,0,0.8660254,1,1,1
4.024243,-4,-21.28512,0,0,0,1,1,1,1
21.67084,-4,-9.919243,0.3535534,-0.1464466,0.3535534,0.8535534,1,1,1
-8587995088862979120
3.306041,-4,19.71805,0,0,0,1,1,0.5,1
-14.67969,-4,-10.22116,0,0,0,1,0.5,0.5,0.5
21.41992,-4,9.638551,0,0.5,0,0.8660254,1,1,1
4.024243,-4,-21.28512,0,0,0,1,1,1,1
21.67084,-4,-9.919243,0.3535534,-0.1464466,0.3535534,0.8535534,1,1,1
-8587995088862809110
3.306041,-4,19.71805,0,0,0,1,1,0.5,1
-14.67969,-4,-10.22116,0,0,0,1,0.5,0.5,0.5
21.41992,-4,9.638551,0,0.5,0,0.8660254,1,1,1
4.024243,-4,-21.28512,0,0,0,1,1,1,1
21.67084,-4,-9.919243,0.3535534,-0.1464466,0.3535534,0.8535534,1,1,1
-8587995088862649101
3.306041,-4,19.71805,0,0,0,1,1,0.5,1
-14.67969,-4,-10.22116,0,0,0,1,0.5,0.5,0.5
21.41992,-4,9.638551,0,0.5,0,0.8660254,1,1,1
4.024243,-4,-21.28512,0,0,0,1,1,1,1
21.67084,-4,-9.919243,0.3535534,-0.1464466,0.3535534,0.8535534,1,1,1
-8587995088862479091
3.306041,-4,19.71805,0,0,0,1,1,0.5,1
-14.67969,-4,-10.22116,0,0,0,1,0.5,0.5,0.5
21.41992,-4,9.638551,0,0.5,0,0.8660254,1,1,1
4.024243,-4,-21.28512,0,0,0,1,1,1,1
21.67084,-4,-9.919243,0.3535534,-0.1464466,0.3535534,0.8535534,1,1,1
-8587995088862309082
3.306041,-4,19.71805,0,0,0,1,1,0.5,1
-14.67969,-4,-10.22116,0,0,0,1,0.5,0.5,0.5
21.41992,-4,9.638551,0,0.5,0,0.8660254,1,1,1
4.024243,-4,-21.28512,0,0,0,1,1,1,1
21.67084,-4,-9.919243,0.3535534,-0.1464466,0.3535534,0.8535534,1,1,1
-8587995088862149072
3.306041,-4,19.71805,0,0,0,1,1,0.5,1
-14.67969,-4,-10.22116,0,0,0,1,0.5,0.5,0.5
21.41992,-4,9.638551,0,0.5,0,0.8660254,1,1,1
4.024243,-4,-21.28512,0,0,0,1,1,1,1
21.67084,-4,-9.919243,0.3535534,-0.1464466,0.3535534,0.8535534,1,1,1
-8587995088861979063
3.306041,-4,19.71805,0,0,0,1,1,0.5,1
-14.67969,-4,-10.22116,0,0,0,1,0.5,0.5,0.5
21.41992,-4,9.638551,0,0.5,0,0.8660254,1,1,1
4.024243,-4,-21.28512,0,0,0,1,1,1,1
21.67084,-4,-9.919243,0.3535534,-0.1464466,0.3535534,0.8535534,1,1,1
-8587995088861819053
3.306041,-4,19.71805,0,0,0,1,1,0.5,1
-14.67969,-4,-10.22116,0,0,0,1,0.5,0.5,0.5
21.41992,-4,9.638551,0,0.5,0,0.8660254,1,1,1
4.024243,-4,-21.28512,0,0,0,1,1,1,1
21.67084,-4,-9.919243,0.3535534,-0.1464466,0.3535534,0.8535534,1,1,1
-8587995088861649044
3.306041,-4,19.71805,0,0,0,1,1,0.5,1
-14.67969,-4,-10.22116,0,0,0,1,0.5,0.5,0.5
21.41992,-4,9.638551,0,0.5,0,0.8660254,1,1,1
4.024243,-4,-21.28512,0,0,0,1,1,1,1
21.67084,-4,-9.919243,0.3535534,-0.1464466,0.3535534,0.8535534,1,1,1
-8587995088861489035
3.306041,-4,19.71805,0,0,0,1,1,0.5,1
-14.67969,-4,-10.22116,0,0,0,1,0.5,0.5,0.5
21.41992,-4,9.638551,0,0.5,0,0.8660254,1,1,1
4.024243,-4,-21.28512,0,0,0,1,1,1,1
21.67084,-4,-9.919243,0.3535534,-0.1464466,0.3535534,0.8535534,1,1,1
-8587995088861319025
3.306041,-4,19.71805,0,0,0,1,1,0.5,1
-14.67969,-4,-10.22116,0,0,0,1,0.5,0.5,0.5
21.41992,-4,9.638551,0,0.5,0,0.8660254,1,1,1
4.024243,-4,-21.28512,0,0,0,1,1,1,1
21.67084,-4,-9.919243,0.3535534,-0.1464466,0.3535534,0.8535534,1,1,1
-8587995088861149015
3.306041,-4,19.71805,0,0,0,1,1,0.5,1
-14.67969,-4,-10.22116,0,0,0,1,0.5,0.5,0.5
21.41992,-4,9.638551,0,0.5,0,0.8660254,1,1,1
4.024243,-4,-21.28512,0,0,0,1,1,1,1
21.67084,-4,-9.919243,0.3535534,-0.1464466,0.3535534,0.8535534,1,1,1
-8587995088860989006
3.306041,-4,19.71805,0,0,0,1,1,0.5,1
-14.67969,-4,-10.22116,0,0,0,1,0.5,0.5,0.5
21.41992,-4,9.638551,0,0.5,0,0.8660254,1,1,1
4.024243,-4,-21.28512,0,0,0,1,1,1,1
21.67084,-4,-9.919243,0.3535534,-0.1464466,0.3535534,0.8535534,1,1,1
-8587995088860818996
3.306041,-4,19.71805,0,0,0,1,1,0.5,1
-14.67969,-4,-10.22116,0,0,0,1,0.5,0.5,0.5
21.41992,-4,9.638551,0,0.5,0,0.8660254,1,1,1
4.024243,-4,-21.28512,0,0,0,1,1,1,1
21.67084,-4,-9.919243,0.3535534,-0.1464466,0.3535534,0.8535534,1,1,1
-8587995088860658987
3.306041,-4,19.71805,0,0,0,1,1,0.5,1
-14.67969,-4,-10.22116,0,0,0,1,0.5,0.5,0.5
21.41992,-4,9.638551,0,0.5,0,0.8660254,1,1,1
4.024243,-4,-21.28512,0,0,0,1,1,1,1
21.67084,-4,-9.919243,0.3535534,-0.1464466,0.3535534,0.8535534,1,1,1
-8587995088860488977
3.306041,-4,19.71805,0,0,0,1,1,0.5,1
-14.67969,-4,-10.22116,0,0,0,1,0.5,0.5,0.5
21.41992,-4,9.638551,0,0.5,0,0.8660254,1,1,1
4.024243,-4,-21.28512,0,0,0,1,1,1,1
21.67084,-4,-9.919243,0.3535534,-0.1464466,0.3535534,0.8535534,1,1,1
-8587995088860328968
3.306041,-4,19.71805,0,0,0,1,1,0.5,1
-14.67969,-4,-10.22116,0,0,0,1,0.5,0.5,0.5
21.41992,-4,9.638551,0,0.5,0,0.8660254,1,1,1
4.024243,-4,-21.28512,0,0,0,1,1,1,1
21.67084,-4,-9.919243,0.3535534,-0.1464466,0.3535534,0.8535534,1,1,1
-8587995088860158959
3.306041,-4,19.71805,0,0,0,1,1,0.5,1
-14.67969,-4,-10.22116,0,0,0,1,0.5,0.5,0.5
21.41992,-4,9.638551,0,0.5,0,0.8660254,1,1,1
4.024243,-4,-21.28512,0,0,0,1,1,1,1
21.67084,-4,-9.919243,0.3535534,-0.1464466,0.3535534,0.8535534,1,1,1
-8587995088859988949
3.306041,-4,19.71805,0,0,0,1,1,0.5,1
-14.67969,-4,-10.22116,0,0,0,1,0.5,0.5,0.5
21.41992,-4,9.638551,0,0.5,0,0.8660254,1,1,1
4.024243,-4,-21.28512,0,0,0,1,1,1,1
21.67084,-4,-9.919243,0.3535534,-0.1464466,0.3535534,0.8535534,1,1,1
-8587995088859828940
3.306041,-4,19.71805,0,0,0,1,1,0.5,1
-14.67969,-4,-10.22116,0,0,0,1,0.5,0.5,0.5
21.41992,-4,9.638551,0,0.5,0,0.8660254,1,1,1
4.024243,-4,-21.28512,0,0,0,1,1,1,1
21.67084,-4,-9.919243,0.3535534,-0.1464466,0.3535534,0.8535534,1,1,1
-8587995088859658930
3.306041,-4,19.71805,0,0,0,1,1,0.5,1
-14.67969,-4,-10.22116,0,0,0,1,0.5,0.5,0.5
21.41992,-4,9.638551,0,0.5,0,0.8660254,1,1,1
4.024243,-4,-21.28512,0,0,0,1,1,1,1
21.67084,-4,-9.919243,0.3535534,-0.1464466,0.3535534,0.8535534,1,1,1
-8587995088859498921
3.306041,-4,19.71805,0,0,0,1,1,0.5,1
-14.67969,-4,-10.22116,0,0,0,1,0.5,0.5,0.5
21.41992,-4,9.638551,0,0.5,0,0.8660254,1,1,1
4.024243,-4,-21.28512,0,0,0,1,1,1,1
21.67084,-4,-9.919243,0.3535534,-0.1464466,0.3535534,0.8535534,1,1,1
-8587995088859328911
3.306041,-4,19.71805,0,0,0,1,1,0.5,1
-14.67969,-4,-10.22116,0,0,0,1,0.5,0.5,0.5
21.41992,-4,9.638551,0,0.5,0,0.8660254,1,1,1
4.024243,-4,-21.28512,0,0,0,1,1,1,1
21.67084,-4,-9.919243,0.3535534,-0.1464466,0.3535534,0.8535534,1,1,1
-8587995088859168902
3.306041,-4,19.71805,0,0,0,1,1,0.5,1
-14.67969,-4,-10.22116,0,0,0,1,0.5,0.5,0.5
21.41992,-4,9.638551,0,0.5,0,0.8660254,1,1,1
4.024243,-4,-21.28512,0,0,0,1,1,1,1
21.67084,-4,-9.919243,0.3535534,-0.1464466,0.3535534,0.8535534,1,1,1
-8587995088858998892
3.306041,-4,19.71805,0,0,0,1,1,0.5,1
-14.67969,-4,-10.22116,0,0,0,1,0.5,0.5,0.5
21.41992,-4,9.638551,0,0.5,0,0.8660254,1,1,1
4.024243,-4,-21.28512,0,0,0,1,1,1,1
21.67084,-4,-9.919243,0.3535534,-0.1464466,0.3535534,0.8535534,1,1,1
-8587995088858828882
3.306041,-4,19.71805,0,0,0,1,1,0.5,1
-14.67969,-4,-10.22116,0,0,0,1,0.5,0.5,0.5
21.41992,-4,9.638551,0,0.5,0,0.8660254,1,1,1
4.024243,-4,-21.28512,0,0,0,1,1,1,1
21.67084,-4,-9.919243,0.3535534,-0.1464466,0.3535534,0.8535534,1,1,1
-8587995088858668873
3.306041,-4,19.71805,0,0,0,1,1,0.5,1
-14.67969,-4,-10.22116,0,0,0,1,0.5,0.5,0.5
21.41992,-4,9.638551,0,0.5,0,0.8660254,1,1,1
4.024243,-4,-21.28512,0,0,0,1,1,1,1
21.67084,-4,-9.919243,0.3535534,-0.1464466,0.3535534,0.8535534,1,1,1
-8587995088858508864
3.306041,-4,19.71805,0,0,0,1,1,0.5,1
-14.67969,-4,-10.22116,0,0,0,1,0.5,0.5,0.5
21.41992,-4,9.638551,0,0.5,0,0.8660254,1,1,1
4.024243,-4,-21.28512,0,0,0,1,1,1,1
21.67084,-4,-9.919243,0.3535534,-0.1464466,0.3535534,0.8535534,1,1,1
-8587995088858338854
3.306041,-4,19.71805,0,0,0,1,1,0.5,1
-14.67969,-4,-10.22116,0,0,0,1,0.5,0.5,0.5
21.41992,-4,9.638551,0,0.5,0,0.8660254,1,1,1
4.024243,-4,-21.28512,0,0,0,1,1,1,1
21.67084,-4,-9.919243,0.3535534,-0.1464466,0.3535534,0.8535534,1,1,1
-8587995088858168845
3.306041,-4,19.71805,0,0,0,1,1,0.5,1
-14.67969,-4,-10.22116,0,0,0,1,0.5,0.5,0.5
21.41992,-4,9.638551,0,0.5,0,0.8660254,1,1,1
4.024243,-4,-21.28512,0,0,0,1,1,1,1
21.67084,-4,-9.919243,0.3535534,-0.1464466,0.3535534,0.8535534,1,1,1
-8587995088858008836
3.306041,-4,19.71805,0,0,0,1,1,0.5,1
-14.67969,-4,-10.22116,0,0,0,1,0.5,0.5,0.5
21.41992,-4,9.638551,0,0.5,0,0.8660254,1,1,1
4.024243,-4,-21.28512,0,0,0,1,1,1,1
21.67084,-4,-9.919243,0.3535534,-0.1464466,0.3535534,0.8535534,1,1,1
-8587995088857838826
3.306041,-4,19.71805,0,0,0,1,1,0.5,1
-14.67969,-4,-10.22116,0,0,0,1,0.5,0.5,0.5
21.41992,-4,9.638551,0,0.5,0,0.8660254,1,1,1
4.024243,-4,-21.28512,0,0,0,1,1,1,1
21.67084,-4,-9.919243,0.3535534,-0.1464466,0.3535534,0.8535534,1,1,1
-8587995088857678817
3.306041,-4,19.71805,0,0,0,1,1,0.5,1
-14.67969,-4,-10.22116,0,0,0,1,0.5,0.5,0.5
21.41992,-4,9.638551,0,0.5,0,0.8660254,1,1,1
4.024243,-4,-21.28512,0,0,0,1,1,1,1
21.67084,-4,-9.919243,0.3535534,-0.1464466,0.3535534,0.8535534,1,1,1
-8587995088857508807
3.306041,-4,19.71805,0,0,0,1,1,0.5,1
-14.67969,-4,-10.22116,0,0,0,1,0.5,0.5,0.5
21.41992,-4,9.638551,0,0.5,0,0.8660254,1,1,1
4.024243,-4,-21.28512,0,0,0,1,1,1,1
21.67084,-4,-9.919243,0.3535534,-0.1464466,0.3535534,0.8535534,1,1,1
-8587995088857348798
3.306041,-4,19.71805,0,0,0,1,1,0.5,1
-14.67969,-4,-10.22116,0,0,0,1,0.5,0.5,0.5
21.41992,-4,9.638551,0,0.5,0,0.8660254,1,1,1
4.024243,-4,-21.28512,0,0,0,1,1,1,1
21.67084,-4,-9.919243,0.3535534,-0.1464466,0.3535534,0.8535534,1,1,1
-8587995088857178788
3.306041,-4,19.71805,0,0,0,1,1,0.5,1
-14.67969,-4,-10.22116,0,0,0,1,0.5,0.5,0.5
21.41992,-4,9.638551,0,0.5,0,0.8660254,1,1,1
4.024243,-4,-21.28512,0,0,0,1,1,1,1
21.67084,-4,-9.919243,0.3535534,-0.1464466,0.3535534,0.8535534,1,1,1
-8587995088857018779
3.306041,-4,19.71805,0,0,0,1,1,0.5,1
-14.67969,-4,-10.22116,0,0,0,1,0.5,0.5,0.5
21.41992,-4,9.638551,0,0.5,0,0.8660254,1,1,1
4.024243,-4,-21.28512,0,0,0,1,1,1,1
21.67084,-4,-9.919243,0.3535534,-0.1464466,0.3535534,0.8535534,1,1,1
-8587995088856848769
3.306041,-4,19.71805,0,0,0,1,1,0.5,1
-14.67969,-4,-10.22116,0,0,0,1,0.5,0.5,0.5
21.41992,-4,9.638551,0,0.5,0,0.8660254,1,1,1
4.024243,-4,-21.28512,0,0,0,1,1,1,1
21.67084,-4,-9.919243,0.3535534,-0.1464466,0.3535534,0.8535534,1,1,1
-8587995088856678759
3.306041,-4,19.71805,0,0,0,1,1,0.5,1
-14.67969,-4,-10.22116,0,0,0,1,0.5,0.5,0.5
21.41992,-4,9.638551,0,0.5,0,0.8660254,1,1,1
4.024243,-4,-21.28512,0,0,0,1,1,1,1
21.67084,-4,-9.919243,0.3535534,-0.1464466,0.3535534,0.8535534,1,1,1
-8587995088856518750
3.306041,-4,19.71805,0,0,0,1,1,0.5,1
-14.67969,-4,-10.22116,0,0,0,1,0.5,0.5,0.5
21.41992,-4,9.638551,0,0.5,0,0.8660254,1,1,1
4.024243,-4,-21.28512,0,0,0,1,1,1,1
21.67084,-4,-9.919243,0.3535534,-0.1464466,0.3535534,0.8535534,1,1,1
-8587995088856348741
3.306041,-4,19.71805,0,0,0,1,1,0.5,1
-14.67969,-4,-10.22116,0,0,0,1,0.5,0.5,0.5
21.41992,-4,9.638551,0,0.5,0,0.8660254,1,1,1
4.024243,-4,-21.28512,0,0,0,1,1,1,1
21.67084,-4,-9.919243,0.3535534,-0.1464466,0.3535534,0.8535534,1,1,1
-8587995088856188731
3.306041,-4,19.71805,0,0,0,1,1,0.5,1
-14.67969,-4,-10.22116,0,0,0,1,0.5,0.5,0.5
21.41992,-4,9.638551,0,0.5,0,0.8660254,1,1,1
4.024243,-4,-21.28512,0,0,0,1,1,1,1
21.67084,-4,-9.919243,0.3535534,-0.1464466,0.3535534,0.8535534,1,1,1
-8587995088856018722
3.306041,-4,19.71805,0,0,0,1,1,0.5,1
-14.67969,-4,-10.22116,0,0,0,1,0.5,0.5,0.5
21.41992,-4,9.638551,0,0.5,0,0.8660254,1,1,1
4.024243,-4,-21.28512,0,0,0,1,1,1,1
21.67084,-4,-9.919243,0.3535534,-0.1464466,0.3535534,0.8535534,1,1,1
-8587995088855858713
3.306041,-4,19.71805,0,0,0,1,1,0.5,1
-14.67969,-4,-10.22116,0,0,0,1,0.5,0.5,0.5
21.41992,-4,9.638551,0,0.5,0,0.8660254,1,1,1
4.024243,-4,-21.28512,0,0,0,1,1,1,1
21.67084,-4,-9.919243,0.3535534,-0.1464466,0.3535534,0.8535534,1,1,1
-8587995088855688703
3.306041,-4,19.71805,0,0,0,1,1,0.5,1
-14.67969,-4,-10.22116,0,0,0,1,0.5,0.5,0.5
21.41992,-4,9.638551,0,0.5,0,0.8660254,1,1,1
4.024243,-4,-21.28512,0,0,0,1,1,1,1
21.67084,-4,-9.919243,0.3535534,-0.1464466,0.3535534,0.8535534,1,1,1
-8587995088855528694
3.306041,-4,19.71805,0,0,0,1,1,0.5,1
-14.67969,-4,-10.22116,0,0,0,1,0.5,0.5,0.5
21.41992,-4,9.638551,0,0.5,0,0.8660254,1,1,1
4.024243,-4,-21.28512,0,0,0,1,1,1,1
21.67084,-4,-9.919243,0.3535534,-0.1464466,0.3535534,0.8535534,1,1,1
-8587995088855358684
3.306041,-4,19.71805,0,0,0,1,1,0.5,1
-14.67969,-4,-10.22116,0,0,0,1,0.5,0.5,0.5
21.41992,-4,9.638551,0,0.5,0,0.8660254,1,1,1
4.024243,-4,-21.28512,0,0,0,1,1,1,1
21.67084,-4,-9.919243,0.3535534,-0.1464466,0.3535534,0.8535534,1,1,1
-8587995088855188674
3.306041,-4,19.71805,0,0,0,1,1,0.5,1
-14.67969,-4,-10.22116,0,0,0,1,0.5,0.5,0.5
21.41992,-4,9.638551,0,0.5,0,0.8660254,1,1,1
4.024243,-4,-21.28512,0,0,0,1,1,1,1
21.67084,-4,-9.919243,0.3535534,-0.1464466,0.3535534,0.8535534,1,1,1
-8587995088855028665
3.306041,-4,19.71805,0,0,0,1,1,0.5,1
-14.67969,-4,-10.22116,0,0,0,1,0.5,0.5,0.5
21.41992,-4,9.638551,0,0.5,0,0.8660254,1,1,1
4.024243,-4,-21.28512,0,0,0,1,1,1,1
21.67084,-4,-9.919243,0.3535534,-0.1464466,0.3535534,0.8535534,1,1,1
-8587995088854858655
3.306041,-4,19.71805,0,0,0,1,1,0.5,1
-14.67969,-4,-10.22116,0,0,0,1,0.5,0.5,0.5
21.41992,-4,9.638551,0,0.5,0,0.8660254,1,1,1
4.024243,-4,-21.28512,0,0,0,1,1,1,1
21.67084,-4,-9.919243,0.3535534,-0.1464466,0.3535534,0.8535534,1,1,1
-8587995088854698646
3.306041,-4,19.71805,0,0,0,1,1,0.5,1
-14.67969,-4,-10.22116,0,0,0,1,0.5,0.5,0.5
21.41992,-4,9.638551,0,0.5,0,0.8660254,1,1,1
4.024243,-4,-21.28512,0,0,0,1,1,1,1
21.67084,-4,-9.919243,0.3535534,-0.1464466,0.3535534,0.8535534,1,1,1
-8587995088854528636
3.306041,-4,19.71805,0,0,0,1,1,0.5,1
-14.67969,-4,-10.22116,0,0,0,1,0.5,0.5,0.5
21.41992,-4,9.638551,0,0.5,0,0.8660254,1,1,1
4.024243,-4,-21.28512,0,0,0,1,1,1,1
21.67084,-4,-9.919243,0.3535534,-0.1464466,0.3535534,0.8535534,1,1,1
-8587995088854368627
3.306041,-4,19.71805,0,0,0,1,1,0.5,1
-14.67969,-4,-10.22116,0,0,0,1,0.5,0.5,0.5
21.41992,-4,9.638551,0,0.5,0,0.8660254,1,1,1
4.024243,-4,-21.28512,0,0,0,1,1,1,1
21.67084,-4,-9.919243,0.3535534,-0.1464466,0.3535534,0.8535534,1,1,1
-8587995088854198618
3.306041,-4,19.71805,0,0,0,1,1,0.5,1
-14.67969,-4,-10.22116,0,0,0,1,0.5,0.5,0.5
21.41992,-4,9.638551,0,0.5,0,0.8660254,1,1,1
4.024243,-4,-21.28512,0,0,0,1,1,1,1
21.67084,-4,-9.919243,0.3535534,-0.1464466,0.3535534,0.8535534,1,1,1
-8587995088854028608
3.306041,-4,19.71805,0,0,0,1,1,0.5,1
-14.67969,-4,-10.22116,0,0,0,1,0.5,0.5,0.5
21.41992,-4,9.638551,0,0.5,0,0.8660254,1,1,1
4.024243,-4,-21.28512,0,0,0,1,1,1,1
21.67084,-4,-9.919243,0.3535534,-0.1464466,0.3535534,0.8535534,1,1,1
-8587995088853868599
3.306041,-4,19.71805,0,0,0,1,1,0.5,1
-14.67969,-4,-10.22116,0,0,0,1,0.5,0.5,0.5
21.41992,-4,9.638551,0,0.5,0,0.8660254,1,1,1
4.024243,-4,-21.28512,0,0,0,1,1,1,1
21.67084,-4,-9.919243,0.3535534,-0.1464466,0.3535534,0.8535534,1,1,1
-8587995088853698589
3.306041,-4,19.71805,0,0,0,1,1,0.5,1
-14.67969,-4,-10.22116,0,0,0,1,0.5,0.5,0.5
21.41992,-4,9.638551,0,0.5,0,0.8660254,1,1,1
4.024243,-4,-21.28512,0,0,0,1,1,1,1
21.67084,-4,-9.919243,0.3535534,-0.1464466,0.3535534,0.8535534,1,1,1
-8587995088853538580
3.306041,-4,19.71805,0,0,0,1,1,0.5,1
-14.67969,-4,-10.22116,0,0,0,1,0.5,0.5,0.5
21.41992,-4,9.638551,0,0.5,0,0.8660254,1,1,1
4.024243,-4,-21.28512,0,0,0,1,1,1,1
21.67084,-4,-9.919243,0.3535534,-0.1464466,0.3535534,0.8535534,1,1,1
-8587995088853368570
3.306041,-4,19.71805,0,0,0,1,1,0.5,1
-14.67969,-4,-10.22116,0,0,0,1,0.5,0.5,0.5
21.41992,-4,9.638551,0,0.5,0,0.8660254,1,1,1
4.024243,-4,-21.28512,0,0,0,1,1,1,1
21.67084,-4,-9.919243,0.3535534,-0.1464466,0.3535534,0.8535534,1,1,1
-8587995088853208561
3.306041,-4,19.71805,0,0,0,1,1,0.5,1
-14.67969,-4,-10.22116,0,0,0,1,0.5,0.5,0.5
21.41992,-4,9.638551,0,0.5,0,0.8660254,1,1,1
4.024243,-4,-21.28512,0,0,0,1,1,1,1
21.67084,-4,-9.919243,0.3535534,-0.1464466,0.3535534,0.8535534,1,1,1
-8587995088853038551
3.306041,-4,19.71805,0,0,0,1,1,0.5,1
-14.67969,-4,-10.22116,0,0,0,1,0.5,0.5,0.5
21.41992,-4,9.638551,0,0.5,0,0.8660254,1,1,1
4.024243,-4,-21.28512,0,0,0,1,1,1,1
21.67084,-4,-9.919243,0.3535534,-0.1464466,0.3535534,0.8535534,1,1,1
-8587995088852868542
3.306041,-4,19.71805,0,0,0,1,1,0.5,1
-14.67969,-4,-10.22116,0,0,0,1,0.5,0.5,0.5
21.41992,-4,9.638551,0,0.5,0,0.8660254,1,1,1
4.024243,-4,-21.28512,0,0,0,1,1,1,1
21.67084,-4,-9.919243,0.3535534,-0.1464466,0.3535534,0.8535534,1,1,1
-8587995088852708532
3.306041,-4,19.71805,0,0,0,1,1,0.5,1
-14.67969,-4,-10.22116,0,0,0,1,0.5,0.5,0.5
21.41992,-4,9.638551,0,0.5,0,0.8660254,1,1,1
4.024243,-4,-21.28512,0,0,0,1,1,1,1
21.67084,-4,-9.919243,0.3535534,-0.1464466,0.3535534,0.8535534,1,1,1
-8587995088852538523
3.306041,-4,19.71805,0,0,0,1,1,0.5,1
-14.67969,-4,-10.22116,0,0,0,1,0.5,0.5,0.5
21.41992,-4,9.638551,0,0.5,0,0.8660254,1,1,1
4.024243,-4,-21.28512,0,0,0,1,1,1,1
21.67084,-4,-9.919243,0.3535534,-0.1464466,0.3535534,0.8535534,1,1,1
-8587995088852378514
3.306041,-4,19.71805,0,0,0,1,1,0.5,1
-14.67969,-4,-10.22116,0,0,0,1,0.5,0.5,0.5
21.41992,-4,9.638551,0,0.5,0,0.8660254,1,1,1
4.024243,-4,-21.28512,0,0,0,1,1,1,1
21.67084,-4,-9.919243,0.3535534,-0.1464466,0.3535534,0.8535534,1,1,1
-8587995088852208504
3.306041,-4,19.71805,0,0,0,1,1,0.5,1
-14.67969,-4,-10.22116,0,0,0,1,0.5,0.5,0.5
21.41992,-4,9.638551,0,0.5,0,0.8660254,1,1,1
4.024243,-4,-21.28512,0,0,0,1,1,1,1
21.67084,-4,-9.919243,0.3535534,-0.1464466,0.3535534,0.8535534,1,1,1
-8587995088852048495
3.306041,-4,19.71805,0,0,0,1,1,0.5,1
-14.67969,-4,-10.22116,0,0,0,1,0.5,0.5,0.5
21.41992,-4,9.638551,0,0.5,0,0.8660254,1,1,1
4.024243,-4,-21.28512,0,0,0,1,1,1,1
21.67084,-4,-9.919243,0.3535534,-0.1464466,0.3535534,0.8535534,1,1,1
-8587995088851878485
3.306041,-4,19.71805,0,0,0,1,1,0.5,1
-14.67969,-4,-10.22116,0,0,0,1,0.5,0.5,0.5
21.41992,-4,9.638551,0,0.5,0,0.8660254,1,1,1
4.024243,-4,-21.28512,0,0,0,1,1,1,1
21.67084,-4,-9.919243,0.3535534,-0.1464466,0.3535534,0.8535534,1,1,1
-8587995088851708475
3.306041,-4,19.71805,0,0,0,1,1,0.5,1
-14.67969,-4,-10.22116,0,0,0,1,0.5,0.5,0.5
21.41992,-4,9.638551,0,0.5,0,0.8660254,1,1,1
4.024243,-4,-21.28512,0,0,0,1,1,1,1
21.67084,-4,-9.919243,0.3535534,-0.1464466,0.3535534,0.8535534,1,1,1
-8587995088851548466
3.306041,-4,19.71805,0,0,0,1,1,0.5,1
-14.67969,-4,-10.22116,0,0,0,1,0.5,0.5,0.5
21.41992,-4,9.638551,0,0.5,0,0.8660254,1,1,1
4.024243,-4,-21.28512,0,0,0,1,1,1,1
21.67084,-4,-9.919243,0.3535534,-0.1464466,0.3535534,0.8535534,1,1,1
-8587995088851378456
3.306041,-4,19.71805,0,0,0,1,1,0.5,1
-14.67969,-4,-10.22116,0,0,0,1,0.5,0.5,0.5
21.41992,-4,9.638551,0,0.5,0,0.8660254,1,1,1
4.024243,-4,-21.28512,0,0,0,1,1,1,1
21.67084,-4,-9.919243,0.3535534,-0.1464466,0.3535534,0.8535534,1,1,1
-8587995088851218447
3.306041,-4,19.71805,0,0,0,1,1,0.5,1
-14.67969,-4,-10.22116,0,0,0,1,0.5,0.5,0.5
21.41992,-4,9.638551,0,0.5,0,0.8660254,1,1,1
4.024243,-4,-21.28512,0,0,0,1,1,1,1
21.67084,-4,-9.919243,0.3535534,-0.1464466,0.3535534,0.8535534,1,1,1
-8587995088851048437
3.306041,-4,19.71805,0,0,0,1,1,0.5,1
-14.67969,-4,-10.22116,0,0,0,1,0.5,0.5,0.5
21.41992,-4,9.638551,0,0.5,0,0.8660254,1,1,1
4.024243,-4,-21.28512,0,0,0,1,1,1,1
21.67084,-4,-9.919243,0.3535534,-0.1464466,0.3535534,0.8535534,1,1,1
-8587995088850888428
3.306041,-4,19.71805,0,0,0,1,1,0.5,1
-14.67969,-4,-10.22116,0,0,0,1,0.5,0.5,0.5
21.41992,-4,9.638551,0,0.5,0,0.8660254,1,1,1
4.024243,-4,-21.28512,0,0,0,1,1,1,1
21.67084,-4,-9.919243,0.3535534,-0.1464466,0.3535534,0.8535534,1,1,1
-8587995088850718419
3.306041,-4,19.71805,0,0,0,1,1,0.5,1
-14.67969,-4,-10.22116,0,0,0,1,0.5,0.5,0.5
21.41992,-4,9.638551,0,0.5,0,0.8660254,1,1,1
4.024243,-4,-21.28512,0,0,0,1,1,1,1
21.67084,-4,-9.919243,0.3535534,-0.1464466,0.3535534,0.8535534,1,1,1
-8587995088850558409
3.306041,-4,19.71805,0,0,0,1,1,0.5,1
-14.67969,-4,-10.22116,0,0,0,1,0.5,0.5,0.5
21.41992,-4,9.638551,0,0.5,0,0.8660254,1,1,1
4.024243,-4,-21.28512,0,0,0,1,1,1,1
21.67084,-4,-9.919243,0.3535534,-0.1464466,0.3535534,0.8535534,1,1,1
-8587995088850388400
3.306041,-4,19.71805,0,0,0,1,1,0.5,1
-14.67969,-4,-10.22116,0,0,0,1,0.5,0.5,0.5
21.41992,-4,9.638551,0,0.5,0,0.8660254,1,1,1
4.024243,-4,-21.28512,0,0,0,1,1,1,1
21.67084,-4,-9.919243,0.3535534,-0.1464466,0.3535534,0.8535534,1,1,1
-8587995088850218390
3.306041,-4,19.71805,0,0,0,1,1,0.5,1
-14.67969,-4,-10.22116,0,0,0,1,0.5,0.5,0.5
21.41992,-4,9.638551,0,0.5,0,0.8660254,1,1,1
4.024243,-4,-21.28512,0,0,0,1,1,1,1
21.67084,-4,-9.919243,0.3535534,-0.1464466,0.3535534,0.8535534,1,1,1
-8587995088850058381
3.306041,-4,19.71805,0,0,0,1,1,0.5,1
-14.67969,-4,-10.22116,0,0,0,1,0.5,0.5,0.5
21.41992,-4,9.638551,0,0.5,0,0.8660254,1,1,1
4.024243,-4,-21.28512,0,0,0,1,1,1,1
21.67084,-4,-9.919243,0.3535534,-0.1464466,0.3535534,0.8535534,1,1,1
-8587995088849888371
3.306041,-4,19.71805,0,0,0,1,1,0.5,1
-14.67969,-4,-10.22116,0,0,0,1,0.5,0.5,0.5
21.41992,-4,9.638551,0,0.5,0,0.8660254,1,1,1
4.024243,-4,-21.28512,0,0,0,1,1,1,1
21.67084,-4,-9.919243,0.3535534,-0.1464466,0.3535534,0.8535534,1,1,1
-8587995088849728362
3.306041,-4,19.71805,0,0,0,1,1,0.5,1
-14.67969,-4,-10.22116,0,0,0,1,0.5,0.5,0.5
21.41992,-4,9.638551,0,0.5,0,0.8660254,1,1,1
4.024243,-4,-21.28512,0,0,0,1,1,1,1
21.67084,-4,-9.919243,0.3535534,-0.1464466,0.3535534,0.8535534,1,1,1
-8587995088849558352
3.306041,-4,19.71805,0,0,0,1,1,0.5,1
-14.67969,-4,-10.22116,0,0,0,1,0.5,0.5,0.5
21.41992,-4,9.638551,0,0.5,0,0.8660254,1,1,1
4.024243,-4,-21.28512,0,0,0,1,1,1,1
21.67084,-4,-9.919243,0.3535534,-0.1464466,0.3535534,0.8535534,1,1,1
-8587995088849388342
3.306041,-4,19.71805,0,0,0,1,1,0.5,1
-14.67969,-4,-10.22116,0,0,0,1,0.5,0.5,0.5
21.41992,-4,9.638551,0,0.5,0,0.8660254,1,1,1
4.024243,-4,-21.28512,0,0,0,1,1,1,1
21.67084,-4,-9.919243,0.3535534,-0.1464466,0.3535534,0.8535534,1,1,1
-8587995088849228333
3.306041,-4,19.71805,0,0,0,1,1,0.5,1
-14.67969,-4,-10.22116,0,0,0,1,0.5,0.5,0.5
21.41992,-4,9.638551,0,0.5,0,0.8660254,1,1,1
4.024243,-4,-21.28512,0,0,0,1,1,1,1
21.67084,-4,-9.919243,0.3535534,-0.1464466,0.3535534,0.8535534,1,1,1
-8587995088849058324
3.306041,-4,19.71805,0,0,0,1,1,0.5,1
-14.67969,-4,-10.22116,0,0,0,1,0.5,0.5,0.5
21.41992,-4,9.638551,0,0.5,0,0.8660254,1,1,1
4.024243,-4,-21.28512,0,0,0,1,1,1,1
21.67084,-4,-9.919243,0.3535534,-0.1464466,0.3535534,0.8535534,1,1,1
-8587995088848898314
3.306041,-4,19.71805,0,0,0,1,1,0.5,1
-14.67969,-4,-10.22116,0,0,0,1,0.5,0.5,0.5
21.41992,-4,9.638551,0,0.5,0,0.8660254,1,1,1
4.024243,-4,-21.28512,0,0,0,1,1,1,1
21.67084,-4,-9.919243,0.3535534,-0.1464466,0.3535534,0.8535534,1,1,1
-8587995088848728305
3.306041,-4,19.71805,0,0,0,1,1,0.5,1
-14.67969,-4,-10.22116,0,0,0,1,0.5,0.5,0.5
21.41992,-4,9.638551,0,0.5,0,0.8660254,1,1,1
4.024243,-4,-21.28512,0,0,0,1,1,1,1
21.67084,-4,-9.919243,0.3535534,-0.1464466,0.3535534,0.8535534,1,1,1
-8587995088848568296
3.306041,-4,19.71805,0,0,0,1,1,0.5,1
-14.67969,-4,-10.22116,0,0,0,1,0.5,0.5,0.5
21.41992,-4,9.638551,0,0.5,0,0.8660254,1,1,1
4.024243,-4,-21.28512,0,0,0,1,1,1,1
21.67084,-4,-9.919243,0.3535534,-0.1464466,0.3535534,0.8535534,1,1,1
-8587995088848398286
3.306041,-4,19.71805,0,0,0,1,1,0.5,1
-14.67969,-4,-10.22116,0,0,0,1,0.5,0.5,0.5
21.41992,-4,9.638551,0,0.5,0,0.8660254,1,1,1
4.024243,-4,-21.28512,0,0,0,1,1,1,1
21.67084,-4,-9.919243,0.3535534,-0.1464466,0.3535534,0.8535534,1,1,1
-8587995088848238277
3.306041,-4,19.71805,0,0,0,1,1,0.5,1
-14.67969,-4,-10.22116,0,0,0,1,0.5,0.5,0.5
21.41992,-4,9.638551,0,0.5,0,0.8660254,1,1,1
4.024243,-4,-21.28512,0,0,0,1,1,1,1
21.67084,-4,-9.919243,0.3535534,-0.1464466,0.3535534,0.8535534,1,1,1
-8587995088848068267
3.306041,-4,19.71805,0,0,0,1,1,0.5,1
-14.67969,-4,-10.22116,0,0,0,1,0.5,0.5,0.5
21.41992,-4,9.638551,0,0.5,0,0.8660254,1,1,1
4.024243,-4,-21.28512,0,0,0,1,1,1,1
21.67084,-4,-9.919243,0.3535534,-0.1464466,0.3535534,0.8535534,1,1,1
-8587995088847898257
3.306041,-4,19.71805,0,0,0,1,1,0.5,1
-14.67969,-4,-10.22116,0,0,0,1,0.5,0.5,0.5
21.41992,-4,9.638551,0,0.5,0,0.8660254,1,1,1
4.024243,-4,-21.28512,0,0,0,1,1,1,1
21.67084,-4,-9.919243,0.3535534,-0.1464466,0.3535534,0.8535534,1,1,1
-8587995088847738248
3.306041,-4,19.71805,0,0,0,1,1,0.5,1
-14.67969,-4,-10.22116,0,0,0,1,0.5,0.5,0.5
21.41992,-4,9.638551,0,0.5,0,0.8660254,1,1,1
4.024243,-4,-21.28512,0,0,0,1,1,1,1
21.67084,-4,-9.919243,0.3535534,-0.1464466,0.3535534,0.8535534,1,1,1
-8587995088847568238
3.306041,-4,19.71805,0,0,0,1,1,0.5,1
-14.67969,-4,-10.22116,0,0,0,1,0.5,0.5,0.5
21.41992,-4,9.638551,0,0.5,0,0.8660254,1,1,1
4.024243,-4,-21.28512,0,0,0,1,1,1,1
21.67084,-4,-9.919243,0.3535534,-0.1464466,0.3535534,0.8535534,1,1,1
-8587995088847408229
3.306041,-4,19.71805,0,0,0,1,1,0.5,1
-14.67969,-4,-10.22116,0,0,0,1,0.5,0.5,0.5
21.41992,-4,9.638551,0,0.5,0,0.8660254,1,1,1
4.024243,-4,-21.28512,0,0,0,1,1,1,1
21.67084,-4,-9.919243,0.3535534,-0.1464466,0.3535534,0.8535534,1,1,1
-8587995088847238220
3.306041,-4,19.71805,0,0,0,1,1,0.5,1
-14.67969,-4,-10.22116,0,0,0,1,0.5,0.5,0.5
21.41992,-4,9.638551,0,0.5,0,0.8660254,1,1,1
4.024243,-4,-21.28512,0,0,0,1,1,1,1
21.67084,-4,-9.919243,0.3535534,-0.1464466,0.3535534,0.8535534,1,1,1
-8587995088847068210
3.306041,-4,19.71805,0,0,0,1,1,0.5,1
-14.67969,-4,-10.22116,0,0,0,1,0.5,0.5,0.5
21.41992,-4,9.638551,0,0.5,0,0.8660254,1,1,1
4.024243,-4,-21.28512,0,0,0,1,1,1,1
21.67084,-4,-9.919243,0.3535534,-0.1464466,0.3535534,0.8535534,1,1,1
-8587995088846908201
3.306041,-4,19.71805,0,0,0,1,1,0.5,1
-14.67969,-4,-10.22116,0,0,0,1,0.5,0.5,0.5
21.41992,-4,9.638551,0,0.5,0,0.8660254,1,1,1
4.024243,-4,-21.28512,0,0,0,1,1,1,1
21.67084,-4,-9.919243,0.3535534,-0.1464466,0.3535534,0.8535534,1,1,1
-8587995088846748191
3.306041,-4,19.71805,0,0,0,1,1,0.5,1
-14.67969,-4,-10.22116,0,0,0,1,0.5,0.5,0.5
21.41992,-4,9.638551,0,0.5,0,0.8660254,1,1,1
4.024243,-4,-21.28512,0,0,0,1,1,1,1
21.67084,-4,-9.919243,0.3535534,-0.1464466,0.3535534,0.8535534,1,1,1
-8587995088846578182
3.306041,-4,19.71805,0,0,0,1,1,0.5,1
-14.67969,-4,-10.22116,0,0,0,1,0.5,0.5,0.5
21.41992,-4,9.638551,0,0.5,0,0.8660254,1,1,1
4.024243,-4,-21.28512,0,0,0,1,1,1,1
21.67084,-4,-9.919243,0.3535534,-0.1464466,0.3535534,0.8535534,1,1,1
-8587995088846408172
3.306041,-4,19.71805,0,0,0,1,1,0.5,1
-14.67969,-4,-10.22116,0,0,0,1,0.5,0.5,0.5
21.41992,-4,9.638551,0,0.5,0,0.8660254,1,1,1
4.024243,-4,-21.28512,0,0,0,1,1,1,1
21.67084,-4,-9.919243,0.3535534,-0.1464466,0.3535534,0.8535534,1,1,1
-8587995088846248163
3.306041,-4,19.71805,0,0,0,1,1,0.5,1
-14.67969,-4,-10.22116,0,0,0,1,0.5,0.5,0.5
21.41992,-4,9.638551,0,0.5,0,0.8660254,1,1,1
4.024243,-4,-21.28512,0,0,0,1,1,1,1
21.67084,-4,-9.919243,0.3535534,-0.1464466,0.3535534,0.8535534,1,1,1
-8587995088846078153
3.306041,-4,19.71805,0,0,0,1,1,0.5,1
-14.67969,-4,-10.22116,0,0,0,1,0.5,0.5,0.5
21.41992,-4,9.638551,0,0.5,0,0.8660254,1,1,1
4.024243,-4,-21.28512,0,0,0,1,1,1,1
21.67084,-4,-9.919243,0.3535534,-0.1464466,0.3535534,0.8535534,1,1,1
-8587995088845918144
3.306041,-4,19.71805,0,0,0,1,1,0.5,1
-14.67969,-4,-10.22116,0,0,0,1,0.5,0.5,0.5
21.41992,-4,9.638551,0,0.5,0,0.8660254,1,1,1
4.024243,-4,-21.28512,0,0,0,1,1,1,1
21.67084,-4,-9.919243,0.3535534,-0.1464466,0.3535534,0.8535534,1,1,1
-8587995088845748134
3.306041,-4,19.71805,0,0,0,1,1,0.5,1
-14.67969,-4,-10.22116,0,0,0,1,0.5,0.5,0.5
21.41992,-4,9.638551,0,0.5,0,0.8660254,1,1,1
4.024243,-4,-21.28512,0,0,0,1,1,1,1
21.67084,-4,-9.919243,0.3535534,-0.1464466,0.3535534,0.8535534,1,1,1
-8587995088845578125
3.306041,-4,19.71805,0,0,0,1,1,0.5,1
-14.67969,-4,-10.22116,0,0,0,1,0.5,0.5,0.5
21.41992,-4,9.638551,0,0.5,0,0.8660254,1,1,1
4.024243,-4,-21.28512,0,0,0,1,1,1,1
21.67084,-4,-9.919243,0.3535534,-0.1464466,0.3535534,0.8535534,1,1,1
-8587995088845418115
3.306041,-4,19.71805,0,0,0,1,1,0.5,1
-14.67969,-4,-10.22116,0,0,0,1,0.5,0.5,0.5
21.41992,-4,9.638551,0,0.5,0,0.8660254,1,1,1
4.024243,-4,-21.28512,0,0,0,1,1,1,1
21.67084,-4,-9.919243,0.3535534,-0.1464466,0.3535534,0.8535534,1,1,1
-8587995088845248106
3.306041,-4,19.71805,0,0,0,1,1,0.5,1
-14.67969,-4,-10.22116,0,0,0,1,0.5,0.5,0.5
21.41992,-4,9.638551,0,0.5,0,0.8660254,1,1,1
4.024243,-4,-21.28512,0,0,0,1,1,1,1
21.67084,-4,-9.919243,0.3535534,-0.1464466,0.3535534,0.8535534,1,1,1
-8587995088845078096
3.306041,-4,19.71805,0,0,0,1,1,0.5,1
-14.67969,-4,-10.22116,0,0,0,1,0.5,0.5,0.5
21.41992,-4,9.638551,0,0.5,0,0.8660254,1,1,1
4.024243,-4,-21.28512,0,0,0,1,1,1,1
21.67084,-4,-9.919243,0.3535534,-0.1464466,0.3535534,0.8535534,1,1,1
-8587995088844918087
3.306041,-4,19.71805,0,0,0,1,1,0.5,1
-14.67969,-4,-10.22116,0,0,0,1,0.5,0.5,0.5
21.41992,-4,9.638551,0,0.5,0,0.8660254,1,1,1
4.024243,-4,-21.28512,0,0,0,1,1,1,1
21.67084,-4,-9.919243,0.3535534,-0.1464466,0.3535534,0.8535534,1,1,1
-8587995088844748077
3.306041,-4,19.71805,0,0,0,1,1,0.5,1
-14.67969,-4,-10.22116,0,0,0,1,0.5,0.5,0.5
21.41992,-4,9.638551,0,0.5,0,0.8660254,1,1,1
4.024243,-4,-21.28512,0,0,0,1,1,1,1
21.67084,-4,-9.919243,0.3535534,-0.1464466,0.3535534,0.8535534,1,1,1
-8587995088844588068
3.306041,-4,19.71805,0,0,0,1,1,0.5,1
-14.67969,-4,-10.22116,0,0,0,1,0.5,0.5,0.5
21.41992,-4,9.638551,0,0.5,0,0.8660254,1,1,1
4.024243,-4,-21.28512,0,0,0,1,1,1,1
21.67084,-4,-9.919243,0.3535534,-0.1464466,0.3535534,0.8535534,1,1,1
-8587995088844418058
3.306041,-4,19.71805,0,0,0,1,1,0.5,1
-14.67969,-4,-10.22116,0,0,0,1,0.5,0.5,0.5
21.41992,-4,9.638551,0,0.5,0,0.8660254,1,1,1
4.024243,-4,-21.28512,0,0,0,1,1,1,1
21.67084,-4,-9.919243,0.3535534,-0.1464466,0.3535534,0.8535534,1,1,1
-8587995088844258049
3.306041,-4,19.71805,0,0,0,1,1,0.5,1
-14.67969,-4,-10.22116,0,0,0,1,0.5,0.5,0.5
21.41992,-4,9.638551,0,0.5,0,0.8660254,1,1,1
4.024243,-4,-21.28512,0,0,0,1,1,1,1
21.67084,-4,-9.919243,0.3535534,-0.1464466,0.3535534,0.8535534,1,1,1
-8587995088844088039
3.306041,-4,19.71805,0,0,0,1,1,0.5,1
-14.67969,-4,-10.22116,0,0,0,1,0.5,0.5,0.5
21.41992,-4,9.638551,0,0.5,0,0.8660254,1,1,1
4.024243,-4,-21.28512,0,0,0,1,1,1,1
21.67084,-4,-9.919243,0.3535534,-0.1464466,0.3535534,0.8535534,1,1,1
-8587995088843928030
3.306041,-4,19.71805,0,0,0,1,1,0.5,1
-14.67969,-4,-10.22116,0,0,0,1,0.5,0.5,0.5
21.41992,-4,9.638551,0,0.5,0,0.8660254,1,1,1
4.024243,-4,-21.28512,0,0,0,1,1,1,1
21.67084,-4,-9.919243,0.3535534,-0.1464466,0.3535534,0.8535534,1,1,1
-8587995088843758020
3.306041,-4,19.71805,0,0,0,1,1,0.5,1
-14.67969,-4,-10.22116,0,0,0,1,0.5,0.5,0.5
21.41992,-4,9.638551,0,0.5,0,0.8660254,1,1,1
4.024243,-4,-21.28512,0,0,0,1,1,1,1
21.67084,-4,-9.919243,0.3535534,-0.1464466,0.3535534,0.8535534,1,1,1
-8587995088843588011
3.306041,-4,19.71805,0,0,0,1,1,0.5,1
-14.67969,-4,-10.22116,0,0,0,1,0.5,0.5,0.5
21.41992,-4,9.638551,0,0.5,0,0.8660254,1,1,1
4.024243,-4,-21.28512,0,0,0,1,1,1,1
21.67084,-4,-9.919243,0.3535534,-0.1464466,0.3535534,0.8535534,1,1,1
-8587995088843428002
3.306041,-4,19.71805,0,0,0,1,1,0.5,1
-14.67969,-4,-10.22116,0,0,0,1,0.5,0.5,0.5
21.41992,-4,9.638551,0,0.5,0,0.8660254,1,1,1
4.024243,-4,-21.28512,0,0,0,1,1,1,1
21.67084,-4,-9.919243,0.3535534,-0.1464466,0.3535534,0.8535534,1,1,1
-8587995088843257992
3.306041,-4,19.71805,0,0,0,1,1,0.5,1
-14.67969,-4,-10.22116,0,0,0,1,0.5,0.5,0.5
21.41992,-4,9.638551,0,0.5,0,0.8660254,1,1,1
4.024243,-4,-21.28512,0,0,0,1,1,1,1
21.67084,-4,-9.919243,0.3535534,-0.1464466,0.3535534,0.8535534,1,1,1
-8587995088843097983
3.306041,-4,19.71805,0,0,0,1,1,0.5,1
-14.67969,-4,-10.22116,0,0,0,1,0.5,0.5,0.5
21.41992,-4,9.638551,0,0.5,0,0.8660254,1,1,1
4.024243,-4,-21.28512,0,0,0,1,1,1,1
21.67084,-4,-9.919243,0.3535534,-0.1464466,0.3535534,0.8535534,1,1,1
-8587995088842927973
3.306041,-4,19.71805,0,0,0,1,1,0.5,1
-14.67969,-4,-10.22116,0,0,0,1,0.5,0.5,0.5
21.41992,-4,9.638551,0,0.5,0,0.8660254,1,1,1
4.024243,-4,-21.28512,0,0,0,1,1,1,1
21.67084,-4,-9.919243,0.3535534,-0.1464466,0.3535534,0.8535534,1,1,1
-8587995088842767964
3.306041,-4,19.71805,0,0,0,1,1,0.5,1
-14.67969,-4,-10.22116,0,0,0,1,0.5,0.5,0.5
21.41992,-4,9.638551,0,0.5,0,0.8660254,1,1,1
4.024243,-4,-21.28512,0,0,0,1,1,1,1
21.67084,-4,-9.919243,0.3535534,-0.1464466,0.3535534,0.8535534,1,1,1
-8587995088842597954
3.306041,-4,19.71805,0,0,0,1,1,0.5,1
-14.67969,-4,-10.22116,0,0,0,1,0.5,0.5,0.5
21.41992,-4,9.638551,0,0.5,0,0.8660254,1,1,1
4.024243,-4,-21.28512,0,0,0,1,1,1,1
21.67084,-4,-9.919243,0.3535534,-0.1464466,0.3535534,0.8535534,1,1,1
-8587995088842427944
3.306041,-4,19.71805,0,0,0,1,1,0.5,1
-14.67969,-4,-10.22116,0,0,0,1,0.5,0.5,0.5
21.41992,-4,9.638551,0,0.5,0,0.8660254,1,1,1
4.024243,-4,-21.28512,0,0,0,1,1,1,1
21.67084,-4,-9.919243,0.3535534,-0.1464466,0.3535534,0.8535534,1,1,1
-8587995088842267935
3.306041,-4,19.71805,0,0,0,1,1,0.5,1
-14.67969,-4,-10.22116,0,0,0,1,0.5,0.5,0.5
21.41992,-4,9.638551,0,0.5,0,0.8660254,1,1,1
4.024243,-4,-21.28512,0,0,0,1,1,1,1
21.67084,-4,-9.919243,0.3535534,-0.1464466,0.3535534,0.8535534,1,1,1
-8587995088842097925
3.306041,-4,19.71805,0,0,0,1,1,0.5,1
-14.67969,-4,-10.22116,0,0,0,1,0.5,0.5,0.5
21.41992,-4,9.638551,0,0.5,0,0.8660254,1,1,1
4.024243,-4,-21.28512,0,0,0,1,1,1,1
21.67084,-4,-9.919243,0.3535534,-0.1464466,0.3535534,0.8535534,1,1,1
-8587995088841937916
3.306041,-4,19.71805,0,0,0,1,1,0.5,1
-14.67969,-4,-10.22116,0,0,0,1,0.5,0.5,0.5
21.41992,-4,9.638551,0,0.5,0,0.8660254,1,1,1
4.024243,-4,-21.28512,0,0,0,1,1,1,1
21.67084,-4,-9.919243,0.3535534,-0.1464466,0.3535534,0.8535534,1,1,1
-8587995088841767907
3.306041,-4,19.71805,0,0,0,1,1,0.5,1
-14.67969,-4,-10.22116,0,0,0,1,0.5,0.5,0.5
21.41992,-4,9.638551,0,0.5,0,0.8660254,1,1,1
4.024243,-4,-21.28512,0,0,0,1,1,1,1
21.67084,-4,-9.919243,0.3535534,-0.1464466,0.3535534,0.8535534,1,1,1
-8587995088841607897
3.306041,-4,19.71805,0,0,0,1,1,0.5,1
-14.67969,-4,-10.22116,0,0,0,1,0.5,0.5,0.5
21.41992,-4,9.638551,0,0.5,0,0.8660254,1,1,1
4.024243,-4,-21.28512,0,0,0,1,1,1,1
21.67084,-4,-9.919243,0.3535534,-0.1464466,0.3535534,0.8535534,1,1,1
-8587995088841437888
3.306041,-4,19.71805,0,0,0,1,1,0.5,1
-14.67969,-4,-10.22116,0,0,0,1,0.5,0.5,0.5
21.41992,-4,9.638551,0,0.5,0,0.8660254,1,1,1
4.024243,-4,-21.28512,0,0,0,1,1,1,1
21.67084,-4,-9.919243,0.3535534,-0.1464466,0.3535534,0.8535534,1,1,1
-8587995088841277879
3.306041,-4,19.71805,0,0,0,1,1,0.5,1
-14.67969,-4,-10.22116,0,0,0,1,0.5,0.5,0.5
21.41992,-4,9.638551,0,0.5,0,0.8660254,1,1,1
4.024243,-4,-21.28512,0,0,0,1,1,1,1
21.67084,-4,-9.919243,0.3535534,-0.1464466,0.3535534,0.8535534,1,1,1
-8587995088841107869
3.306041,-4,19.71805,0,0,0,1,1,0.5,1
-14.67969,-4,-10.22116,0,0,0,1,0.5,0.5,0.5
21.41992,-4,9.638551,0,0.5,0,0.8660254,1,1,1
4.024243,-4,-21.28512,0,0,0,1,1,1,1
21.67084,-4,-9.919243,0.3535534,-0.1464466,0.3535534,0.8535534,1,1,1
-8587995088840937859
3.306041,-4,19.71805,0,0,0,1,1,0.5,1
-14.67969,-4,-10.22116,0,0,0,1,0.5,0.5,0.5
21.41992,-4,9.638551,0,0.5,0,0.8660254,1,1,1
4.024243,-4,-21.28512,0,0,0,1,1,1,1
21.67084,-4,-9.919243,0.3535534,-0.1464466,0.3535534,0.8535534,1,1,1
-8587995088840777850
3.306041,-4,19.71805,0,0,0,1,1,0.5,1
-14.67969,-4,-10.22116,0,0,0,1,0.5,0.5,0.5
21.41992,-4,9.638551,0,0.5,0,0.8660254,1,1,1
4.024243,-4,-21.28512,0,0,0,1,1,1,1
21.67084,-4,-9.919243,0.3535534,-0.1464466,0.3535534,0.8535534,1,1,1
-8587995088840617841
3.306041,-4,19.71805,0,0,0,1,1,0.5,1
-14.67969,-4,-10.22116,0,0,0,1,0.5,0.5,0.5
21.41992,-4,9.638551,0,0.5,0,0.8660254,1,1,1
4.024243,-4,-21.28512,0,0,0,1,1,1,1
21.67084,-4,-9.919243,0.3535534,-0.1464466,0.3535534,0.8535534,1,1,1
-8587995088840447831
3.306041,-4,19.71805,0,0,0,1,1,0.5,1
-14.67969,-4,-10.22116,0,0,0,1,0.5,0.5,0.5
21.41992,-4,9.638551,0,0.5,0,0.8660254,1,1,1
4.024243,-4,-21.28512,0,0,0,1,1,1,1
21.67084,-4,-9.919243,0.3535534,-0.1464466,0.3535534,0.8535534,1,1,1
-8587995088840277821
3.306041,-4,19.71805,0,0,0,1,1,0.5,1
-14.67969,-4,-10.22116,0,0,0,1,0.5,0.5,0.5
21.41992,-4,9.638551,0,0.5,0,0.8660254,1,1,1
4.024243,-4,-21.28512,0,0,0,1,1,1,1
21.67084,-4,-9.919243,0.3535534,-0.1464466,0.3535534,0.8535534,1,1,1
-8587995088840117812
3.306041,-4,19.71805,0,0,0,1,1,0.5,1
-14.67969,-4,-10.22116,0,0,0,1,0.5,0.5,0.5
21.41992,-4,9.638551,0,0.5,0,0.8660254,1,1,1
4.024243,-4,-21.28512,0,0,0,1,1,1,1
21.67084,-4,-9.919243,0.3535534,-0.1464466,0.3535534,0.8535534,1,1,1
-8587995088839947803
3.306041,-4,19.71805,0,0,0,1,1,0.5,1
-14.67969,-4,-10.22116,0,0,0,1,0.5,0.5,0.5
21.41992,-4,9.638551,0,0.5,0,0.8660254,1,1,1
4.024243,-4,-21.28512,0,0,0,1,1,1,1
21.67084,-4,-9.919243,0.3535534,-0.1464466,0.3535534,0.8535534,1,1,1
-8587995088839777793
3.306041,-4,19.71805,0,0,0,1,1,0.5,1
-14.67969,-4,-10.22116,0,0,0,1,0.5,0.5,0.5
21.41992,-4,9.638551,0,0.5,0,0.8660254,1,1,1
4.024243,-4,-21.28512,0,0,0,1,1,1,1
21.67084,-4,-9.919243,0.3535534,-0.1464466,0.3535534,0.8535534,1,1,1
-8587995088839617784
3.306041,-4,19.71805,0,0,0,1,1,0.5,1
-14.67969,-4,-10.22116,0,0,0,1,0.5,0.5,0.5
21.41992,-4,9.638551,0,0.5,0,0.8660254,1,1,1
4.024243,-4,-21.28512,0,0,0,1,1,1,1
21.67084,-4,-9.919243,0.3535534,-0.1464466,0.3535534,0.8535534,1,1,1
-8587995088839447774
3.306041,-4,19.71805,0,0,0,1,1,0.5,1
-14.67969,-4,-10.22116,0,0,0,1,0.5,0.5,0.5
21.41992,-4,9.638551,0,0.5,0,0.8660254,1,1,1
4.024243,-4,-21.28512,0,0,0,1,1,1,1
21.67084,-4,-9.919243,0.3535534,-0.1464466,0.3535534,0.8535534,1,1,1
-8587995088839287765
3.306041,-4,19.71805,0,0,0,1,1,0.5,1
-14.67969,-4,-10.22116,0,0,0,1,0.5,0.5,0.5
21.41992,-4,9.638551,0,0.5,0,0.8660254,1,1,1
4.024243,-4,-21.28512,0,0,0,1,1,1,1
21.67084,-4,-9.919243,0.3535534,-0.1464466,0.3535534,0.8535534,1,1,1
-8587995088839117755
3.306041,-4,19.71805,0,0,0,1,1,0.5,1
-14.67969,-4,-10.22116,0,0,0,1,0.5,0.5,0.5
21.41992,-4,9.638551,0,0.5,0,0.8660254,1,1,1
4.024243,-4,-21.28512,0,0,0,1,1,1,1
21.67084,-4,-9.919243,0.3535534,-0.1464466,0.3535534,0.8535534,1,1,1
-8587995088838957746
3.306041,-4,19.71805,0,0,0,1,1,0.5,1
-14.67969,-4,-10.22116,0,0,0,1,0.5,0.5,0.5
21.41992,-4,9.638551,0,0.5,0,0.8660254,1,1,1
4.024243,-4,-21.28512,0,0,0,1,1,1,1
21.67084,-4,-9.919243,0.3535534,-0.1464466,0.3535534,0.8535534,1,1,1
-8587995088838787736
3.306041,-4,19.71805,0,0,0,1,1,0.5,1
-14.67969,-4,-10.22116,0,0,0,1,0.5,0.5,0.5
21.41992,-4,9.638551,0,0.5,0,0.8660254,1,1,1
4.024243,-4,-21.28512,0,0,0,1,1,1,1
21.67084,-4,-9.919243,0.3535534,-0.1464466,0.3535534,0.8535534,1,1,1
-8587995088838627727
3.306041,-4,19.71805,0,0,0,1,1,0.5,1
-14.67969,-4,-10.22116,0,0,0,1,0.5,0.5,0.5
21.41992,-4,9.638551,0,0.5,0,0.8660254,1,1,1
4.024243,-4,-21.28512,0,0,0,1,1,1,1
21.67084,-4,-9.919243,0.3535534,-0.1464466,0.3535534,0.8535534,1,1,1
-8587995088838457717
3.306041,-4,19.71805,0,0,0,1,1,0.5,1
-14.67969,-4,-10.22116,0,0,0,1,0.5,0.5,0.5
21.41992,-4,9.638551,0,0.5,0,0.8660254,1,1,1
4.024243,-4,-21.28512,0,0,0,1,1,1,1
21.67084,-4,-9.919243,0.3535534,-0.1464466,0.3535534,0.8535534,1,1,1
-8587995088838287708
3.306041,-4,19.71805,0,0,0,1,1,0.5,1
-14.67969,-4,-10.22116,0,0,0,1,0.5,0.5,0.5
21.41992,-4,9.638551,0,0.5,0,0.8660254,1,1,1
4.024243,-4,-21.28512,0,0,0,1,1,1,1
21.67084,-4,-9.919243,0.3535534,-0.1464466,0.3535534,0.8535534,1,1,1
-8587995088838127698
3.306041,-4,19.71805,0,0,0,1,1,0.5,1
-14.67969,-4,-10.22116,0,0,0,1,0.5,0.5,0.5
21.41992,-4,9.638551,0,0.5,0,0.8660254,1,1,1
4.024243,-4,-21.28512,0,0,0,1,1,1,1
21.67084,-4,-9.919243,0.3535534,-0.1464466,0.3535534,0.8535534,1,1,1
-8587995088837957689
3.306041,-4,19.71805,0,0,0,1,1,0.5,1
-14.67969,-4,-10.22116,0,0,0,1,0.5,0.5,0.5
21.41992,-4,9.638551,0,0.5,0,0.8660254,1,1,1
4.024243,-4,-21.28512,0,0,0,1,1,1,1
21.67084,-4,-9.919243,0.3535534,-0.1464466,0.3535534,0.8535534,1,1,1
-8587995088837797680
3.306041,-4,19.71805,0,0,0,1,1,0.5,1
-14.67969,-4,-10.22116,0,0,0,1,0.5,0.5,0.5
21.41992,-4,9.638551,0,0.5,0,0.8660254,1,1,1
4.024243,-4,-21.28512,0,0,0,1,1,1,1
21.67084,-4,-9.919243,0.3535534,-0.1464466,0.3535534,0.8535534,1,1,1
-8587995088837627670
3.306041,-4,19.71805,0,0,0,1,1,0.5,1
-14.67969,-4,-10.22116,0,0,0,1,0.5,0.5,0.5
21.41992,-4,9.638551,0,0.5,0,0.8660254,1,1,1
4.024243,-4,-21.28512,0,0,0,1,1,1,1
21.67084,-4,-9.919243,0.3535534,-0.1464466,0.3535534,0.8535534,1,1,1
-8587995088837467661
3.306041,-4,19.71805,0,0,0,1,1,0.5,1
-14.67969,-4,-10.22116,0,0,0,1,0.5,0.5,0.5
21.41992,-4,9.638551,0,0.5,0,0.8660254,1,1,1
4.024243,-4,-21.28512,0,0,0,1,1,1,1
21.67084,-4,-9.919243,0.3535534,-0.1464466,0.3535534,0.8535534,1,1,1
-8587995088837297651
3.306041,-4,19.71805,0,0,0,1,1,0.5,1
-14.67969,-4,-10.22116,0,0,0,1,0.5,0.5,0.5
21.41992,-4,9.638551,0,0.5,0,0.8660254,1,1,1
4.024243,-4,-21.28512,0,0,0,1,1,1,1
21.67084,-4,-9.919243,0.3535534,-0.1464466,0.3535534,0.8535534,1,1,1
-8587995088837137642
3.306041,-4,19.71805,0,0,0,1,1,0.5,1
-14.67969,-4,-10.22116,0,0,0,1,0.5,0.5,0.5
21.41992,-4,9.638551,0,0.5,0,0.8660254,1,1,1
4.024243,-4,-21.28512,0,0,0,1,1,1,1
21.67084,-4,-9.919243,0.3535534,-0.1464466,0.3535534,0.8535534,1,1,1
-8587995088836967632
3.306041,-4,19.71805,0,0,0,1,1,0.5,1
-14.67969,-4,-10.22116,0,0,0,1,0.5,0.5,0.5
21.41992,-4,9.638551,0,0.5,0,0.8660254,1,1,1
4.024243,-4,-21.28512,0,0,0,1,1,1,1
21.67084,-4,-9.919243,0.3535534,-0.1464466,0.3535534,0.8535534,1,1,1
-8587995088836807623
3.306041,-4,19.71805,0,0,0,1,1,0.5,1
-14.67969,-4,-10.22116,0,0,0,1,0.5,0.5,0.5
21.41992,-4,9.638551,0,0.5,0,0.8660254,1,1,1
4.024243,-4,-21.28512,0,0,0,1,1,1,1
21.67084,-4,-9.919243,0.3535534,-0.1464466,0.3535534,0.8535534,1,1,1
-8587995088836637613
3.306041,-4,19.71805,0,0,0,1,1,0.5,1
-14.67969,-4,-10.22116,0,0,0,1,0.5,0.5,0.5
21.41992,-4,9.638551,0,0.5,0,0.8660254,1,1,1
4.024243,-4,-21.28512,0,0,0,1,1,1,1
21.67084,-4,-9.919243,0.3535534,-0.1464466,0.3535534,0.8535534,1,1,1
-8587995088836467603
3.306041,-4,19.71805,0,0,0,1,1,0.5,1
-14.67969,-4,-10.22116,0,0,0,1,0.5,0.5,0.5
21.41992,-4,9.638551,0,0.5,0,0.8660254,1,1,1
4.024243,-4,-21.28512,0,0,0,1,1,1,1
21.67084,-4,-9.919243,0.3535534,-0.1464466,0.3535534,0.8535534,1,1,1
-8587995088836307594
3.306041,-4,19.71805,0,0,0,1,1,0.5,1
-14.67969,-4,-10.22116,0,0,0,1,0.5,0.5,0.5
21.41992,-4,9.638551,0,0.5,0,0.8660254,1,1,1
4.024243,-4,-21.28512,0,0,0,1,1,1,1
21.67084,-4,-9.919243,0.3535534,-0.1464466,0.3535534,0.8535534,1,1,1
-8587995088836137585
3.306041,-4,19.71805,0,0,0,1,1,0.5,1
-14.67969,-4,-10.22116,0,0,0,1,0.5,0.5,0.5
21.41992,-4,9.638551,0,0.5,0,0.8660254,1,1,1
4.024243,-4,-21.28512,0,0,0,1,1,1,1
21.67084,-4,-9.919243,0.3535534,-0.1464466,0.3535534,0.8535534,1,1,1
-8587995088835977575
3.306041,-4,19.71805,0,0,0,1,1,0.5,1
-14.67969,-4,-10.22116,0,0,0,1,0.5,0.5,0.5
21.41992,-4,9.638551,0,0.5,0,0.8660254,1,1,1
4.024243,-4,-21.28512,0,0,0,1,1,1,1
21.67084,-4,-9.919243,0.3535534,-0.1464466,0.3535534,0.8535534,1,1,1
-8587995088835807566
3.306041,-4,19.71805,0,0,0,1,1,0.5,1
-14.67969,-4,-10.22116,0,0,0,1,0.5,0.5,0.5
21.41992,-4,9.638551,0,0.5,0,0.8660254,1,1,1
4.024243,-4,-21.28512,0,0,0,1,1,1,1
21.67084,-4,-9.919243,0.3535534,-0.1464466,0.3535534,0.8535534,1,1,1
-8587995088835647557
3.306041,-4,19.71805,0,0,0,1,1,0.5,1
-14.67969,-4,-10.22116,0,0,0,1,0.5,0.5,0.5
21.41992,-4,9.638551,0,0.5,0,0.8660254,1,1,1
4.024243,-4,-21.28512,0,0,0,1,1,1,1
21.67084,-4,-9.919243,0.3535534,-0.1464466,0.3535534,0.8535534,1,1,1
-8587995088835477547
3.306041,-4,19.71805,0,0,0,1,1,0.5,1
-14.67969,-4,-10.22116,0,0,0,1,0.5,0.5,0.5
21.41992,-4,9.638551,0,0.5,0,0.8660254,1,1,1
4.024243,-4,-21.28512,0,0,0,1,1,1,1
21.67084,-4,-9.919243,0.3535534,-0.1464466,0.3535534,0.8535534,1,1,1
-8587995088835307537
3.306041,-4,19.71805,0,0,0,1,1,0.5,1
-14.67969,-4,-10.22116,0,0,0,1,0.5,0.5,0.5
21.41992,-4,9.638551,0,0.5,0,0.8660254,1,1,1
4.024243,-4,-21.28512,0,0,0,1,1,1,1
21.67084,-4,-9.919243,0.3535534,-0.1464466,0.3535534,0.8535534,1,1,1
-8587995088835147528
3.306041,-4,19.71805,0,0,0,1,1,0.5,1
-14.67969,-4,-10.22116,0,0,0,1,0.5,0.5,0.5
21.41992,-4,9.638551,0,0.5,0,0.8660254,1,1,1
4.024243,-4,-21.28512,0,0,0,1,1,1,1
21.67084,-4,-9.919243,0.3535534,-0.1464466,0.3535534,0.8535534,1,1,1
-8587995088834977518
3.306041,-4,19.71805,0,0,0,1,1,0.5,1
-14.67969,-4,-10.22116,0,0,0,1,0.5,0.5,0.5
21.41992,-4,9.638551,0,0.5,0,0.8660254,1,1,1
4.024243,-4,-21.28512,0,0,0,1,1,1,1
21.67084,-4,-9.919243,0.3535534,-0.1464466,0.3535534,0.8535534,1,1,1
-8587995088834817509
3.306041,-4,19.71805,0,0,0,1,1,0.5,1
-14.67969,-4,-10.22116,0,0,0,1,0.5,0.5,0.5
21.41992,-4,9.638551,0,0.5,0,0.8660254,1,1,1
4.024243,-4,-21.28512,0,0,0,1,1,1,1
21.67084,-4,-9.919243,0.3535534,-0.1464466,0.3535534,0.8535534,1,1,1
-8587995088834647499
3.306041,-4,19.71805,0,0,0,1,1,0.5,1
-14.67969,-4,-10.22116,0,0,0,1,0.5,0.5,0.5
21.41992,-4,9.638551,0,0.5,0,0.8660254,1,1,1
4.024243,-4,-21.28512,0,0,0,1,1,1,1
21.67084,-4,-9.919243,0.3535534,-0.1464466,0.3535534,0.8535534,1,1,1
-8587995088834487490
3.306041,-4,19.71805,0,0,0,1,1,0.5,1
-14.67969,-4,-10.22116,0,0,0,1,0.5,0.5,0.5
21.41992,-4,9.638551,0,0.5,0,0.8660254,1,1,1
4.024243,-4,-21.28512,0,0,0,1,1,1,1
21.67084,-4,-9.919243,0.3535534,-0.1464466,0.3535534,0.8535534,1,1,1
-8587995088834317480
3.306041,-4,19.71805,0,0,0,1,1,0.5,1
-14.67969,-4,-10.22116,0,0,0,1,0.5,0.5,0.5
21.41992,-4,9.638551,0,0.5,0,0.8660254,1,1,1
4.024243,-4,-21.28512,0,0,0,1,1,1,1
21.67084,-4,-9.919243,0.3535534,-0.1464466,0.3535534,0.8535534,1,1,1
-8587995088834157471
3.306041,-4,19.71805,0,0,0,1,1,0.5,1
-14.67969,-4,-10.22116,0,0,0,1,0.5,0.5,0.5
21.41992,-4,9.638551,0,0.5,0,0.8660254,1,1,1
4.024243,-4,-21.28512,0,0,0,1,1,1,1
21.67084,-4,-9.919243,0.3535534,-0.1464466,0.3535534,0.8535534,1,1,1
-8587995088833987462
3.306041,-4,19.71805,0,0,0,1,1,0.5,1
-14.67969,-4,-10.22116,0,0,0,1,0.5,0.5,0.5
21.41992,-4,9.638551,0,0.5,0,0.8660254,1,1,1
4.024243,-4,-21.28512,0,0,0,1,1,1,1
21.67084,-4,-9.919243,0.3535534,-0.1464466,0.3535534,0.8535534,1,1,1
-8587995088833817452
3.306041,-4,19.71805,0,0,0,1,1,0.5,1
-14.67969,-4,-10.22116,0,0,0,1,0.5,0.5,0.5
21.41992,-4,9.638551,0,0.5,0,0.8660254,1,1,1
4.024243,-4,-21.28512,0,0,0,1,1,1,1
21.67084,-4,-9.919243,0.3535534,-0.1464466,0.3535534,0.8535534,1,1,1
-8587995088833657443
3.306041,-4,19.71805,0,0,0,1,1,0.5,1
-14.67969,-4,-10.22116,0,0,0,1,0.5,0.5,0.5
21.41992,-4,9.638551,0,0.5,0,0.8660254,1,1,1
4.024243,-4,-21.28512,0,0,0,1,1,1,1
21.67084,-4,-9.919243,0.3535534,-0.1464466,0.3535534,0.8535534,1,1,1
-8587995088833487433
3.306041,-4,19.71805,0,0,0,1,1,0.5,1
-14.67969,-4,-10.22116,0,0,0,1,0.5,0.5,0.5
21.41992,-4,9.638551,0,0.5,0,0.8660254,1,1,1
4.024243,-4,-21.28512,0,0,0,1,1,1,1
21.67084,-4,-9.919243,0.3535534,-0.1464466,0.3535534,0.8535534,1,1,1
-8587995088833327424
3.306041,-4,19.71805,0,0,0,1,1,0.5,1
-14.67969,-4,-10.22116,0,0,0,1,0.5,0.5,0.5
21.41992,-4,9.638551,0,0.5,0,0.8660254,1,1,1
4.024243,-4,-21.28512,0,0,0,1,1,1,1
21.67084,-4,-9.919243,0.3535534,-0.1464466,0.3535534,0.8535534,1,1,1
-8587995088833157414
3.306041,-4,19.71805,0,0,0,1,1,0.5,1
-14.67969,-4,-10.22116,0,0,0,1,0.5,0.5,0.5
21.41992,-4,9.638551,0,0.5,0,0.8660254,1,1,1
4.024243,-4,-21.28512,0,0,0,1,1,1,1
21.67084,-4,-9.919243,0.3535534,-0.1464466,0.3535534,0.8535534,1,1,1
-8587995088832997405
3.306041,-4,19.71805,0,0,0,1,1,0.5,1
-14.67969,-4,-10.22116,0,0,0,1,0.5,0.5,0.5
21.41992,-4,9.638551,0,0.5,0,0.8660254,1,1,1
4.024243,-4,-21.28512,0,0,0,1,1,1,1
21.67084,-4,-9.919243,0.3535534,-0.1464466,0.3535534,0.8535534,1,1,1
-8587995088832827395
3.306041,-4,19.71805,0,0,0,1,1,0.5,1
-14.67969,-4,-10.22116,0,0,0,1,0.5,0.5,0.5
21.41992,-4,9.638551,0,0.5,0,0.8660254,1,1,1
4.024243,-4,-21.28512,0,0,0,1,1,1,1
21.67084,-4,-9.919243,0.3535534,-0.1464466,0.3535534,0.8535534,1,1,1
-8587995088832667386
3.306041,-4,19.71805,0,0,0,1,1,0.5,1
-14.67969,-4,-10.22116,0,0,0,1,0.5,0.5,0.5
21.41992,-4,9.638551,0,0.5,0,0.8660254,1,1,1
4.024243,-4,-21.28512,0,0,0,1,1,1,1
21.67084,-4,-9.919243,0.3535534,-0.1464466,0.3535534,0.8535534,1,1,1
-8587995088832497376
3.306041,-4,19.71805,0,0,0,1,1,0.5,1
-14.67969,-4,-10.22116,0,0,0,1,0.5,0.5,0.5
21.41992,-4,9.638551,0,0.5,0,0.8660254,1,1,1
4.024243,-4,-21.28512,0,0,0,1,1,1,1
21.67084,-4,-9.919243,0.3535534,-0.1464466,0.3535534,0.8535534,1,1,1
-8587995088832327367
3.306041,-4,19.71805,0,0,0,1,1,0.5,1
-14.67969,-4,-10.22116,0,0,0,1,0.5,0.5,0.5
21.41992,-4,9.638551,0,0.5,0,0.8660254,1,1,1
4.024243,-4,-21.28512,0,0,0,1,1,1,1
21.67084,-4,-9.919243,0.3535534,-0.1464466,0.3535534,0.8535534,1,1,1
-8587995088832167357
3.306041,-4,19.71805,0,0,0,1,1,0.5,1
-14.67969,-4,-10.22116,0,0,0,1,0.5,0.5,0.5
21.41992,-4,9.638551,0,0.5,0,0.8660254,1,1,1
4.024243,-4,-21.28512,0,0,0,1,1,1,1
21.67084,-4,-9.919243,0.3535534,-0.1464466,0.3535534,0.8535534,1,1,1
-8587995088831997348
3.306041,-4,19.71805,0,0,0,1,1,0.5,1
-14.67969,-4,-10.22116,0,0,0,1,0.5,0.5,0.5
21.41992,-4,9.638551,0,0.5,0,0.8660254,1,1,1
4.024243,-4,-21.28512,0,0,0,1,1,1,1
21.67084,-4,-9.919243,0.3535534,-0.1464466,0.3535534,0.8535534,1,1,1
-8587995088831837339
3.306041,-4,19.71805,0,0,0,1,1,0.5,1
-14.67969,-4,-10.22116,0,0,0,1,0.5,0.5,0.5
21.41992,-4,9.638551,0,0.5,0,0.8660254,1,1,1
4.024243,-4,-21.28512,0,0,0,1,1,1,1
21.67084,-4,-9.919243,0.3535534,-0.1464466,0.3535534,0.8535534,1,1,1
-8587995088831667329
3.306041,-4,19.71805,0,0,0,1,1,0.5,1
-14.67969,-4,-10.22116,0,0,0,1,0.5,0.5,0.5
21.41992,-4,9.638551,0,0.5,0,0.8660254,1,1,1
4.024243,-4,-21.28512,0,0,0,1,1,1,1
21.67084,-4,-9.919243,0.3535534,-0.1464466,0.3535534,0.8535534,1,1,1
-8587995088831497319
3.306041,-4,19.71805,0,0,0,1,1,0.5,1
-14.67969,-4,-10.22116,0,0,0,1,0.5,0.5,0.5
21.41992,-4,9.638551,0,0.5,0,0.8660254,1,1,1
4.024243,-4,-21.28512,0,0,0,1,1,1,1
21.67084,-4,-9.919243,0.3535534,-0.1464466,0.3535534,0.8535534,1,1,1
-8587995088831337310
3.306041,-4,19.71805,0,0,0,1,1,0.5,1
-14.67969,-4,-10.22116,0,0,0,1,0.5,0.5,0.5
21.41992,-4,9.638551,0,0.5,0,0.8660254,1,1,1
4.024243,-4,-21.28512,0,0,0,1,1,1,1
21.67084,-4,-9.919243,0.3535534,-0.1464466,0.3535534,0.8535534,1,1,1
-8587995088831167300
3.306041,-4,19.71805,0,0,0,1,1,0.5,1
-14.67969,-4,-10.22116,0,0,0,1,0.5,0.5,0.5
21.41992,-4,9.638551,0,0.5,0,0.8660254,1,1,1
4.024243,-4,-21.28512,0,0,0,1,1,1,1
21.67084,-4,-9.919243,0.3535534,-0.1464466,0.3535534,0.8535534,1,1,1
-8587995088831007291
3.306041,-4,19.71805,0,0,0,1,1,0.5,1
-14.67969,-4,-10.22116,0,0,0,1,0.5,0.5,0.5
21.41992,-4,9.638551,0,0.5,0,0.8660254,1,1,1
4.024243,-4,-21.28512,0,0,0,1,1,1,1
21.67084,-4,-9.919243,0.3535534,-0.1464466,0.3535534,0.8535534,1,1,1
-8587995088830837281
3.306041,-4,19.71805,0,0,0,1,1,0.5,1
-14.67969,-4,-10.22116,0,0,0,1,0.5,0.5,0.5
21.41992,-4,9.638551,0,0.5,0,0.8660254,1,1,1
4.024243,-4,-21.28512,0,0,0,1,1,1,1
21.67084,-4,-9.919243,0.3535534,-0.1464466,0.3535534,0.8535534,1,1,1
-8587995088830677272
3.306041,-4,19.71805,0,0,0,1,1,0.5,1
-14.67969,-4,-10.22116,0,0,0,1,0.5,0.5,0.5
21.41992,-4,9.638551,0,0.5,0,0.8660254,1,1,1
4.024243,-4,-21.28512,0,0,0,1,1,1,1
21.67084,-4,-9.919243,0.3535534,-0.1464466,0.3535534,0.8535534,1,1,1
-8587995088830507263
3.306041,-4,19.71805,0,0,0,1,1,0.5,1
-14.67969,-4,-10.22116,0,0,0,1,0.5,0.5,0.5
21.41992,-4,9.638551,0,0.5,0,0.8660254,1,1,1
4.024243,-4,-21.28512,0,0,0,1,1,1,1
21.67084,-4,-9.919243,0.3535534,-0.1464466,0.3535534,0.8535534,1,1,1
-8587995088830347253
3.306041,-4,19.71805,0,0,0,1,1,0.5,1
-14.67969,-4,-10.22116,0,0,0,1,0.5,0.5,0.5
21.41992,-4,9.638551,0,0.5,0,0.8660254,1,1,1
4.024243,-4,-21.28512,0,0,0,1,1,1,1
21.67084,-4,-9.919243,0.3535534,-0.1464466,0.3535534,0.8535534,1,1,1
-8587995088830177244
3.306041,-4,19.71805,0,0,0,1,1,0.5,1
-14.67969,-4,-10.22116,0,0,0,1,0.5,0.5,0.5
21.41992,-4,9.638551,0,0.5,0,0.8660254,1,1,1
4.024243,-4,-21.28512,0,0,0,1,1,1,1
21.67084,-4,-9.919243,0.3535534,-0.1464466,0.3535534,0.8535534,1,1,1
-8587995088830007234
3.306041,-4,19.71805,0,0,0,1,1,0.5,1
-14.67969,-4,-10.22116,0,0,0,1,0.5,0.5,0.5
21.41992,-4,9.638551,0,0.5,0,0.8660254,1,1,1
4.024243,-4,-21.28512,0,0,0,1,1,1,1
21.67084,-4,-9.919243,0.3535534,-0.1464466,0.3535534,0.8535534,1,1,1
-8587995088829847225
3.306041,-4,19.71805,0,0,0,1,1,0.5,1
-14.67969,-4,-10.22116,0,0,0,1,0.5,0.5,0.5
21.41992,-4,9.638551,0,0.5,0,0.8660254,1,1,1
4.024243,-4,-21.28512,0,0,0,1,1,1,1
21.67084,-4,-9.919243,0.3535534,-0.1464466,0.3535534,0.8535534,1,1,1
-8587995088829677215
3.306041,-4,19.71805,0,0,0,1,1,0.5,1
-14.67969,-4,-10.22116,0,0,0,1,0.5,0.5,0.5
21.41992,-4,9.638551,0,0.5,0,0.8660254,1,1,1
4.024243,-4,-21.28512,0,0,0,1,1,1,1
21.67084,-4,-9.919243,0.3535534,-0.1464466,0.3535534,0.8535534,1,1,1
-8587995088829507205
3.306041,-4,19.71805,0,0,0,1,1,0.5,1
-14.67969,-4,-10.22116,0,0,0,1,0.5,0.5,0.5
21.41992,-4,9.638551,0,0.5,0,0.8660254,1,1,1
4.024243,-4,-21.28512,0,0,0,1,1,1,1
21.67084,-4,-9.919243,0.3535534,-0.1464466,0.3535534,0.8535534,1,1,1
-8587995088829347196
3.306041,-4,19.71805,0,0,0,1,1,0.5,1
-14.67969,-4,-10.22116,0,0,0,1,0.5,0.5,0.5
21.41992,-4,9.638551,0,0.5,0,0.8660254,1,1,1
4.024243,-4,-21.28512,0,0,0,1,1,1,1
21.67084,-4,-9.919243,0.3535534,-0.1464466,0.3535534,0.8535534,1,1,1
-8587995088829187187
3.306041,-4,19.71805,0,0,0,1,1,0.5,1
-14.67969,-4,-10.22116,0,0,0,1,0.5,0.5,0.5
21.41992,-4,9.638551,0,0.5,0,0.8660254,1,1,1
4.024243,-4,-21.28512,0,0,0,1,1,1,1
21.67084,-4,-9.919243,0.3535534,-0.1464466,0.3535534,0.8535534,1,1,1
-8587995088829017177
3.306041,-4,19.71805,0,0,0,1,1,0.5,1
-14.67969,-4,-10.22116,0,0,0,1,0.5,0.5,0.5
21.41992,-4,9.638551,0,0.5,0,0.8660254,1,1,1
4.024243,-4,-21.28512,0,0,0,1,1,1,1
21.67084,-4,-9.919243,0.3535534,-0.1464466,0.3535534,0.8535534,1,1,1
-8587995088828847168
3.306041,-4,19.71805,0,0,0,1,1,0.5,1
-14.67969,-4,-10.22116,0,0,0,1,0.5,0.5,0.5
21.41992,-4,9.638551,0,0.5,0,0.8660254,1,1,1
4.024243,-4,-21.28512,0,0,0,1,1,1,1
21.67084,-4,-9.919243,0.3535534,-0.1464466,0.3535534,0.8535534,1,1,1
-8587995088828687158
3.306041,-4,19.71805,0,0,0,1,1,0.5,1
-14.67969,-4,-10.22116,0,0,0,1,0.5,0.5,0.5
21.41992,-4,9.638551,0,0.5,0,0.8660254,1,1,1
4.024243,-4,-21.28512,0,0,0,1,1,1,1
21.67084,-4,-9.919243,0.3535534,-0.1464466,0.3535534,0.8535534,1,1,1
-8587995088828517149
3.306041,-4,19.71805,0,0,0,1,1,0.5,1
-14.67969,-4,-10.22116,0,0,0,1,0.5,0.5,0.5
21.41992,-4,9.638551,0,0.5,0,0.8660254,1,1,1
4.024243,-4,-21.28512,0,0,0,1,1,1,1
21.67084,-4,-9.919243,0.3535534,-0.1464466,0.3535534,0.8535534,1,1,1
-8587995088828357140
3.306041,-4,19.71805,0,0,0,1,1,0.5,1
-14.67969,-4,-10.22116,0,0,0,1,0.5,0.5,0.5
21.41992,-4,9.638551,0,0.5,0,0.8660254,1,1,1
4.024243,-4,-21.28512,0,0,0,1,1,1,1
21.67084,-4,-9.919243,0.3535534,-0.1464466,0.3535534,0.8535534,1,1,1
-8587995088828187130
3.306041,-4,19.71805,0,0,0,1,1,0.5,1
-14.67969,-4,-10.22116,0,0,0,1,0.5,0.5,0.5
21.41992,-4,9.638551,0,0.5,0,0.8660254,1,1,1
4.024243,-4,-21.28512,0,0,0,1,1,1,1
21.67084,-4,-9.919243,0.3535534,-0.1464466,0.3535534,0.8535534,1,1,1
-8587995088828027121
3.306041,-4,19.71805,0,0,0,1,1,0.5,1
-14.67969,-4,-10.22116,0,0,0,1,0.5,0.5,0.5
21.41992,-4,9.638551,0,0.5,0,0.8660254,1,1,1
4.024243,-4,-21.28512,0,0,0,1,1,1,1
21.67084,-4,-9.919243,0.3535534,-0.1464466,0.3535534,0.8535534,1,1,1
-8587995088827857111
3.306041,-4,19.71805,0,0,0,1,1,0.5,1
-14.67969,-4,-10.22116,0,0,0,1,0.5,0.5,0.5
21.41992,-4,9.638551,0,0.5,0,0.8660254,1,1,1
4.024243,-4,-21.28512,0,0,0,1,1,1,1
21.67084,-4,-9.919243,0.3535534,-0.1464466,0.3535534,0.8535534,1,1,1
-8587995088827687101
3.306041,-4,19.71805,0,0,0,1,1,0.5,1
-14.67969,-4,-10.22116,0,0,0,1,0.5,0.5,0.5
21.41992,-4,9.638551,0,0.5,0,0.8660254,1,1,1
4.024243,-4,-21.28512,0,0,0,1,1,1,1
21.67084,-4,-9.919243,0.3535534,-0.1464466,0.3535534,0.8535534,1,1,1
-8587995088827527092
3.306041,-4,19.71805,0,0,0,1,1,0.5,1
-14.67969,-4,-10.22116,0,0,0,1,0.5,0.5,0.5
21.41992,-4,9.638551,0,0.5,0,0.8660254,1,1,1
4.024243,-4,-21.28512,0,0,0,1,1,1,1
21.67084,-4,-9.919243,0.3535534,-0.1464466,0.3535534,0.8535534,1,1,1
-8587995088827357082
3.306041,-4,19.71805,0,0,0,1,1,0.5,1
-14.67969,-4,-10.22116,0,0,0,1,0.5,0.5,0.5
21.41992,-4,9.638551,0,0.5,0,0.8660254,1,1,1
4.024243,-4,-21.28512,0,0,0,1,1,1,1
21.67084,-4,-9.919243,0.3535534,-0.1464466,0.3535534,0.8535534,1,1,1
-8587995088827197073
3.306041,-4,19.71805,0,0,0,1,1,0.5,1
-14.67969,-4,-10.22116,0,0,0,1,0.5,0.5,0.5
21.41992,-4,9.638551,0,0.5,0,0.8660254,1,1,1
4.024243,-4,-21.28512,0,0,0,1,1,1,1
21.67084,-4,-9.919243,0.3535534,-0.1464466,0.3535534,0.8535534,1,1,1
-8587995088827027063
3.306041,-4,19.71805,0,0,0,1,1,0.5,1
-14.67969,-4,-10.22116,0,0,0,1,0.5,0.5,0.5
21.41992,-4,9.638551,0,0.5,0,0.8660254,1,1,1
4.024243,-4,-21.28512,0,0,0,1,1,1,1
21.67084,-4,-9.919243,0.3535534,-0.1464466,0.3535534,0.8535534,1,1,1
-8587995088826867054
3.306041,-4,19.71805,0,0,0,1,1,0.5,1
-14.67969,-4,-10.22116,0,0,0,1,0.5,0.5,0.5
21.41992,-4,9.638551,0,0.5,0,0.8660254,1,1,1
4.024243,-4,-21.28512,0,0,0,1,1,1,1
21.67084,-4,-9.919243,0.3535534,-0.1464466,0.3535534,0.8535534,1,1,1
-8587995088826697045
3.306041,-4,19.71805,0,0,0,1,1,0.5,1
-14.67969,-4,-10.22116,0,0,0,1,0.5,0.5,0.5
21.41992,-4,9.638551,0,0.5,0,0.8660254,1,1,1
4.024243,-4,-21.28512,0,0,0,1,1,1,1
21.67084,-4,-9.919243,0.3535534,-0.1464466,0.3535534,0.8535534,1,1,1
-8587995088826537035
3.306041,-4,19.71805,0,0,0,1,1,0.5,1
-14.67969,-4,-10.22116,0,0,0,1,0.5,0.5,0.5
21.41992,-4,9.638551,0,0.5,0,0.8660254,1,1,1
4.024243,-4,-21.28512,0,0,0,1,1,1,1
21.67084,-4,-9.919243,0.3535534,-0.1464466,0.3535534,0.8535534,1,1,1
-8587995088826367026
3.306041,-4,19.71805,0,0,0,1,1,0.5,1
-14.67969,-4,-10.22116,0,0,0,1,0.5,0.5,0.5
21.41992,-4,9.638551,0,0.5,0,0.8660254,1,1,1
4.024243,-4,-21.28512,0,0,0,1,1,1,1
21.67084,-4,-9.919243,0.3535534,-0.1464466,0.3535534,0.8535534,1,1,1
-8587995088826197016
3.306041,-4,19.71805,0,0,0,1,1,0.5,1
-14.67969,-4,-10.22116,0,0,0,1,0.5,0.5,0.5
21.41992,-4,9.638551,0,0.5,0,0.8660254,1,1,1
4.024243,-4,-21.28512,0,0,0,1,1,1,1
21.67084,-4,-9.919243,0.3535534,-0.1464466,0.3535534,0.8535534,1,1,1
-8587995088826037007
3.306041,-4,19.71805,0,0,0,1,1,0.5,1
-14.67969,-4,-10.22116,0,0,0,1,0.5,0.5,0.5
21.41992,-4,9.638551,0,0.5,0,0.8660254,1,1,1
4.024243,-4,-21.28512,0,0,0,1,1,1,1
21.67084,-4,-9.919243,0.3535534,-0.1464466,0.3535534,0.8535534,1,1,1
-8587995088825866997
3.306041,-4,19.71805,0,0,0,1,1,0.5,1
-14.67969,-4,-10.22116,0,0,0,1,0.5,0.5,0.5
21.41992,-4,9.638551,0,0.5,0,0.8660254,1,1,1
4.024243,-4,-21.28512,0,0,0,1,1,1,1
21.67084,-4,-9.919243,0.3535534,-0.1464466,0.3535534,0.8535534,1,1,1
-8587995088825706988
3.306041,-4,19.71805,0,0,0,1,1,0.5,1
-14.67969,-4,-10.22116,0,0,0,1,0.5,0.5,0.5
21.41992,-4,9.638551,0,0.5,0,0.8660254,1,1,1
4.024243,-4,-21.28512,0,0,0,1,1,1,1
21.67084,-4,-9.919243,0.3535534,-0.1464466,0.3535534,0.8535534,1,1,1
-8587995088825536978
3.306041,-4,19.71805,0,0,0,1,1,0.5,1
-14.67969,-4,-10.22116,0,0,0,1,0.5,0.5,0.5
21.41992,-4,9.638551,0,0.5,0,0.8660254,1,1,1
4.024243,-4,-21.28512,0,0,0,1,1,1,1
21.67084,-4,-9.919243,0.3535534,-0.1464466,0.3535534,0.8535534,1,1,1
-8587995088825366969
3.306041,-4,19.71805,0,0,0,1,1,0.5,1
-14.67969,-4,-10.22116,0,0,0,1,0.5,0.5,0.5
21.41992,-4,9.638551,0,0.5,0,0.8660254,1,1,1
4.024243,-4,-21.28512,0,0,0,1,1,1,1
21.67084,-4,-9.919243,0.3535534,-0.1464466,0.3535534,0.8535534,1,1,1
-8587995088825206959
3.306041,-4,19.71805,0,0,0,1,1,0.5,1
-14.67969,-4,-10.22116,0,0,0,1,0.5,0.5,0.5
21.41992,-4,9.638551,0,0.5,0,0.8660254,1,1,1
4.024243,-4,-21.28512,0,0,0,1,1,1,1
21.67084,-4,-9.919243,0.3535534,-0.1464466,0.3535534,0.8535534,1,1,1
-8587995088825036950
3.306041,-4,19.71805,0,0,0,1,1,0.5,1
-14.67969,-4,-10.22116,0,0,0,1,0.5,0.5,0.5
21.41992,-4,9.638551,0,0.5,0,0.8660254,1,1,1
4.024243,-4,-21.28512,0,0,0,1,1,1,1
21.67084,-4,-9.919243,0.3535534,-0.1464466,0.3535534,0.8535534,1,1,1
-8587995088824876941
3.306041,-4,19.71805,0,0,0,1,1,0.5,1
-14.67969,-4,-10.22116,0,0,0,1,0.5,0.5,0.5
21.41992,-4,9.638551,0,0.5,0,0.8660254,1,1,1
4.024243,-4,-21.28512,0,0,0,1,1,1,1
21.67084,-4,-9.919243,0.3535534,-0.1464466,0.3535534,0.8535534,1,1,1
-8587995088824706931
3.306041,-4,19.71805,0,0,0,1,1,0.5,1
-14.67969,-4,-10.22116,0,0,0,1,0.5,0.5,0.5
21.41992,-4,9.638551,0,0.5,0,0.8660254,1,1,1
4.024243,-4,-21.28512,0,0,0,1,1,1,1
21.67084,-4,-9.919243,0.3535534,-0.1464466,0.3535534,0.8535534,1,1,1
-8587995088824546922
3.306041,-4,19.71805,0,0,0,1,1,0.5,1
-14.67969,-4,-10.22116,0,0,0,1,0.5,0.5,0.5
21.41992,-4,9.638551,0,0.5,0,0.8660254,1,1,1
4.024243,-4,-21.28512,0,0,0,1,1,1,1
21.67084,-4,-9.919243,0.3535534,-0.1464466,0.3535534,0.8535534,1,1,1
-8587995088824376912
3.306041,-4,19.71805,0,0,0,1,1,0.5,1
-14.67969,-4,-10.22116,0,0,0,1,0.5,0.5,0.5
21.41992,-4,9.638551,0,0.5,0,0.8660254,1,1,1
4.024243,-4,-21.28512,0,0,0,1,1,1,1
21.67084,-4,-9.919243,0.3535534,-0.1464466,0.3535534,0.8535534,1,1,1
-8587995088824206902
3.306041,-4,19.71805,0,0,0,1,1,0.5,1
-14.67969,-4,-10.22116,0,0,0,1,0.5,0.5,0.5
21.41992,-4,9.638551,0,0.5,0,0.8660254,1,1,1
4.024243,-4,-21.28512,0,0,0,1,1,1,1
21.67084,-4,-9.919243,0.3535534,-0.1464466,0.3535534,0.8535534,1,1,1
-8587995088824046893
3.306041,-4,19.71805,0,0,0,1,1,0.5,1
-14.67969,-4,-10.22116,0,0,0,1,0.5,0.5,0.5
21.41992,-4,9.638551,0,0.5,0,0.8660254,1,1,1
4.024243,-4,-21.28512,0,0,0,1,1,1,1
21.67084,-4,-9.919243,0.3535534,-0.1464466,0.3535534,0.8535534,1,1,1
-8587995088823876883
3.306041,-4,19.71805,0,0,0,1,1,0.5,1
-14.67969,-4,-10.22116,0,0,0,1,0.5,0.5,0.5
21.41992,-4,9.638551,0,0.5,0,0.8660254,1,1,1
4.024243,-4,-21.28512,0,0,0,1,1,1,1
21.67084,-4,-9.919243,0.3535534,-0.1464466,0.3535534,0.8535534,1,1,1
-8587995088823716874
3.306041,-4,19.71805,0,0,0,1,1,0.5,1
-14.67969,-4,-10.22116,0,0,0,1,0.5,0.5,0.5
21.41992,-4,9.638551,0,0.5,0,0.8660254,1,1,1
4.024243,-4,-21.28512,0,0,0,1,1,1,1
21.67084,-4,-9.919243,0.3535534,-0.1464466,0.3535534,0.8535534,1,1,1
