-8587995165657041489
3.306041,-4,19.71805,0,0,0,1,1,0.5,1
-14.67969,-4,-10.22116,0,0,0,1,0.5,0.5,0.5
21.41992,-4,9.638551,0,0.5,0,0.8660254,1,1,1
4.024243,-4,-21.28512,0,0,0,1,1,1,1
21.67084,-4,-9.919243,0.3535534,-0.1464466,0.3535534,0.8535534,1,1,1
-15.54788,-0.5670886,-30.79661,0,0,0,1,1,1,1
-8587995165656941483
3.306041,-4,19.71805,0,0,0,1,1,0.5,1
-14.67969,-4,-10.22116,0,0,0,1,0.5,0.5,0.5
21.41992,-4,9.638551,0,0.5,0,0.8660254,1,1,1
4.024243,-4,-21.28512,0,0,0,1,1,1,1
21.67084,-4,-9.919243,0.3535534,-0.1464466,0.3535534,0.8535534,1,1,1
-15.54788,-0.5670886,-30.79661,0,0,0,1,1,1,1
-8587995165655271388
3.306041,-4,19.71805,0,0,0,1,1,0.5,1
-14.67969,-4,-10.22116,0,0,0,1,0.5,0.5,0.5
21.41992,-4,9.638551,0,0.5,0,0.8660254,1,1,1
4.024243,-4,-21.28512,0,0,0,1,1,1,1
21.67084,-4,-9.919243,0.3535534,-0.1464466,0.3535534,0.8535534,1,1,1
-15.54788,-0.5670886,-30.79661,0,0,0,1,1,1,1
-8587995165655051375
3.306041,-4,19.71805,0,0,0,1,1,0.5,1
-14.67969,-4,-10.22116,0,0,0,1,0.5,0.5,0.5
21.41992,-4,9.638551,0,0.5,0,0.8660254,1,1,1
4.024243,-4,-21.28512,0,0,0,1,1,1,1
21.67084,-4,-9.919243,0.3535534,-0.1464466,0.3535534,0.8535534,1,1,1
-15.54788,-0.5670886,-30.79661,0,0,0,1,1,1,1
-8587995165654891366
3.306041,-4,19.71805,0,0,0,1,1,0.5,1
-14.67969,-4,-10.22116,0,0,0,1,0.5,0.5,0.5
21.41992,-4,9.638551,0,0.5,0,0.8660254,1,1,1
4.024243,-4,-21.28512,0,0,0,1,1,1,1
21.67084,-4,-9.919243,0.3535534,-0.1464466,0.3535534,0.8535534,1,1,1
-15.54788,-0.5670886,-30.79661,0,0,0,1,1,1,1
-8587995165654721356
3.306041,-4,19.71805,0,0,0,1,1,0.5,1
-14.67969,-4,-10.22116,0,0,0,1,0.5,0.5,0.5
21.41992,-4,9.638551,0,0.5,0,0.8660254,1,1,1
4.024243,-4,-21.28512,0,0,0,1,1,1,1
21.67084,-4,-9.919243,0.3535534,-0.1464466,0.3535534,0.8535534,1,1,1
-15.54788,-0.5670886,-30.79661,0,0,0,1,1,1,1
-8587995165654551347
3.306041,-4,19.71805,0,0,0,1,1,0.5,1
-14.67969,-4,-10.22116,0,0,0,1,0.5,0.5,0.5
21.41992,-4,9.638551,0,0.5,0,0.8660254,1,1,1
4.024243,-4,-21.28512,0,0,0,1,1,1,1
21.67084,-4,-9.919243,0.3535534,-0.1464466,0.3535534,0.8535534,1,1,1
-15.54788,-0.5670886,-30.79661,0,0,0,1,1,1,1
-8587995165654391337
3.306041,-4,19.71805,0,0,0,1,1,0.5,1
-14.67969,-4,-10.22116,0,0,0,1,0.5,0.5,0.5
21.41992,-4,9.638551,0,0.5,0,0.8660254,1,1,1
4.024243,-4,-21.28512,0,0,0,1,1,1,1
21.67084,-4,-9.919243,0.3535534,-0.1464466,0.3535534,0.8535534,1,1,1
-15.54788,-0.5670886,-30.79661,0,0,0,1,1,1,1
-8587995165654221328
3.306041,-4,19.71805,0,0,0,1,1,0.5,1
-14.67969,-4,-10.22116,0,0,0,1,0.5,0.5,0.5
21.41992,-4,9.638551,0,0.5,0,0.8660254,1,1,1
4.024243,-4,-21.28512,0,0,0,1,1,1,1
21.67084,-4,-9.919243,0.3535534,-0.1464466,0.3535534,0.8535534,1,1,1
-15.54788,-0.5670886,-30.79661,0,0,0,1,1,1,1
-8587995165654061318
3.306041,-4,19.71805,0,0,0,1,1,0.5,1
-14.67969,-4,-10.22116,0,0,0,1,0.5,0.5,0.5
21.41992,-4,9.638551,0,0.5,0,0.8660254,1,1,1
4.024243,-4,-21.28512,0,0,0,1,1,1,1
21.67084,-4,-9.919243,0.3535534,-0.1464466,0.3535534,0.8535534,1,1,1
-15.54788,-0.5670886,-30.79661,0,0,0,1,1,1,1
-8587995165653891309
3.306041,-4,19.71805,0,0,0,1,1,0.5,1
-14.67969,-4,-10.22116,0,0,0,1,0.5,0.5,0.5
21.41992,-4,9.638551,0,0.5,0,0.8660254,1,1,1
4.024243,-4,-21.28512,0,0,0,1,1,1,1
21.67084,-4,-9.919243,0.3535534,-0.1464466,0.3535534,0.8535534,1,1,1
-15.54788,-0.5670886,-30.79661,0,0,0,1,1,1,1
-8587995165653721299
3.306041,-4,19.71805,0,0,0,1,1,0.5,1
-14.67969,-4,-10.22116,0,0,0,1,0.5,0.5,0.5
21.41992,-4,9.638551,0,0.5,0,0.8660254,1,1,1
4.024243,-4,-21.28512,0,0,0,1,1,1,1
21.67084,-4,-9.919243,0.3535534,-0.1464466,0.3535534,0.8535534,1,1,1
-15.54788,-0.5670886,-30.79661,0,0,0,1,1,1,1
-8587995165653561290
3.306041,-4,19.71805,0,0,0,1,1,0.5,1
-14.67969,-4,-10.22116,0,0,0,1,0.5,0.5,0.5
21.41992,-4,9.638551,0,0.5,0,0.8660254,1,1,1
4.024243,-4,-21.28512,0,0,0,1,1,1,1
21.67084,-4,-9.919243,0.3535534,-0.1464466,0.3535534,0.8535534,1,1,1
-15.54788,-0.5670886,-30.79661,0,0,0,1,1,1,1
-8587995165653391280
3.306041,-4,19.71805,0,0,0,1,1,0.5,1
-14.67969,-4,-10.22116,0,0,0,1,0.5,0.5,0.5
21.41992,-4,9.638551,0,0.5,0,0.8660254,1,1,1
4.024243,-4,-21.28512,0,0,0,1,1,1,1
21.67084,-4,-9.919243,0.3535534,-0.1464466,0.3535534,0.8535534,1,1,1
-15.54788,-0.5670886,-30.79661,0,0,0,1,1,1,1
-8587995165653231271
3.306041,-4,19.71805,0,0,0,1,1,0.5,1
-14.67969,-4,-10.22116,0,0,0,1,0.5,0.5,0.5
21.41992,-4,9.638551,0,0.5,0,0.8660254,1,1,1
4.024243,-4,-21.28512,0,0,0,1,1,1,1
21.67084,-4,-9.919243,0.3535534,-0.1464466,0.3535534,0.8535534,1,1,1
-15.54788,-0.5670886,-30.79661,0,0,0,1,1,1,1
-8587995165653061261
3.306041,-4,19.71805,0,0,0,1,1,0.5,1
-14.67969,-4,-10.22116,0,0,0,1,0.5,0.5,0.5
21.41992,-4,9.638551,0,0.5,0,0.8660254,1,1,1
4.024243,-4,-21.28512,0,0,0,1,1,1,1
21.67084,-4,-9.919243,0.3535534,-0.1464466,0.3535534,0.8535534,1,1,1
-15.54788,-0.5670886,-30.79661,0,0,0,1,1,1,1
-8587995165652901252
3.306041,-4,19.71805,0,0,0,1,1,0.5,1
-14.67969,-4,-10.22116,0,0,0,1,0.5,0.5,0.5
21.41992,-4,9.638551,0,0.5,0,0.8660254,1,1,1
4.024243,-4,-21.28512,0,0,0,1,1,1,1
21.67084,-4,-9.919243,0.3535534,-0.1464466,0.3535534,0.8535534,1,1,1
-15.54788,-0.5670886,-30.79661,0,0,0,1,1,1,1
-8587995165652731242
3.306041,-4,19.71805,0,0,0,1,1,0.5,1
-14.67969,-4,-10.22116,0,0,0,1,0.5,0.5,0.5
21.41992,-4,9.638551,0,0.5,0,0.8660254,1,1,1
4.024243,-4,-21.28512,0,0,0,1,1,1,1
21.67084,-4,-9.919243,0.3535534,-0.1464466,0.3535534,0.8535534,1,1,1
-15.54788,-0.5670886,-30.79661,0,0,0,1,1,1,1
-8587995165652571233
3.306041,-4,19.71805,0,0,0,1,1,0.5,1
-14.67969,-4,-10.22116,0,0,0,1,0.5,0.5,0.5
21.41992,-4,9.638551,0,0.5,0,0.8660254,1,1,1
4.024243,-4,-21.28512,0,0,0,1,1,1,1
21.67084,-4,-9.919243,0.3535534,-0.1464466,0.3535534,0.8535534,1,1,1
-15.54788,-0.5670886,-30.79661,0,0,0,1,1,1,1
-8587995165652401224
3.306041,-4,19.71805,0,0,0,1,1,0.5,1
-14.67969,-4,-10.22116,0,0,0,1,0.5,0.5,0.5
21.41992,-4,9.638551,0,0.5,0,0.8660254,1,1,1
4.024243,-4,-21.28512,0,0,0,1,1,1,1
21.67084,-4,-9.919243,0.3535534,-0.1464466,0.3535534,0.8535534,1,1,1
-15.54788,-0.5670886,-30.79661,0,0,0,1,1,1,1
-8587995165652241214
3.306041,-4,19.71805,0,0,0,1,1,0.5,1
-14.67969,-4,-10.22116,0,0,0,1,0.5,0.5,0.5
21.41992,-4,9.638551,0,0.5,0,0.8660254,1,1,1
4.024243,-4,-21.28512,0,0,0,1,1,1,1
21.67084,-4,-9.919243,0.3535534,-0.1464466,0.3535534,0.8535534,1,1,1
-15.54788,-0.5670886,-30.79661,0,0,0,1,1,1,1
-8587995165652071205
3.306041,-4,19.71805,0,0,0,1,1,0.5,1
-14.67969,-4,-10.22116,0,0,0,1,0.5,0.5,0.5
21.41992,-4,9.638551,0,0.5,0,0.8660254,1,1,1
4.024243,-4,-21.28512,0,0,0,1,1,1,1
21.67084,-4,-9.919243,0.3535534,-0.1464466,0.3535534,0.8535534,1,1,1
-15.54788,-0.5670886,-30.79661,0,0,0,1,1,1,1
-8587995165651901195
3.306041,-4,19.71805,0,0,0,1,1,0.5,1
-14.67969,-4,-10.22116,0,0,0,1,0.5,0.5,0.5
21.41992,-4,9.638551,0,0.5,0,0.8660254,1,1,1
4.024243,-4,-21.28512,0,0,0,1,1,1,1
21.67084,-4,-9.919243,0.3535534,-0.1464466,0.3535534,0.8535534,1,1,1
-15.54788,-0.5670886,-30.79661,0,0,0,1,1,1,1
-8587995165651741186
3.306041,-4,19.71805,0,0,0,1,1,0.5,1
-14.67969,-4,-10.22116,0,0,0,1,0.5,0.5,0.5
21.41992,-4,9.638551,0,0.5,0,0.8660254,1,1,1
4.024243,-4,-21.28512,0,0,0,1,1,1,1
21.67084,-4,-9.919243,0.3535534,-0.1464466,0.3535534,0.8535534,1,1,1
-15.54788,-0.5670886,-30.79661,0,0,0,1,1,1,1
-8587995165651571176
3.306041,-4,19.71805,0,0,0,1,1,0.5,1
-14.67969,-4,-10.22116,0,0,0,1,0.5,0.5,0.5
21.41992,-4,9.638551,0,0.5,0,0.8660254,1,1,1
4.024243,-4,-21.28512,0,0,0,1,1,1,1
21.67084,-4,-9.919243,0.3535534,-0.1464466,0.3535534,0.8535534,1,1,1
-15.54788,-0.5670886,-30.79661,0,0,0,1,1,1,1
-8587995165651411167
3.306041,-4,19.71805,0,0,0,1,1,0.5,1
-14.67969,-4,-10.22116,0,0,0,1,0.5,0.5,0.5
21.41992,-4,9.638551,0,0.5,0,0.8660254,1,1,1
4.024243,-4,-21.28512,0,0,0,1,1,1,1
21.67084,-4,-9.919243,0.3535534,-0.1464466,0.3535534,0.8535534,1,1,1
-15.54788,-0.5670886,-30.79661,0,0,0,1,1,1,1
-8587995165651241157
3.306041,-4,19.71805,0,0,0,1,1,0.5,1
-14.67969,-4,-10.22116,0,0,0,1,0.5,0.5,0.5
21.41992,-4,9.638551,0,0.5,0,0.8660254,1,1,1
4.024243,-4,-21.28512,0,0,0,1,1,1,1
21.67084,-4,-9.919243,0.3535534,-0.1464466,0.3535534,0.8535534,1,1,1
-15.54788,-0.5670886,-30.79661,0,0,0,1,1,1,1
-8587995165651081148
3.306041,-4,19.71805,0,0,0,1,1,0.5,1
-14.67969,-4,-10.22116,0,0,0,1,0.5,0.5,0.5
21.41992,-4,9.638551,0,0.5,0,0.8660254,1,1,1
4.024243,-4,-21.28512,0,0,0,1,1,1,1
21.67084,-4,-9.919243,0.3535534,-0.1464466,0.3535534,0.8535534,1,1,1
-15.54788,-0.5670886,-30.79661,0,0,0,1,1,1,1
-8587995165650911138
3.306041,-4,19.71805,0,0,0,1,1,0.5,1
-14.67969,-4,-10.22116,0,0,0,1,0.5,0.5,0.5
21.41992,-4,9.638551,0,0.5,0,0.8660254,1,1,1
4.024243,-4,-21.28512,0,0,0,1,1,1,1
21.67084,-4,-9.919243,0.3535534,-0.1464466,0.3535534,0.8535534,1,1,1
-15.54788,-0.5670886,-30.79661,0,0,0,1,1,1,1
-8587995165650741129
3.306041,-4,19.71805,0,0,0,1,1,0.5,1
-14.67969,-4,-10.22116,0,0,0,1,0.5,0.5,0.5
21.41992,-4,9.638551,0,0.5,0,0.8660254,1,1,1
4.024243,-4,-21.28512,0,0,0,1,1,1,1
21.67084,-4,-9.919243,0.3535534,-0.1464466,0.3535534,0.8535534,1,1,1
-15.54788,-0.5670886,-30.79661,0,0,0,1,1,1,1
-8587995165650581119
3.306041,-4,19.71805,0,0,0,1,1,0.5,1
-14.67969,-4,-10.22116,0,0,0,1,0.5,0.5,0.5
21.41992,-4,9.638551,0,0.5,0,0.8660254,1,1,1
4.024243,-4,-21.28512,0,0,0,1,1,1,1
21.67084,-4,-9.919243,0.3535534,-0.1464466,0.3535534,0.8535534,1,1,1
-15.54788,-0.5670886,-30.79661,0,0,0,1,1,1,1
-8587995165650411110
3.306041,-4,19.71805,0,0,0,1,1,0.5,1
-14.67969,-4,-10.22116,0,0,0,1,0.5,0.5,0.5
21.41992,-4,9.638551,0,0.5,0,0.8660254,1,1,1
4.024243,-4,-21.28512,0,0,0,1,1,1,1
21.67084,-4,-9.919243,0.3535534,-0.1464466,0.3535534,0.8535534,1,1,1
-15.54788,-0.5670886,-30.79661,0,0,0,1,1,1,1
-8587995165650251101
3.306041,-4,19.71805,0,0,0,1,1,0.5,1
-14.67969,-4,-10.22116,0,0,0,1,0.5,0.5,0.5
21.41992,-4,9.638551,0,0.5,0,0.8660254,1,1,1
4.024243,-4,-21.28512,0,0,0,1,1,1,1
21.67084,-4,-9.919243,0.3535534,-0.1464466,0.3535534,0.8535534,1,1,1
-15.54788,-0.5670886,-30.79661,0,0,0,1,1,1,1
-8587995165650081091
3.306041,-4,19.71805,0,0,0,1,1,0.5,1
-14.67969,-4,-10.22116,0,0,0,1,0.5,0.5,0.5
21.41992,-4,9.638551,0,0.5,0,0.8660254,1,1,1
4.024243,-4,-21.28512,0,0,0,1,1,1,1
21.67084,-4,-9.919243,0.3535534,-0.1464466,0.3535534,0.8535534,1,1,1
-15.54788,-0.5670886,-30.79661,0,0,0,1,1,1,1
-8587995165649921082
3.306041,-4,19.71805,0,0,0,1,1,0.5,1
-14.67969,-4,-10.22116,0,0,0,1,0.5,0.5,0.5
21.41992,-4,9.638551,0,0.5,0,0.8660254,1,1,1
4.024243,-4,-21.28512,0,0,0,1,1,1,1
21.67084,-4,-9.919243,0.3535534,-0.1464466,0.3535534,0.8535534,1,1,1
-15.54788,-0.5670886,-30.79661,0,0,0,1,1,1,1
-8587995165649751072
3.306041,-4,19.71805,0,0,0,1,1,0.5,1
-14.67969,-4,-10.22116,0,0,0,1,0.5,0.5,0.5
21.41992,-4,9.638551,0,0.5,0,0.8660254,1,1,1
4.024243,-4,-21.28512,0,0,0,1,1,1,1
21.67084,-4,-9.919243,0.3535534,-0.1464466,0.3535534,0.8535534,1,1,1
-15.54788,-0.5670886,-30.79661,0,0,0,1,1,1,1
-8587995165649581062
3.306041,-4,19.71805,0,0,0,1,1,0.5,1
-14.67969,-4,-10.22116,0,0,0,1,0.5,0.5,0.5
21.41992,-4,9.638551,0,0.5,0,0.8660254,1,1,1
4.024243,-4,-21.28512,0,0,0,1,1,1,1
21.67084,-4,-9.919243,0.3535534,-0.1464466,0.3535534,0.8535534,1,1,1
-15.54788,-0.5670886,-30.79661,0,0,0,1,1,1,1
-8587995165649421053
3.306041,-4,19.71805,0,0,0,1,1,0.5,1
-14.67969,-4,-10.22116,0,0,0,1,0.5,0.5,0.5
21.41992,-4,9.638551,0,0.5,0,0.8660254,1,1,1
4.024243,-4,-21.28512,0,0,0,1,1,1,1
21.67084,-4,-9.919243,0.3535534,-0.1464466,0.3535534,0.8535534,1,1,1
-15.54788,-0.5670886,-30.79661,0,0,0,1,1,1,1
-8587995165649251043
3.306041,-4,19.71805,0,0,0,1,1,0.5,1
-14.67969,-4,-10.22116,0,0,0,1,0.5,0.5,0.5
21.41992,-4,9.638551,0,0.5,0,0.8660254,1,1,1
4.024243,-4,-21.28512,0,0,0,1,1,1,1
21.67084,-4,-9.919243,0.3535534,-0.1464466,0.3535534,0.8535534,1,1,1
-15.54788,-0.5670886,-30.79661,0,0,0,1,1,1,1
-8587995165649091034
3.306041,-4,19.71805,0,0,0,1,1,0.5,1
-14.67969,-4,-10.22116,0,0,0,1,0.5,0.5,0.5
21.41992,-4,9.638551,0,0.5,0,0.8660254,1,1,1
4.024243,-4,-21.28512,0,0,0,1,1,1,1
21.67084,-4,-9.919243,0.3535534,-0.1464466,0.3535534,0.8535534,1,1,1
-15.54788,-0.5670886,-30.79661,0,0,0,1,1,1,1
-8587995165648921024
3.306041,-4,19.71805,0,0,0,1,1,0.5,1
-14.67969,-4,-10.22116,0,0,0,1,0.5,0.5,0.5
21.41992,-4,9.638551,0,0.5,0,0.8660254,1,1,1
4.024243,-4,-21.28512,0,0,0,1,1,1,1
21.67084,-4,-9.919243,0.3535534,-0.1464466,0.3535534,0.8535534,1,1,1
-15.54788,-0.5670886,-30.79661,0,0,0,1,1,1,1
-8587995165648761015
3.306041,-4,19.71805,0,0,0,1,1,0.5,1
-14.67969,-4,-10.22116,0,0,0,1,0.5,0.5,0.5
21.41992,-4,9.638551,0,0.5,0,0.8660254,1,1,1
4.024243,-4,-21.28512,0,0,0,1,1,1,1
21.67084,-4,-9.919243,0.3535534,-0.1464466,0.3535534,0.8535534,1,1,1
-15.54788,-0.5670886,-30.79661,0,0,0,1,1,1,1
-8587995165648591006
3.306041,-4,19.71805,0,0,0,1,1,0.5,1
-14.67969,-4,-10.22116,0,0,0,1,0.5,0.5,0.5
21.41992,-4,9.638551,0,0.5,0,0.8660254,1,1,1
4.024243,-4,-21.28512,0,0,0,1,1,1,1
21.67084,-4,-9.919243,0.3535534,-0.1464466,0.3535534,0.8535534,1,1,1
-15.54788,-0.5670886,-30.79661,0,0,0,1,1,1,1
-8587995165648430996
3.306041,-4,19.71805,0,0,0,1,1,0.5,1
-14.67969,-4,-10.22116,0,0,0,1,0.5,0.5,0.5
21.41992,-4,9.638551,0,0.5,0,0.8660254,1,1,1
4.024243,-4,-21.28512,0,0,0,1,1,1,1
21.67084,-4,-9.919243,0.3535534,-0.1464466,0.3535534,0.8535534,1,1,1
-15.54788,-0.5670886,-30.79661,0,0,0,1,1,1,1
-8587995165648260987
3.306041,-4,19.71805,0,0,0,1,1,0.5,1
-14.67969,-4,-10.22116,0,0,0,1,0.5,0.5,0.5
21.41992,-4,9.638551,0,0.5,0,0.8660254,1,1,1
4.024243,-4,-21.28512,0,0,0,1,1,1,1
21.67084,-4,-9.919243,0.3535534,-0.1464466,0.3535534,0.8535534,1,1,1
-15.54788,-0.5670886,-30.79661,0,0,0,1,1,1,1
-8587995165648090977
3.306041,-4,19.71805,0,0,0,1,1,0.5,1
-14.67969,-4,-10.22116,0,0,0,1,0.5,0.5,0.5
21.41992,-4,9.638551,0,0.5,0,0.8660254,1,1,1
4.024243,-4,-21.28512,0,0,0,1,1,1,1
21.67084,-4,-9.919243,0.3535534,-0.1464466,0.3535534,0.8535534,1,1,1
-15.54788,-0.5670886,-30.79661,0,0,0,1,1,1,1
-8587995165647930968
3.306041,-4,19.71805,0,0,0,1,1,0.5,1
-14.67969,-4,-10.22116,0,0,0,1,0.5,0.5,0.5
21.41992,-4,9.638551,0,0.5,0,0.8660254,1,1,1
4.024243,-4,-21.28512,0,0,0,1,1,1,1
21.67084,-4,-9.919243,0.3535534,-0.1464466,0.3535534,0.8535534,1,1,1
-15.54788,-0.5670886,-30.79661,0,0,0,1,1,1,1
-8587995165647760958
3.306041,-4,19.71805,0,0,0,1,1,0.5,1
-14.67969,-4,-10.22116,0,0,0,1,0.5,0.5,0.5
21.41992,-4,9.638551,0,0.5,0,0.8660254,1,1,1
4.024243,-4,-21.28512,0,0,0,1,1,1,1
21.67084,-4,-9.919243,0.3535534,-0.1464466,0.3535534,0.8535534,1,1,1
-15.54788,-0.5670886,-30.79661,0,0,0,1,1,1,1
-8587995165647600949
3.306041,-4,19.71805,0,0,0,1,1,0.5,1
-14.67969,-4,-10.22116,0,0,0,1,0.5,0.5,0.5
21.41992,-4,9.638551,0,0.5,0,0.8660254,1,1,1
4.024243,-4,-21.28512,0,0,0,1,1,1,1
21.67084,-4,-9.919243,0.3535534,-0.1464466,0.3535534,0.8535534,1,1,1
-15.54788,-0.5670886,-30.79661,0,0,0,1,1,1,1
-8587995165647430939
3.306041,-4,19.71805,0,0,0,1,1,0.5,1
-14.67969,-4,-10.22116,0,0,0,1,0.5,0.5,0.5
21.41992,-4,9.638551,0,0.5,0,0.8660254,1,1,1
4.024243,-4,-21.28512,0,0,0,1,1,1,1
21.67084,-4,-9.919243,0.3535534,-0.1464466,0.3535534,0.8535534,1,1,1
-15.54788,-0.5670886,-30.79661,0,0,0,1,1,1,1
-8587995165647270930
3.306041,-4,19.71805,0,0,0,1,1,0.5,1
-14.67969,-4,-10.22116,0,0,0,1,0.5,0.5,0.5
21.41992,-4,9.638551,0,0.5,0,0.8660254,1,1,1
4.024243,-4,-21.28512,0,0,0,1,1,1,1
21.67084,-4,-9.919243,0.3535534,-0.1464466,0.3535534,0.8535534,1,1,1
-15.54788,-0.5670886,-30.79661,0,0,0,1,1,1,1
-8587995165647100920
3.306041,-4,19.71805,0,0,0,1,1,0.5,1
-14.67969,-4,-10.22116,0,0,0,1,0.5,0.5,0.5
21.41992,-4,9.638551,0,0.5,0,0.8660254,1,1,1
4.024243,-4,-21.28512,0,0,0,1,1,1,1
21.67084,-4,-9.919243,0.3535534,-0.1464466,0.3535534,0.8535534,1,1,1
-15.54788,-0.5670886,-30.79661,0,0,0,1,1,1,1
-8587995165646950912
3.306041,-4,19.71805,0,0,0,1,1,0.5,1
-14.67969,-4,-10.22116,0,0,0,1,0.5,0.5,0.5
21.41992,-4,9.638551,0,0.5,0,0.8660254,1,1,1
4.024243,-4,-21.28512,0,0,0,1,1,1,1
21.67084,-4,-9.919243,0.3535534,-0.1464466,0.3535534,0.8535534,1,1,1
-15.54788,-0.5670886,-30.79661,0,0,0,1,1,1,1
-8587995165646780902
3.306041,-4,19.71805,0,0,0,1,1,0.5,1
-14.67969,-4,-10.22116,0,0,0,1,0.5,0.5,0.5
21.41992,-4,9.638551,0,0.5,0,0.8660254,1,1,1
4.024243,-4,-21.28512,0,0,0,1,1,1,1
21.67084,-4,-9.919243,0.3535534,-0.1464466,0.3535534,0.8535534,1,1,1
-15.54788,-0.5670886,-30.79661,0,0,0,1,1,1,1
-8587995165646620893
3.306041,-4,19.71805,0,0,0,1,1,0.5,1
-14.67969,-4,-10.22116,0,0,0,1,0.5,0.5,0.5
21.41992,-4,9.638551,0,0.5,0,0.8660254,1,1,1
4.024243,-4,-21.28512,0,0,0,1,1,1,1
21.67084,-4,-9.919243,0.3535534,-0.1464466,0.3535534,0.8535534,1,1,1
-15.54788,-0.5670886,-30.79661,0,0,0,1,1,1,1
-8587995165646450883
3.306041,-4,19.71805,0,0,0,1,1,0.5,1
-14.67969,-4,-10.22116,0,0,0,1,0.5,0.5,0.5
21.41992,-4,9.638551,0,0.5,0,0.8660254,1,1,1
4.024243,-4,-21.28512,0,0,0,1,1,1,1
21.67084,-4,-9.919243,0.3535534,-0.1464466,0.3535534,0.8535534,1,1,1
-15.54788,-0.5670886,-30.79661,0,0,0,1,1,1,1
-8587995165646290874
3.306041,-4,19.71805,0,0,0,1,1,0.5,1
-14.67969,-4,-10.22116,0,0,0,1,0.5,0.5,0.5
21.41992,-4,9.638551,0,0.5,0,0.8660254,1,1,1
4.024243,-4,-21.28512,0,0,0,1,1,1,1
21.67084,-4,-9.919243,0.3535534,-0.1464466,0.3535534,0.8535534,1,1,1
-15.54788,-0.5670886,-30.79661,0,0,0,1,1,1,1
-8587995165646120864
3.306041,-4,19.71805,0,0,0,1,1,0.5,1
-14.67969,-4,-10.22116,0,0,0,1,0.5,0.5,0.5
21.41992,-4,9.638551,0,0.5,0,0.8660254,1,1,1
4.024243,-4,-21.28512,0,0,0,1,1,1,1
21.67084,-4,-9.919243,0.3535534,-0.1464466,0.3535534,0.8535534,1,1,1
-15.54788,-0.5670886,-30.79661,0,0,0,1,1,1,1
-8587995165645960855
3.306041,-4,19.71805,0,0,0,1,1,0.5,1
-14.67969,-4,-10.22116,0,0,0,1,0.5,0.5,0.5
21.41992,-4,9.638551,0,0.5,0,0.8660254,1,1,1
4.024243,-4,-21.28512,0,0,0,1,1,1,1
21.67084,-4,-9.919243,0.3535534,-0.1464466,0.3535534,0.8535534,1,1,1
-15.54788,-0.5670886,-30.79661,0,0,0,1,1,1,1
-8587995165645790845
3.306041,-4,19.71805,0,0,0,1,1,0.5,1
-14.67969,-4,-10.22116,0,0,0,1,0.5,0.5,0.5
21.41992,-4,9.638551,0,0.5,0,0.8660254,1,1,1
4.024243,-4,-21.28512,0,0,0,1,1,1,1
21.67084,-4,-9.919243,0.3535534,-0.1464466,0.3535534,0.8535534,1,1,1
-15.54788,-0.5670886,-30.79661,0,0,0,1,1,1,1
-8587995165645630836
3.306041,-4,19.71805,0,0,0,1,1,0.5,1
-14.67969,-4,-10.22116,0,0,0,1,0.5,0.5,0.5
21.41992,-4,9.638551,0,0.5,0,0.8660254,1,1,1
4.024243,-4,-21.28512,0,0,0,1,1,1,1
21.67084,-4,-9.919243,0.3535534,-0.1464466,0.3535534,0.8535534,1,1,1
-15.54788,-0.5670886,-30.79661,0,0,0,1,1,1,1
-8587995165645460827
3.306041,-4,19.71805,0,0,0,1,1,0.5,1
-14.67969,-4,-10.22116,0,0,0,1,0.5,0.5,0.5
21.41992,-4,9.638551,0,0.5,0,0.8660254,1,1,1
4.024243,-4,-21.28512,0,0,0,1,1,1,1
21.67084,-4,-9.919243,0.3535534,-0.1464466,0.3535534,0.8535534,1,1,1
-15.54788,-0.5670886,-30.79661,0,0,0,1,1,1,1
-8587995165645290817
3.306041,-4,19.71805,0,0,0,1,1,0.5,1
-14.67969,-4,-10.22116,0,0,0,1,0.5,0.5,0.5
21.41992,-4,9.638551,0,0.5,0,0.8660254,1,1,1
4.024243,-4,-21.28512,0,0,0,1,1,1,1
21.67084,-4,-9.919243,0.3535534,-0.1464466,0.3535534,0.8535534,1,1,1
-15.54788,-0.5670886,-30.79661,0,0,0,1,1,1,1
-8587995165645130808
3.306041,-4,19.71805,0,0,0,1,1,0.5,1
-14.67969,-4,-10.22116,0,0,0,1,0.5,0.5,0.5
21.41992,-4,9.638551,0,0.5,0,0.8660254,1,1,1
4.024243,-4,-21.28512,0,0,0,1,1,1,1
21.67084,-4,-9.919243,0.3535534,-0.1464466,0.3535534,0.8535534,1,1,1
-15.54788,-0.5670886,-30.79661,0,0,0,1,1,1,1
-8587995165644960798
3.306041,-4,19.71805,0,0,0,1,1,0.5,1
-14.67969,-4,-10.22116,0,0,0,1,0.5,0.5,0.5
21.41992,-4,9.638551,0,0.5,0,0.8660254,1,1,1
4.024243,-4,-21.28512,0,0,0,1,1,1,1
21.67084,-4,-9.919243,0.3535534,-0.1464466,0.3535534,0.8535534,1,1,1
-15.54788,-0.5670886,-30.79661,0,0,0,1,1,1,1
-8587995165644790788
3.306041,-4,19.71805,0,0,0,1,1,0.5,1
-14.67969,-4,-10.22116,0,0,0,1,0.5,0.5,0.5
21.41992,-4,9.638551,0,0.5,0,0.8660254,1,1,1
4.024243,-4,-21.28512,0,0,0,1,1,1,1
21.67084,-4,-9.919243,0.3535534,-0.1464466,0.3535534,0.8535534,1,1,1
-15.54788,-0.5670886,-30.79661,0,0,0,1,1,1,1
-8587995165644630779
3.306041,-4,19.71805,0,0,0,1,1,0.5,1
-14.67969,-4,-10.22116,0,0,0,1,0.5,0.5,0.5
21.41992,-4,9.638551,0,0.5,0,0.8660254,1,1,1
4.024243,-4,-21.28512,0,0,0,1,1,1,1
21.67084,-4,-9.919243,0.3535534,-0.1464466,0.3535534,0.8535534,1,1,1
-15.54788,-0.5670886,-30.79661,0,0,0,1,1,1,1
-8587995165644460769
3.306041,-4,19.71805,0,0,0,1,1,0.5,1
-14.67969,-4,-10.22116,0,0,0,1,0.5,0.5,0.5
21.41992,-4,9.638551,0,0.5,0,0.8660254,1,1,1
4.024243,-4,-21.28512,0,0,0,1,1,1,1
21.67084,-4,-9.919243,0.3535534,-0.1464466,0.3535534,0.8535534,1,1,1
-15.54788,-0.5670886,-30.79661,0,0,0,1,1,1,1
-8587995165644300760
3.306041,-4,19.71805,0,0,0,1,1,0.5,1
-14.67969,-4,-10.22116,0,0,0,1,0.5,0.5,0.5
21.41992,-4,9.638551,0,0.5,0,0.8660254,1,1,1
4.024243,-4,-21.28512,0,0,0,1,1,1,1
21.67084,-4,-9.919243,0.3535534,-0.1464466,0.3535534,0.8535534,1,1,1
-15.54788,-0.5670886,-30.79661,0,0,0,1,1,1,1
-8587995165644130751
3.306041,-4,19.71805,0,0,0,1,1,0.5,1
-14.67969,-4,-10.22116,0,0,0,1,0.5,0.5,0.5
21.41992,-4,9.638551,0,0.5,0,0.8660254,1,1,1
4.024243,-4,-21.28512,0,0,0,1,1,1,1
21.67084,-4,-9.919243,0.3535534,-0.1464466,0.3535534,0.8535534,1,1,1
-15.54788,-0.5670886,-30.79661,0,0,0,1,1,1,1
-8587995165643970741
3.306041,-4,19.71805,0,0,0,1,1,0.5,1
-14.67969,-4,-10.22116,0,0,0,1,0.5,0.5,0.5
21.41992,-4,9.638551,0,0.5,0,0.8660254,1,1,1
4.024243,-4,-21.28512,0,0,0,1,1,1,1
21.67084,-4,-9.919243,0.3535534,-0.1464466,0.3535534,0.8535534,1,1,1
-15.54788,-0.5670886,-30.79661,0,0,0,1,1,1,1
-8587995165643800732
3.306041,-4,19.71805,0,0,0,1,1,0.5,1
-14.67969,-4,-10.22116,0,0,0,1,0.5,0.5,0.5
21.41992,-4,9.638551,0,0.5,0,0.8660254,1,1,1
4.024243,-4,-21.28512,0,0,0,1,1,1,1
21.67084,-4,-9.919243,0.3535534,-0.1464466,0.3535534,0.8535534,1,1,1
-15.54788,-0.5670886,-30.79661,0,0,0,1,1,1,1
-8587995165643640722
3.306041,-4,19.71805,0,0,0,1,1,0.5,1
-14.67969,-4,-10.22116,0,0,0,1,0.5,0.5,0.5
21.41992,-4,9.638551,0,0.5,0,0.8660254,1,1,1
4.024243,-4,-21.28512,0,0,0,1,1,1,1
21.67084,-4,-9.919243,0.3535534,-0.1464466,0.3535534,0.8535534,1,1,1
-15.54788,-0.5670886,-30.79661,0,0,0,1,1,1,1
-8587995165643470713
3.306041,-4,19.71805,0,0,0,1,1,0.5,1
-14.67969,-4,-10.22116,0,0,0,1,0.5,0.5,0.5
21.41992,-4,9.638551,0,0.5,0,0.8660254,1,1,1
4.024243,-4,-21.28512,0,0,0,1,1,1,1
21.67084,-4,-9.919243,0.3535534,-0.1464466,0.3535534,0.8535534,1,1,1
-15.54788,-0.5670886,-30.79661,0,0,0,1,1,1,1
-8587995165643300703
3.306041,-4,19.71805,0,0,0,1,1,0.5,1
-14.67969,-4,-10.22116,0,0,0,1,0.5,0.5,0.5
21.41992,-4,9.638551,0,0.5,0,0.8660254,1,1,1
4.024243,-4,-21.28512,0,0,0,1,1,1,1
21.67084,-4,-9.919243,0.3535534,-0.1464466,0.3535534,0.8535534,1,1,1
-15.54788,-0.5670886,-30.79661,0,0,0,1,1,1,1
-8587995165643140694
3.306041,-4,19.71805,0,0,0,1,1,0.5,1
-14.67969,-4,-10.22116,0,0,0,1,0.5,0.5,0.5
21.41992,-4,9.638551,0,0.5,0,0.8660254,1,1,1
4.024243,-4,-21.28512,0,0,0,1,1,1,1
21.67084,-4,-9.919243,0.3535534,-0.1464466,0.3535534,0.8535534,1,1,1
-15.54788,-0.5670886,-30.79661,0,0,0,1,1,1,1
-8587995165642970684
3.306041,-4,19.71805,0,0,0,1,1,0.5,1
-14.67969,-4,-10.22116,0,0,0,1,0.5,0.5,0.5
21.41992,-4,9.638551,0,0.5,0,0.8660254,1,1,1
4.024243,-4,-21.28512,0,0,0,1,1,1,1
21.67084,-4,-9.919243,0.3535534,-0.1464466,0.3535534,0.8535534,1,1,1
-15.54788,-0.5670886,-30.79661,0,0,0,1,1,1,1
-8587995165642810675
3.306041,-4,19.71805,0,0,0,1,1,0.5,1
-14.67969,-4,-10.22116,0,0,0,1,0.5,0.5,0.5
21.41992,-4,9.638551,0,0.5,0,0.8660254,1,1,1
4.024243,-4,-21.28512,0,0,0,1,1,1,1
21.67084,-4,-9.919243,0.3535534,-0.1464466,0.3535534,0.8535534,1,1,1
-15.54788,-0.5670886,-30.79661,0,0,0,1,1,1,1
-8587995165642640665
3.306041,-4,19.71805,0,0,0,1,1,0.5,1
-14.67969,-4,-10.22116,0,0,0,1,0.5,0.5,0.5
21.41992,-4,9.638551,0,0.5,0,0.8660254,1,1,1
4.024243,-4,-21.28512,0,0,0,1,1,1,1
21.67084,-4,-9.919243,0.3535534,-0.1464466,0.3535534,0.8535534,1,1,1
-15.54788,-0.5670886,-30.79661,0,0,0,1,1,1,1
-8587995165642470656
3.306041,-4,19.71805,0,0,0,1,1,0.5,1
-14.67969,-4,-10.22116,0,0,0,1,0.5,0.5,0.5
21.41992,-4,9.638551,0,0.5,0,0.8660254,1,1,1
4.024243,-4,-21.28512,0,0,0,1,1,1,1
21.67084,-4,-9.919243,0.3535534,-0.1464466,0.3535534,0.8535534,1,1,1
-15.54788,-0.5670886,-30.79661,0,0,0,1,1,1,1
-8587995165642310646
3.306041,-4,19.71805,0,0,0,1,1,0.5,1
-14.67969,-4,-10.22116,0,0,0,1,0.5,0.5,0.5
21.41992,-4,9.638551,0,0.5,0,0.8660254,1,1,1
4.024243,-4,-21.28512,0,0,0,1,1,1,1
21.67084,-4,-9.919243,0.3535534,-0.1464466,0.3535534,0.8535534,1,1,1
-15.54788,-0.5670886,-30.79661,0,0,0,1,1,1,1
-8587995165642140637
3.306041,-4,19.71805,0,0,0,1,1,0.5,1
-14.67969,-4,-10.22116,0,0,0,1,0.5,0.5,0.5
21.41992,-4,9.638551,0,0.5,0,0.8660254,1,1,1
4.024243,-4,-21.28512,0,0,0,1,1,1,1
21.67084,-4,-9.919243,0.3535534,-0.1464466,0.3535534,0.8535534,1,1,1
-15.54788,-0.5670886,-30.79661,0,0,0,1,1,1,1
-8587995165641980628
3.306041,-4,19.71805,0,0,0,1,1,0.5,1
-14.67969,-4,-10.22116,0,0,0,1,0.5,0.5,0.5
21.41992,-4,9.638551,0,0.5,0,0.8660254,1,1,1
4.024243,-4,-21.28512,0,0,0,1,1,1,1
21.67084,-4,-9.919243,0.3535534,-0.1464466,0.3535534,0.8535534,1,1,1
-15.54788,-0.5670886,-30.79661,0,0,0,1,1,1,1
-8587995165641810618
3.306041,-4,19.71805,0,0,0,1,1,0.5,1
-14.67969,-4,-10.22116,0,0,0,1,0.5,0.5,0.5
21.41992,-4,9.638551,0,0.5,0,0.8660254,1,1,1
4.024243,-4,-21.28512,0,0,0,1,1,1,1
21.67084,-4,-9.919243,0.3535534,-0.1464466,0.3535534,0.8535534,1,1,1
-15.54788,-0.5670886,-30.79661,0,0,0,1,1,1,1
-8587995165641650609
3.306041,-4,19.71805,0,0,0,1,1,0.5,1
-14.67969,-4,-10.22116,0,0,0,1,0.5,0.5,0.5
21.41992,-4,9.638551,0,0.5,0,0.8660254,1,1,1
4.024243,-4,-21.28512,0,0,0,1,1,1,1
21.67084,-4,-9.919243,0.3535534,-0.1464466,0.3535534,0.8535534,1,1,1
-15.54788,-0.5670886,-30.79661,0,0,0,1,1,1,1
-8587995165641480599
3.306041,-4,19.71805,0,0,0,1,1,0.5,1
-14.67969,-4,-10.22116,0,0,0,1,0.5,0.5,0.5
21.41992,-4,9.638551,0,0.5,0,0.8660254,1,1,1
4.024243,-4,-21.28512,0,0,0,1,1,1,1
21.67084,-4,-9.919243,0.3535534,-0.1464466,0.3535534,0.8535534,1,1,1
-15.54788,-0.5670886,-30.79661,0,0,0,1,1,1,1
-8587995165641320590
3.306041,-4,19.71805,0,0,0,1,1,0.5,1
-14.67969,-4,-10.22116,0,0,0,1,0.5,0.5,0.5
21.41992,-4,9.638551,0,0.5,0,0.8660254,1,1,1
4.024243,-4,-21.28512,0,0,0,1,1,1,1
21.67084,-4,-9.919243,0.3535534,-0.1464466,0.3535534,0.8535534,1,1,1
-15.54788,-0.5670886,-30.79661,0,0,0,1,1,1,1
-8587995165641150580
3.306041,-4,19.71805,0,0,0,1,1,0.5,1
-14.67969,-4,-10.22116,0,0,0,1,0.5,0.5,0.5
21.41992,-4,9.638551,0,0.5,0,0.8660254,1,1,1
4.024243,-4,-21.28512,0,0,0,1,1,1,1
21.67084,-4,-9.919243,0.3535534,-0.1464466,0.3535534,0.8535534,1,1,1
-15.54788,-0.5670886,-30.79661,0,0,0,1,1,1,1
-8587995165640990571
3.306041,-4,19.71805,0,0,0,1,1,0.5,1
-14.67969,-4,-10.22116,0,0,0,1,0.5,0.5,0.5
21.41992,-4,9.638551,0,0.5,0,0.8660254,1,1,1
4.024243,-4,-21.28512,0,0,0,1,1,1,1
21.67084,-4,-9.919243,0.3535534,-0.1464466,0.3535534,0.8535534,1,1,1
-15.54788,-0.5670886,-30.79661,0,0,0,1,1,1,1
-8587995165640820561
3.306041,-4,19.71805,0,0,0,1,1,0.5,1
-14.67969,-4,-10.22116,0,0,0,1,0.5,0.5,0.5
21.41992,-4,9.638551,0,0.5,0,0.8660254,1,1,1
4.024243,-4,-21.28512,0,0,0,1,1,1,1
21.67084,-4,-9.919243,0.3535534,-0.1464466,0.3535534,0.8535534,1,1,1
-15.54788,-0.5670886,-30.79661,0,0,0,1,1,1,1
-8587995165640650551
3.306041,-4,19.71805,0,0,0,1,1,0.5,1
-14.67969,-4,-10.22116,0,0,0,1,0.5,0.5,0.5
21.41992,-4,9.638551,0,0.5,0,0.8660254,1,1,1
4.024243,-4,-21.28512,0,0,0,1,1,1,1
21.67084,-4,-9.919243,0.3535534,-0.1464466,0.3535534,0.8535534,1,1,1
-15.54788,-0.5670886,-30.79661,0,0,0,1,1,1,1
-8587995165640490542
3.306041,-4,19.71805,0,0,0,1,1,0.5,1
-14.67969,-4,-10.22116,0,0,0,1,0.5,0.5,0.5
21.41992,-4,9.638551,0,0.5,0,0.8660254,1,1,1
4.024243,-4,-21.28512,0,0,0,1,1,1,1
21.67084,-4,-9.919243,0.3535534,-0.1464466,0.3535534,0.8535534,1,1,1
-15.54788,-0.5670886,-30.79661,0,0,0,1,1,1,1
-8587995165640320533
3.306041,-4,19.71805,0,0,0,1,1,0.5,1
-14.67969,-4,-10.22116,0,0,0,1,0.5,0.5,0.5
21.41992,-4,9.638551,0,0.5,0,0.8660254,1,1,1
4.024243,-4,-21.28512,0,0,0,1,1,1,1
21.67084,-4,-9.919243,0.3535534,-0.1464466,0.3535534,0.8535534,1,1,1
-15.54788,-0.5670886,-30.79661,0,0,0,1,1,1,1
-8587995165640160523
3.306041,-4,19.71805,0,0,0,1,1,0.5,1
-14.67969,-4,-10.22116,0,0,0,1,0.5,0.5,0.5
21.41992,-4,9.638551,0,0.5,0,0.8660254,1,1,1
4.024243,-4,-21.28512,0,0,0,1,1,1,1
21.67084,-4,-9.919243,0.3535534,-0.1464466,0.3535534,0.8535534,1,1,1
-15.54788,-0.5670886,-30.79661,0,0,0,1,1,1,1
-8587995165639990514
3.306041,-4,19.71805,0,0,0,1,1,0.5,1
-14.67969,-4,-10.22116,0,0,0,1,0.5,0.5,0.5
21.41992,-4,9.638551,0,0.5,0,0.8660254,1,1,1
4.024243,-4,-21.28512,0,0,0,1,1,1,1
21.67084,-4,-9.919243,0.3535534,-0.1464466,0.3535534,0.8535534,1,1,1
-15.54788,-0.5670886,-30.79661,0,0,0,1,1,1,1
-8587995165639820504
3.306041,-4,19.71805,0,0,0,1,1,0.5,1
-14.67969,-4,-10.22116,0,0,0,1,0.5,0.5,0.5
21.41992,-4,9.638551,0,0.5,0,0.8660254,1,1,1
4.024243,-4,-21.28512,0,0,0,1,1,1,1
21.67084,-4,-9.919243,0.3535534,-0.1464466,0.3535534,0.8535534,1,1,1
-15.54788,-0.5670886,-30.79661,0,0,0,1,1,1,1
-8587995165639660495
3.306041,-4,19.71805,0,0,0,1,1,0.5,1
-14.67969,-4,-10.22116,0,0,0,1,0.5,0.5,0.5
21.41992,-4,9.638551,0,0.5,0,0.8660254,1,1,1
4.024243,-4,-21.28512,0,0,0,1,1,1,1
21.67084,-4,-9.919243,0.3535534,-0.1464466,0.3535534,0.8535534,1,1,1
-15.54788,-0.5670886,-30.79661,0,0,0,1,1,1,1
-8587995165639490485
3.306041,-4,19.71805,0,0,0,1,1,0.5,1
-14.67969,-4,-10.22116,0,0,0,1,0.5,0.5,0.5
21.41992,-4,9.638551,0,0.5,0,0.8660254,1,1,1
4.024243,-4,-21.28512,0,0,0,1,1,1,1
21.67084,-4,-9.919243,0.3535534,-0.1464466,0.3535534,0.8535534,1,1,1
-15.54788,-0.5670886,-30.79661,0,0,0,1,1,1,1
-8587995165639330476
3.306041,-4,19.71805,0,0,0,1,1,0.5,1
-14.67969,-4,-10.22116,0,0,0,1,0.5,0.5,0.5
21.41992,-4,9.638551,0,0.5,0,0.8660254,1,1,1
4.024243,-4,-21.28512,0,0,0,1,1,1,1
21.67084,-4,-9.919243,0.3535534,-0.1464466,0.3535534,0.8535534,1,1,1
-15.54788,-0.5670886,-30.79661,0,0,0,1,1,1,1
-8587995165639160466
3.306041,-4,19.71805,0,0,0,1,1,0.5,1
-14.67969,-4,-10.22116,0,0,0,1,0.5,0.5,0.5
21.41992,-4,9.638551,0,0.5,0,0.8660254,1,1,1
4.024243,-4,-21.28512,0,0,0,1,1,1,1
21.67084,-4,-9.919243,0.3535534,-0.1464466,0.3535534,0.8535534,1,1,1
-15.54788,-0.5670886,-30.79661,0,0,0,1,1,1,1
-8587995165639000457
3.306041,-4,19.71805,0,0,0,1,1,0.5,1
-14.67969,-4,-10.22116,0,0,0,1,0.5,0.5,0.5
21.41992,-4,9.638551,0,0.5,0,0.8660254,1,1,1
4.024243,-4,-21.28512,0,0,0,1,1,1,1
21.67084,-4,-9.919243,0.3535534,-0.1464466,0.3535534,0.8535534,1,1,1
-15.54788,-0.5670886,-30.79661,0,0,0,1,1,1,1
-8587995165638830447
3.306041,-4,19.71805,0,0,0,1,1,0.5,1
-14.67969,-4,-10.22116,0,0,0,1,0.5,0.5,0.5
21.41992,-4,9.638551,0,0.5,0,0.8660254,1,1,1
4.024243,-4,-21.28512,0,0,0,1,1,1,1
21.67084,-4,-9.919243,0.3535534,-0.1464466,0.3535534,0.8535534,1,1,1
-15.54788,-0.5670886,-30.79661,0,0,0,1,1,1,1
-8587995165638670438
3.306041,-4,19.71805,0,0,0,1,1,0.5,1
-14.67969,-4,-10.22116,0,0,0,1,0.5,0.5,0.5
21.41992,-4,9.638551,0,0.5,0,0.8660254,1,1,1
4.024243,-4,-21.28512,0,0,0,1,1,1,1
21.67084,-4,-9.919243,0.3535534,-0.1464466,0.3535534,0.8535534,1,1,1
-15.54788,-0.5670886,-30.79661,0,0,0,1,1,1,1
-8587995165638500428
3.306041,-4,19.71805,0,0,0,1,1,0.5,1
-14.67969,-4,-10.22116,0,0,0,1,0.5,0.5,0.5
21.41992,-4,9.638551,0,0.5,0,0.8660254,1,1,1
4.024243,-4,-21.28512,0,0,0,1,1,1,1
21.67084,-4,-9.919243,0.3535534,-0.1464466,0.3535534,0.8535534,1,1,1
-15.54788,-0.5670886,-30.79661,0,0,0,1,1,1,1
-8587995165638330419
3.306041,-4,19.71805,0,0,0,1,1,0.5,1
-14.67969,-4,-10.22116,0,0,0,1,0.5,0.5,0.5
21.41992,-4,9.638551,0,0.5,0,0.8660254,1,1,1
4.024243,-4,-21.28512,0,0,0,1,1,1,1
21.67084,-4,-9.919243,0.3535534,-0.1464466,0.3535534,0.8535534,1,1,1
-15.54788,-0.5670886,-30.79661,0,0,0,1,1,1,1
-8587995165638170410
3.306041,-4,19.71805,0,0,0,1,1,0.5,1
-14.67969,-4,-10.22116,0,0,0,1,0.5,0.5,0.5
21.41992,-4,9.638551,0,0.5,0,0.8660254,1,1,1
4.024243,-4,-21.28512,0,0,0,1,1,1,1
21.67084,-4,-9.919243,0.3535534,-0.1464466,0.3535534,0.8535534,1,1,1
-15.54788,-0.5670886,-30.79661,0,0,0,1,1,1,1
-8587995165638000400
3.306041,-4,19.71805,0,0,0,1,1,0.5,1
-14.67969,-4,-10.22116,0,0,0,1,0.5,0.5,0.5
21.41992,-4,9.638551,0,0.5,0,0.8660254,1,1,1
4.024243,-4,-21.28512,0,0,0,1,1,1,1
21.67084,-4,-9.919243,0.3535534,-0.1464466,0.3535534,0.8535534,1,1,1
-15.54788,-0.5670886,-30.79661,0,0,0,1,1,1,1
-8587995165637840391
3.306041,-4,19.71805,0,0,0,1,1,0.5,1
-14.67969,-4,-10.22116,0,0,0,1,0.5,0.5,0.5
21.41992,-4,9.638551,0,0.5,0,0.8660254,1,1,1
4.024243,-4,-21.28512,0,0,0,1,1,1,1
21.67084,-4,-9.919243,0.3535534,-0.1464466,0.3535534,0.8535534,1,1,1
-15.54788,-0.5670886,-30.79661,0,0,0,1,1,1,1
-8587995165637670381
3.306041,-4,19.71805,0,0,0,1,1,0.5,1
-14.67969,-4,-10.22116,0,0,0,1,0.5,0.5,0.5
21.41992,-4,9.638551,0,0.5,0,0.8660254,1,1,1
4.024243,-4,-21.28512,0,0,0,1,1,1,1
21.67084,-4,-9.919243,0.3535534,-0.1464466,0.3535534,0.8535534,1,1,1
-15.54788,-0.5670886,-30.79661,0,0,0,1,1,1,1
-8587995165637510372
3.306041,-4,19.71805,0,0,0,1,1,0.5,1
-14.67969,-4,-10.22116,0,0,0,1,0.5,0.5,0.5
21.41992,-4,9.638551,0,0.5,0,0.8660254,1,1,1
4.024243,-4,-21.28512,0,0,0,1,1,1,1
21.67084,-4,-9.919243,0.3535534,-0.1464466,0.3535534,0.8535534,1,1,1
-15.54788,-0.5670886,-30.79661,0,0,0,1,1,1,1
-8587995165637340362
3.306041,-4,19.71805,0,0,0,1,1,0.5,1
-14.67969,-4,-10.22116,0,0,0,1,0.5,0.5,0.5
21.41992,-4,9.638551,0,0.5,0,0.8660254,1,1,1
4.024243,-4,-21.28512,0,0,0,1,1,1,1
21.67084,-4,-9.919243,0.3535534,-0.1464466,0.3535534,0.8535534,1,1,1
-15.54788,-0.5670886,-30.79661,0,0,0,1,1,1,1
-8587995165637180353
3.306041,-4,19.71805,0,0,0,1,1,0.5,1
-14.67969,-4,-10.22116,0,0,0,1,0.5,0.5,0.5
21.41992,-4,9.638551,0,0.5,0,0.8660254,1,1,1
4.024243,-4,-21.28512,0,0,0,1,1,1,1
21.67084,-4,-9.919243,0.3535534,-0.1464466,0.3535534,0.8535534,1,1,1
-15.54788,-0.5670886,-30.79661,0,0,0,1,1,1,1
-8587995165637010343
3.306041,-4,19.71805,0,0,0,1,1,0.5,1
-14.67969,-4,-10.22116,0,0,0,1,0.5,0.5,0.5
21.41992,-4,9.638551,0,0.5,0,0.8660254,1,1,1
4.024243,-4,-21.28512,0,0,0,1,1,1,1
21.67084,-4,-9.919243,0.3535534,-0.1464466,0.3535534,0.8535534,1,1,1
-15.54788,-0.5670886,-30.79661,0,0,0,1,1,1,1
-8587995165636840334
3.306041,-4,19.71805,0,0,0,1,1,0.5,1
-14.67969,-4,-10.22116,0,0,0,1,0.5,0.5,0.5
21.41992,-4,9.638551,0,0.5,0,0.8660254,1,1,1
4.024243,-4,-21.28512,0,0,0,1,1,1,1
21.67084,-4,-9.919243,0.3535534,-0.1464466,0.3535534,0.8535534,1,1,1
-15.54788,-0.5670886,-30.79661,0,0,0,1,1,1,1
-8587995165636680324
3.306041,-4,19.71805,0,0,0,1,1,0.5,1
-14.67969,-4,-10.22116,0,0,0,1,0.5,0.5,0.5
21.41992,-4,9.638551,0,0.5,0,0.8660254,1,1,1
4.024243,-4,-21.28512,0,0,0,1,1,1,1
21.67084,-4,-9.919243,0.3535534,-0.1464466,0.3535534,0.8535534,1,1,1
-15.54788,-0.5670886,-30.79661,0,0,0,1,1,1,1
-8587995165636510315
3.306041,-4,19.71805,0,0,0,1,1,0.5,1
-14.67969,-4,-10.22116,0,0,0,1,0.5,0.5,0.5
21.41992,-4,9.638551,0,0.5,0,0.8660254,1,1,1
4.024243,-4,-21.28512,0,0,0,1,1,1,1
21.67084,-4,-9.919243,0.3535534,-0.1464466,0.3535534,0.8535534,1,1,1
-15.54788,-0.5670886,-30.79661,0,0,0,1,1,1,1
-8587995165636350305
3.306041,-4,19.71805,0,0,0,1,1,0.5,1
-14.67969,-4,-10.22116,0,0,0,1,0.5,0.5,0.5
21.41992,-4,9.638551,0,0.5,0,0.8660254,1,1,1
4.024243,-4,-21.28512,0,0,0,1,1,1,1
21.67084,-4,-9.919243,0.3535534,-0.1464466,0.3535534,0.8535534,1,1,1
-15.54788,-0.5670886,-30.79661,0,0,0,1,1,1,1
-8587995165636180296
3.306041,-4,19.71805,0,0,0,1,1,0.5,1
-14.67969,-4,-10.22116,0,0,0,1,0.5,0.5,0.5
21.41992,-4,9.638551,0,0.5,0,0.8660254,1,1,1
4.024243,-4,-21.28512,0,0,0,1,1,1,1
21.67084,-4,-9.919243,0.3535534,-0.1464466,0.3535534,0.8535534,1,1,1
-15.54788,-0.5670886,-30.79661,0,0,0,1,1,1,1
-8587995165636020287
3.306041,-4,19.71805,0,0,0,1,1,0.5,1
-14.67969,-4,-10.22116,0,0,0,1,0.5,0.5,0.5
21.41992,-4,9.638551,0,0.5,0,0.8660254,1,1,1
4.024243,-4,-21.28512,0,0,0,1,1,1,1
21.67084,-4,-9.919243,0.3535534,-0.1464466,0.3535534,0.8535534,1,1,1
-15.54788,-0.5670886,-30.79661,0,0,0,1,1,1,1
-8587995165635850277
3.306041,-4,19.71805,0,0,0,1,1,0.5,1
-14.67969,-4,-10.22116,0,0,0,1,0.5,0.5,0.5
21.41992,-4,9.638551,0,0.5,0,0.8660254,1,1,1
4.024243,-4,-21.28512,0,0,0,1,1,1,1
21.67084,-4,-9.919243,0.3535534,-0.1464466,0.3535534,0.8535534,1,1,1
-15.54788,-0.5670886,-30.79661,0,0,0,1,1,1,1
-8587995165635690268
3.306041,-4,19.71805,0,0,0,1,1,0.5,1
-14.67969,-4,-10.22116,0,0,0,1,0.5,0.5,0.5
21.41992,-4,9.638551,0,0.5,0,0.8660254,1,1,1
4.024243,-4,-21.28512,0,0,0,1,1,1,1
21.67084,-4,-9.919243,0.3535534,-0.1464466,0.3535534,0.8535534,1,1,1
-15.54788,-0.5670886,-30.79661,0,0,0,1,1,1,1
-8587995165635520258
3.306041,-4,19.71805,0,0,0,1,1,0.5,1
-14.67969,-4,-10.22116,0,0,0,1,0.5,0.5,0.5
21.41992,-4,9.638551,0,0.5,0,0.8660254,1,1,1
4.024243,-4,-21.28512,0,0,0,1,1,1,1
21.67084,-4,-9.919243,0.3535534,-0.1464466,0.3535534,0.8535534,1,1,1
-15.54788,-0.5670886,-30.79661,0,0,0,1,1,1,1
-8587995165635350248
3.306041,-4,19.71805,0,0,0,1,1,0.5,1
-14.67969,-4,-10.22116,0,0,0,1,0.5,0.5,0.5
21.41992,-4,9.638551,0,0.5,0,0.8660254,1,1,1
4.024243,-4,-21.28512,0,0,0,1,1,1,1
21.67084,-4,-9.919243,0.3535534,-0.1464466,0.3535534,0.8535534,1,1,1
-15.54788,-0.5670886,-30.79661,0,0,0,1,1,1,1
-8587995165635190239
3.306041,-4,19.71805,0,0,0,1,1,0.5,1
-14.67969,-4,-10.22116,0,0,0,1,0.5,0.5,0.5
21.41992,-4,9.638551,0,0.5,0,0.8660254,1,1,1
4.024243,-4,-21.28512,0,0,0,1,1,1,1
21.67084,-4,-9.919243,0.3535534,-0.1464466,0.3535534,0.8535534,1,1,1
-15.54788,-0.5670886,-30.79661,0,0,0,1,1,1,1
-8587995165635020229
3.306041,-4,19.71805,0,0,0,1,1,0.5,1
-14.67969,-4,-10.22116,0,0,0,1,0.5,0.5,0.5
21.41992,-4,9.638551,0,0.5,0,0.8660254,1,1,1
4.024243,-4,-21.28512,0,0,0,1,1,1,1
21.67084,-4,-9.919243,0.3535534,-0.1464466,0.3535534,0.8535534,1,1,1
-15.54788,-0.5670886,-30.79661,0,0,0,1,1,1,1
-8587995165634850220
3.306041,-4,19.71805,0,0,0,1,1,0.5,1
-14.67969,-4,-10.22116,0,0,0,1,0.5,0.5,0.5
21.41992,-4,9.638551,0,0.5,0,0.8660254,1,1,1
4.024243,-4,-21.28512,0,0,0,1,1,1,1
21.67084,-4,-9.919243,0.3535534,-0.1464466,0.3535534,0.8535534,1,1,1
-15.54788,-0.5670886,-30.79661,0,0,0,1,1,1,1
-8587995165634690211
3.306041,-4,19.71805,0,0,0,1,1,0.5,1
-14.67969,-4,-10.22116,0,0,0,1,0.5,0.5,0.5
21.41992,-4,9.638551,0,0.5,0,0.8660254,1,1,1
4.024243,-4,-21.28512,0,0,0,1,1,1,1
21.67084,-4,-9.919243,0.3535534,-0.1464466,0.3535534,0.8535534,1,1,1
-15.54788,-0.5670886,-30.79661,0,0,0,1,1,1,1
-8587995165634520201
3.306041,-4,19.71805,0,0,0,1,1,0.5,1
-14.67969,-4,-10.22116,0,0,0,1,0.5,0.5,0.5
21.41992,-4,9.638551,0,0.5,0,0.8660254,1,1,1
4.024243,-4,-21.28512,0,0,0,1,1,1,1
21.67084,-4,-9.919243,0.3535534,-0.1464466,0.3535534,0.8535534,1,1,1
-15.54788,-0.5670886,-30.79661,0,0,0,1,1,1,1
-8587995165634360192
3.306041,-4,19.71805,0,0,0,1,1,0.5,1
-14.67969,-4,-10.22116,0,0,0,1,0.5,0.5,0.5
21.41992,-4,9.638551,0,0.5,0,0.8660254,1,1,1
4.024243,-4,-21.28512,0,0,0,1,1,1,1
21.67084,-4,-9.919243,0.3535534,-0.1464466,0.3535534,0.8535534,1,1,1
-15.54788,-0.5670886,-30.79661,0,0,0,1,1,1,1
-8587995165634190182
3.306041,-4,19.71805,0,0,0,1,1,0.5,1
-14.67969,-4,-10.22116,0,0,0,1,0.5,0.5,0.5
21.41992,-4,9.638551,0,0.5,0,0.8660254,1,1,1
4.024243,-4,-21.28512,0,0,0,1,1,1,1
21.67084,-4,-9.919243,0.3535534,-0.1464466,0.3535534,0.8535534,1,1,1
-15.54788,-0.5670886,-30.79661,0,0,0,1,1,1,1
-8587995165634030173
3.306041,-4,19.71805,0,0,0,1,1,0.5,1
-14.67969,-4,-10.22116,0,0,0,1,0.5,0.5,0.5
21.41992,-4,9.638551,0,0.5,0,0.8660254,1,1,1
4.024243,-4,-21.28512,0,0,0,1,1,1,1
21.67084,-4,-9.919243,0.3535534,-0.1464466,0.3535534,0.8535534,1,1,1
-15.54788,-0.5670886,-30.79661,0,0,0,1,1,1,1
-8587995165633860163
3.306041,-4,19.71805,0,0,0,1,1,0.5,1
-14.67969,-4,-10.22116,0,0,0,1,0.5,0.5,0.5
21.41992,-4,9.638551,0,0.5,0,0.8660254,1,1,1
4.024243,-4,-21.28512,0,0,0,1,1,1,1
21.67084,-4,-9.919243,0.3535534,-0.1464466,0.3535534,0.8535534,1,1,1
-15.54788,-0.5670886,-30.79661,0,0,0,1,1,1,1
-8587995165633690153
3.306041,-4,19.71805,0,0,0,1,1,0.5,1
-14.67969,-4,-10.22116,0,0,0,1,0.5,0.5,0.5
21.41992,-4,9.638551,0,0.5,0,0.8660254,1,1,1
4.024243,-4,-21.28512,0,0,0,1,1,1,1
21.67084,-4,-9.919243,0.3535534,-0.1464466,0.3535534,0.8535534,1,1,1
-15.54788,-0.5670886,-30.79661,0,0,0,1,1,1,1
