-8588003714315717791
3.306041,-4,19.71805,0,0,0,1,1,0.5,1
-14.67969,-4,-10.22116,0,0,0,1,0.5,0.5,0.5
21.41992,-4,9.638551,0,0.5,0,0.8660254,1,1,1
4.024243,-4,-21.28512,0,0,0,1,1,1,1
21.67084,-4,-9.919243,0.3535534,-0.1464466,0.3535534,0.8535534,1,1,1
-15.54788,-0.5670886,-30.79661,0,0,0,1,1,1,1
-8588003714315677789
3.306041,-4,19.71805,0,0,0,1,1,0.5,1
-14.67969,-4,-10.22116,0,0,0,1,0.5,0.5,0.5
21.41992,-4,9.638551,0,0.5,0,0.8660254,1,1,1
4.024243,-4,-21.28512,0,0,0,1,1,1,1
21.67084,-4,-9.919243,0.3535534,-0.1464466,0.3535534,0.8535534,1,1,1
-15.54788,-0.5670886,-30.79661,0,0,0,1,1,1,1
-8588003714314267708
3.306041,-4,19.71805,0,0,0,1,1,0.5,1
-14.67969,-4,-10.22116,0,0,0,1,0.5,0.5,0.5
21.41992,-4,9.638551,0,0.5,0,0.8660254,1,1,1
4.024243,-4,-21.28512,0,0,0,1,1,1,1
21.67084,-4,-9.919243,0.3535534,-0.1464466,0.3535534,0.8535534,1,1,1
-15.54788,-0.5670886,-30.79661,0,0,0,1,1,1,1
-8588003714314047696
3.306041,-4,19.71805,0,0,0,1,1,0.5,1
-14.67969,-4,-10.22116,0,0,0,1,0.5,0.5,0.5
21.41992,-4,9.638551,0,0.5,0,0.8660254,1,1,1
4.024243,-4,-21.28512,0,0,0,1,1,1,1
21.67084,-4,-9.919243,0.3535534,-0.1464466,0.3535534,0.8535534,1,1,1
-15.54788,-0.5670886,-30.79661,0,0,0,1,1,1,1
-8588003714313877686
3.306041,-4,19.71805,0,0,0,1,1,0.5,1
-14.67969,-4,-10.22116,0,0,0,1,0.5,0.5,0.5
21.41992,-4,9.638551,0,0.5,0,0.8660254,1,1,1
4.024243,-4,-21.28512,0,0,0,1,1,1,1
21.67084,-4,-9.919243,0.3535534,-0.1464466,0.3535534,0.8535534,1,1,1
-15.54788,-0.5670886,-30.79661,0,0,0,1,1,1,1
-8588003714313717677
3.306041,-4,19.71805,0,0,0,1,1,0.5,1
-14.67969,-4,-10.22116,0,0,0,1,0.5,0.5,0.5
21.41992,-4,9.638551,0,0.5,0,0.8660254,1,1,1
4.024243,-4,-21.28512,0,0,0,1,1,1,1
21.67084,-4,-9.919243,0.3535534,-0.1464466,0.3535534,0.8535534,1,1,1
-15.54788,-0.5670886,-30.79661,0,0,0,1,1,1,1
-8588003714313547667
3.306041,-4,19.71805,0,0,0,1,1,0.5,1
-14.67969,-4,-10.22116,0,0,0,1,0.5,0.5,0.5
21.41992,-4,9.638551,0,0.5,0,0.8660254,1,1,1
4.024243,-4,-21.28512,0,0,0,1,1,1,1
21.67084,-4,-9.919243,0.3535534,-0.1464466,0.3535534,0.8535534,1,1,1
-15.54788,-0.5670886,-30.79661,0,0,0,1,1,1,1
-8588003714313387658
3.306041,-4,19.71805,0,0,0,1,1,0.5,1
-14.67969,-4,-10.22116,0,0,0,1,0.5,0.5,0.5
21.41992,-4,9.638551,0,0.5,0,0.8660254,1,1,1
4.024243,-4,-21.28512,0,0,0,1,1,1,1
21.67084,-4,-9.919243,0.3535534,-0.1464466,0.3535534,0.8535534,1,1,1
-15.54788,-0.5670886,-30.79661,0,0,0,1,1,1,1
-8588003714313217648
3.306041,-4,19.71805,0,0,0,1,1,0.5,1
-14.67969,-4,-10.22116,0,0,0,1,0.5,0.5,0.5
21.41992,-4,9.638551,0,0.5,0,0.8660254,1,1,1
4.024243,-4,-21.28512,0,0,0,1,1,1,1
21.67084,-4,-9.919243,0.3535534,-0.1464466,0.3535534,0.8535534,1,1,1
-15.54788,-0.5670886,-30.79661,0,0,0,1,1,1,1
-8588003714313047639
3.306041,-4,19.71805,0,0,0,1,1,0.5,1
-14.67969,-4,-10.22116,0,0,0,1,0.5,0.5,0.5
21.41992,-4,9.638551,0,0.5,0,0.8660254,1,1,1
4.024243,-4,-21.28512,0,0,0,1,1,1,1
21.67084,-4,-9.919243,0.3535534,-0.1464466,0.3535534,0.8535534,1,1,1
-15.54788,-0.5670886,-30.79661,0,0,0,1,1,1,1
-8588003714312887629
3.306041,-4,19.71805,0,0,0,1,1,0.5,1
-14.67969,-4,-10.22116,0,0,0,1,0.5,0.5,0.5
21.41992,-4,9.638551,0,0.5,0,0.8660254,1,1,1
4.024243,-4,-21.28512,0,0,0,1,1,1,1
21.67084,-4,-9.919243,0.3535534,-0.1464466,0.3535534,0.8535534,1,1,1
-15.54788,-0.5670886,-30.79661,0,0,0,1,1,1,1
-8588003714312717620
3.306041,-4,19.71805,0,0,0,1,1,0.5,1
-14.67969,-4,-10.22116,0,0,0,1,0.5,0.5,0.5
21.41992,-4,9.638551,0,0.5,0,0.8660254,1,1,1
4.024243,-4,-21.28512,0,0,0,1,1,1,1
21.67084,-4,-9.919243,0.3535534,-0.1464466,0.3535534,0.8535534,1,1,1
-15.54788,-0.5670886,-30.79661,0,0,0,1,1,1,1
-8588003714312557611
3.306041,-4,19.71805,0,0,0,1,1,0.5,1
-14.67969,-4,-10.22116,0,0,0,1,0.5,0.5,0.5
21.41992,-4,9.638551,0,0.5,0,0.8660254,1,1,1
4.024243,-4,-21.28512,0,0,0,1,1,1,1
21.67084,-4,-9.919243,0.3535534,-0.1464466,0.3535534,0.8535534,1,1,1
-15.54788,-0.5670886,-30.79661,0,0,0,1,1,1,1
-8588003714312387601
3.306041,-4,19.71805,0,0,0,1,1,0.5,1
-14.67969,-4,-10.22116,0,0,0,1,0.5,0.5,0.5
21.41992,-4,9.638551,0,0.5,0,0.8660254,1,1,1
4.024243,-4,-21.28512,0,0,0,1,1,1,1
21.67084,-4,-9.919243,0.3535534,-0.1464466,0.3535534,0.8535534,1,1,1
-15.54788,-0.5670886,-30.79661,0,0,0,1,1,1,1
-8588003714312227592
3.306041,-4,19.71805,0,0,0,1,1,0.5,1
-14.67969,-4,-10.22116,0,0,0,1,0.5,0.5,0.5
21.41992,-4,9.638551,0,0.5,0,0.8660254,1,1,1
4.024243,-4,-21.28512,0,0,0,1,1,1,1
21.67084,-4,-9.919243,0.3535534,-0.1464466,0.3535534,0.8535534,1,1,1
-15.54788,-0.5670886,-30.79661,0,0,0,1,1,1,1
-8588003714312057582
3.306041,-4,19.71805,0,0,0,1,1,0.5,1
-14.67969,-4,-10.22116,0,0,0,1,0.5,0.5,0.5
21.41992,-4,9.638551,0,0.5,0,0.8660254,1,1,1
4.024243,-4,-21.28512,0,0,0,1,1,1,1
21.67084,-4,-9.919243,0.3535534,-0.1464466,0.3535534,0.8535534,1,1,1
-15.54788,-0.5670886,-30.79661,0,0,0,1,1,1,1
-8588003714311897573
3.306041,-4,19.71805,0,0,0,1,1,0.5,1
-14.67969,-4,-10.22116,0,0,0,1,0.5,0.5,0.5
21.41992,-4,9.638551,0,0.5,0,0.8660254,1,1,1
4.024243,-4,-21.28512,0,0,0,1,1,1,1
21.67084,-4,-9.919243,0.3535534,-0.1464466,0.3535534,0.8535534,1,1,1
-15.54788,-0.5670886,-30.79661,0,0,0,1,1,1,1
-8588003714311727563
3.306041,-4,19.71805,0,0,0,1,1,0.5,1
-14.67969,-4,-10.22116,0,0,0,1,0.5,0.5,0.5
21.41992,-4,9.638551,0,0.5,0,0.8660254,1,1,1
4.024243,-4,-21.28512,0,0,0,1,1,1,1
21.67084,-4,-9.919243,0.3535534,-0.1464466,0.3535534,0.8535534,1,1,1
-15.54788,-0.5670886,-30.79661,0,0,0,1,1,1,1
-8588003714311557553
3.306041,-4,19.71805,0,0,0,1,1,0.5,1
-14.67969,-4,-10.22116,0,0,0,1,0.5,0.5,0.5
21.41992,-4,9.638551,0,0.5,0,0.8660254,1,1,1
4.024243,-4,-21.28512,0,0,0,1,1,1,1
21.67084,-4,-9.919243,0.3535534,-0.1464466,0.3535534,0.8535534,1,1,1
-15.54788,-0.5670886,-30.79661,0,0,0,1,1,1,1
-8588003714311397544
3.306041,-4,19.71805,0,0,0,1,1,0.5,1
-14.67969,-4,-10.22116,0,0,0,1,0.5,0.5,0.5
21.41992,-4,9.638551,0,0.5,0,0.8660254,1,1,1
4.024243,-4,-21.28512,0,0,0,1,1,1,1
21.67084,-4,-9.919243,0.3535534,-0.1464466,0.3535534,0.8535534,1,1,1
-15.54788,-0.5670886,-30.79661,0,0,0,1,1,1,1
-8588003714311227535
3.306041,-4,19.71805,0,0,0,1,1,0.5,1
-14.67969,-4,-10.22116,0,0,0,1,0.5,0.5,0.5
21.41992,-4,9.638551,0,0.5,0,0.8660254,1,1,1
4.024243,-4,-21.28512,0,0,0,1,1,1,1
21.67084,-4,-9.919243,0.3535534,-0.1464466,0.3535534,0.8535534,1,1,1
-15.54788,-0.5670886,-30.79661,0,0,0,1,1,1,1
-8588003714311067525
3.306041,-4,19.71805,0,0,0,1,1,0.5,1
-14.67969,-4,-10.22116,0,0,0,1,0.5,0.5,0.5
21.41992,-4,9.638551,0,0.5,0,0.8660254,1,1,1
4.024243,-4,-21.28512,0,0,0,1,1,1,1
21.67084,-4,-9.919243,0.3535534,-0.1464466,0.3535534,0.8535534,1,1,1
-15.54788,-0.5670886,-30.79661,0,0,0,1,1,1,1
-8588003714310897516
3.306041,-4,19.71805,0,0,0,1,1,0.5,1
-14.67969,-4,-10.22116,0,0,0,1,0.5,0.5,0.5
21.41992,-4,9.638551,0,0.5,0,0.8660254,1,1,1
4.024243,-4,-21.28512,0,0,0,1,1,1,1
21.67084,-4,-9.919243,0.3535534,-0.1464466,0.3535534,0.8535534,1,1,1
-15.54788,-0.5670886,-30.79661,0,0,0,1,1,1,1
-8588003714310737507
3.306041,-4,19.71805,0,0,0,1,1,0.5,1
-14.67969,-4,-10.22116,0,0,0,1,0.5,0.5,0.5
21.41992,-4,9.638551,0,0.5,0,0.8660254,1,1,1
4.024243,-4,-21.28512,0,0,0,1,1,1,1
21.67084,-4,-9.919243,0.3535534,-0.1464466,0.3535534,0.8535534,1,1,1
-15.54788,-0.5670886,-30.79661,0,0,0,1,1,1,1
-8588003714310567497
3.306041,-4,19.71805,0,0,0,1,1,0.5,1
-14.67969,-4,-10.22116,0,0,0,1,0.5,0.5,0.5
21.41992,-4,9.638551,0,0.5,0,0.8660254,1,1,1
4.024243,-4,-21.28512,0,0,0,1,1,1,1
21.67084,-4,-9.919243,0.3535534,-0.1464466,0.3535534,0.8535534,1,1,1
-15.54788,-0.5670886,-30.79661,0,0,0,1,1,1,1
-8588003714310397487
3.306041,-4,19.71805,0,0,0,1,1,0.5,1
-14.67969,-4,-10.22116,0,0,0,1,0.5,0.5,0.5
21.41992,-4,9.638551,0,0.5,0,0.8660254,1,1,1
4.024243,-4,-21.28512,0,0,0,1,1,1,1
21.67084,-4,-9.919243,0.3535534,-0.1464466,0.3535534,0.8535534,1,1,1
-15.54788,-0.5670886,-30.79661,0,0,0,1,1,1,1
-8588003714310237478
3.306041,-4,19.71805,0,0,0,1,1,0.5,1
-14.67969,-4,-10.22116,0,0,0,1,0.5,0.5,0.5
21.41992,-4,9.638551,0,0.5,0,0.8660254,1,1,1
4.024243,-4,-21.28512,0,0,0,1,1,1,1
21.67084,-4,-9.919243,0.3535534,-0.1464466,0.3535534,0.8535534,1,1,1
-15.54788,-0.5670886,-30.79661,0,0,0,1,1,1,1
-8588003714310067468
3.306041,-4,19.71805,0,0,0,1,1,0.5,1
-14.67969,-4,-10.22116,0,0,0,1,0.5,0.5,0.5
21.41992,-4,9.638551,0,0.5,0,0.8660254,1,1,1
4.024243,-4,-21.28512,0,0,0,1,1,1,1
21.67084,-4,-9.919243,0.3535534,-0.1464466,0.3535534,0.8535534,1,1,1
-15.54788,-0.5670886,-30.79661,0,0,0,1,1,1,1
-8588003714309907459
3.306041,-4,19.71805,0,0,0,1,1,0.5,1
-14.67969,-4,-10.22116,0,0,0,1,0.5,0.5,0.5
21.41992,-4,9.638551,0,0.5,0,0.8660254,1,1,1
4.024243,-4,-21.28512,0,0,0,1,1,1,1
21.67084,-4,-9.919243,0.3535534,-0.1464466,0.3535534,0.8535534,1,1,1
-15.54788,-0.5670886,-30.79661,0,0,0,1,1,1,1
-8588003714309737449
3.306041,-4,19.71805,0,0,0,1,1,0.5,1
-14.67969,-4,-10.22116,0,0,0,1,0.5,0.5,0.5
21.41992,-4,9.638551,0,0.5,0,0.8660254,1,1,1
4.024243,-4,-21.28512,0,0,0,1,1,1,1
21.67084,-4,-9.919243,0.3535534,-0.1464466,0.3535534,0.8535534,1,1,1
-15.54788,-0.5670886,-30.79661,0,0,0,1,1,1,1
-8588003714309577440
3.306041,-4,19.71805,0,0,0,1,1,0.5,1
-14.67969,-4,-10.22116,0,0,0,1,0.5,0.5,0.5
21.41992,-4,9.638551,0,0.5,0,0.8660254,1,1,1
4.024243,-4,-21.28512,0,0,0,1,1,1,1
21.67084,-4,-9.919243,0.3535534,-0.1464466,0.3535534,0.8535534,1,1,1
-15.54788,-0.5670886,-30.79661,0,0,0,1,1,1,1
-8588003714309407430
3.306041,-4,19.71805,0,0,0,1,1,0.5,1
-14.67969,-4,-10.22116,0,0,0,1,0.5,0.5,0.5
21.41992,-4,9.638551,0,0.5,0,0.8660254,1,1,1
4.024243,-4,-21.28512,0,0,0,1,1,1,1
21.67084,-4,-9.919243,0.3535534,-0.1464466,0.3535534,0.8535534,1,1,1
-15.54788,-0.5670886,-30.79661,0,0,0,1,1,1,1
-8588003714309237421
3.306041,-4,19.71805,0,0,0,1,1,0.5,1
-14.67969,-4,-10.22116,0,0,0,1,0.5,0.5,0.5
21.41992,-4,9.638551,0,0.5,0,0.8660254,1,1,1
4.024243,-4,-21.28512,0,0,0,1,1,1,1
21.67084,-4,-9.919243,0.3535534,-0.1464466,0.3535534,0.8535534,1,1,1
-15.54788,-0.5670886,-30.79661,0,0,0,1,1,1,1
-8588003714309077412
3.306041,-4,19.71805,0,0,0,1,1,0.5,1
-14.67969,-4,-10.22116,0,0,0,1,0.5,0.5,0.5
21.41992,-4,9.638551,0,0.5,0,0.8660254,1,1,1
4.024243,-4,-21.28512,0,0,0,1,1,1,1
21.67084,-4,-9.919243,0.3535534,-0.1464466,0.3535534,0.8535534,1,1,1
-15.54788,-0.5670886,-30.79661,0,0,0,1,1,1,1
-8588003714308907402
3.306041,-4,19.71805,0,0,0,1,1,0.5,1
-14.67969,-4,-10.22116,0,0,0,1,0.5,0.5,0.5
21.41992,-4,9.638551,0,0.5,0,0.8660254,1,1,1
4.024243,-4,-21.28512,0,0,0,1,1,1,1
21.67084,-4,-9.919243,0.3535534,-0.1464466,0.3535534,0.8535534,1,1,1
-15.54788,-0.5670886,-30.79661,0,0,0,1,1,1,1
-8588003714308747393
3.306041,-4,19.71805,0,0,0,1,1,0.5,1
-14.67969,-4,-10.22116,0,0,0,1,0.5,0.5,0.5
21.41992,-4,9.638551,0,0.5,0,0.8660254,1,1,1
4.024243,-4,-21.28512,0,0,0,1,1,1,1
21.67084,-4,-9.919243,0.3535534,-0.1464466,0.3535534,0.8535534,1,1,1
-15.54788,-0.5670886,-30.79661,0,0,0,1,1,1,1
-8588003714308577383
3.306041,-4,19.71805,0,0,0,1,1,0.5,1
-14.67969,-4,-10.22116,0,0,0,1,0.5,0.5,0.5
21.41992,-4,9.638551,0,0.5,0,0.8660254,1,1,1
4.024243,-4,-21.28512,0,0,0,1,1,1,1
21.67084,-4,-9.919243,0.3535534,-0.1464466,0.3535534,0.8535534,1,1,1
-15.54788,-0.5670886,-30.79661,0,0,0,1,1,1,1
-8588003714308417374
3.306041,-4,19.71805,0,0,0,1,1,0.5,1
-14.67969,-4,-10.22116,0,0,0,1,0.5,0.5,0.5
21.41992,-4,9.638551,0,0.5,0,0.8660254,1,1,1
4.024243,-4,-21.28512,0,0,0,1,1,1,1
21.67084,-4,-9.919243,0.3535534,-0.1464466,0.3535534,0.8535534,1,1,1
-15.54788,-0.5670886,-30.79661,0,0,0,1,1,1,1
-8588003714308247364
3.306041,-4,19.71805,0,0,0,1,1,0.5,1
-14.67969,-4,-10.22116,0,0,0,1,0.5,0.5,0.5
21.41992,-4,9.638551,0,0.5,0,0.8660254,1,1,1
4.024243,-4,-21.28512,0,0,0,1,1,1,1
21.67084,-4,-9.919243,0.3535534,-0.1464466,0.3535534,0.8535534,1,1,1
-15.54788,-0.5670886,-30.79661,0,0,0,1,1,1,1
-8588003714308077354
3.306041,-4,19.71805,0,0,0,1,1,0.5,1
-14.67969,-4,-10.22116,0,0,0,1,0.5,0.5,0.5
21.41992,-4,9.638551,0,0.5,0,0.8660254,1,1,1
4.024243,-4,-21.28512,0,0,0,1,1,1,1
21.67084,-4,-9.919243,0.3535534,-0.1464466,0.3535534,0.8535534,1,1,1
-15.54788,-0.5670886,-30.79661,0,0,0,1,1,1,1
-8588003714307917345
3.306041,-4,19.71805,0,0,0,1,1,0.5,1
-14.67969,-4,-10.22116,0,0,0,1,0.5,0.5,0.5
21.41992,-4,9.638551,0,0.5,0,0.8660254,1,1,1
4.024243,-4,-21.28512,0,0,0,1,1,1,1
21.67084,-4,-9.919243,0.3535534,-0.1464466,0.3535534,0.8535534,1,1,1
-15.54788,-0.5670886,-30.79661,0,0,0,1,1,1,1
-8588003714307747335
3.306041,-4,19.71805,0,0,0,1,1,0.5,1
-14.67969,-4,-10.22116,0,0,0,1,0.5,0.5,0.5
21.41992,-4,9.638551,0,0.5,0,0.8660254,1,1,1
4.024243,-4,-21.28512,0,0,0,1,1,1,1
21.67084,-4,-9.919243,0.3535534,-0.1464466,0.3535534,0.8535534,1,1,1
-15.54788,-0.5670886,-30.79661,0,0,0,1,1,1,1
-8588003714307587326
3.306041,-4,19.71805,0,0,0,1,1,0.5,1
-14.67969,-4,-10.22116,0,0,0,1,0.5,0.5,0.5
21.41992,-4,9.638551,0,0.5,0,0.8660254,1,1,1
4.024243,-4,-21.28512,0,0,0,1,1,1,1
21.67084,-4,-9.919243,0.3535534,-0.1464466,0.3535534,0.8535534,1,1,1
-15.54788,-0.5670886,-30.79661,0,0,0,1,1,1,1
-8588003714307417317
3.306041,-4,19.71805,0,0,0,1,1,0.5,1
-14.67969,-4,-10.22116,0,0,0,1,0.5,0.5,0.5
21.41992,-4,9.638551,0,0.5,0,0.8660254,1,1,1
4.024243,-4,-21.28512,0,0,0,1,1,1,1
21.67084,-4,-9.919243,0.3535534,-0.1464466,0.3535534,0.8535534,1,1,1
-15.54788,-0.5670886,-30.79661,0,0,0,1,1,1,1
-8588003714307257307
3.306041,-4,19.71805,0,0,0,1,1,0.5,1
-14.67969,-4,-10.22116,0,0,0,1,0.5,0.5,0.5
21.41992,-4,9.638551,0,0.5,0,0.8660254,1,1,1
4.024243,-4,-21.28512,0,0,0,1,1,1,1
21.67084,-4,-9.919243,0.3535534,-0.1464466,0.3535534,0.8535534,1,1,1
-15.54788,-0.5670886,-30.79661,0,0,0,1,1,1,1
-8588003714307087298
3.306041,-4,19.71805,0,0,0,1,1,0.5,1
-14.67969,-4,-10.22116,0,0,0,1,0.5,0.5,0.5
21.41992,-4,9.638551,0,0.5,0,0.8660254,1,1,1
4.024243,-4,-21.28512,0,0,0,1,1,1,1
21.67084,-4,-9.919243,0.3535534,-0.1464466,0.3535534,0.8535534,1,1,1
-15.54788,-0.5670886,-30.79661,0,0,0,1,1,1,1
-8588003714306927289
3.306041,-4,19.71805,0,0,0,1,1,0.5,1
-14.67969,-4,-10.22116,0,0,0,1,0.5,0.5,0.5
21.41992,-4,9.638551,0,0.5,0,0.8660254,1,1,1
4.024243,-4,-21.28512,0,0,0,1,1,1,1
21.67084,-4,-9.919243,0.3535534,-0.1464466,0.3535534,0.8535534,1,1,1
-15.54788,-0.5670886,-30.79661,0,0,0,1,1,1,1
-8588003714306757279
3.306041,-4,19.71805,0,0,0,1,1,0.5,1
-14.67969,-4,-10.22116,0,0,0,1,0.5,0.5,0.5
21.41992,-4,9.638551,0,0.5,0,0.8660254,1,1,1
4.024243,-4,-21.28512,0,0,0,1,1,1,1
21.67084,-4,-9.919243,0.3535534,-0.1464466,0.3535534,0.8535534,1,1,1
-15.54788,-0.5670886,-30.79661,0,0,0,1,1,1,1
-8588003714306587269
3.306041,-4,19.71805,0,0,0,1,1,0.5,1
-14.67969,-4,-10.22116,0,0,0,1,0.5,0.5,0.5
21.41992,-4,9.638551,0,0.5,0,0.8660254,1,1,1
4.024243,-4,-21.28512,0,0,0,1,1,1,1
21.67084,-4,-9.919243,0.3535534,-0.1464466,0.3535534,0.8535534,1,1,1
-15.54788,-0.5670886,-30.79661,0,0,0,1,1,1,1
-8588003714306427260
3.306041,-4,19.71805,0,0,0,1,1,0.5,1
-14.67969,-4,-10.22116,0,0,0,1,0.5,0.5,0.5
21.41992,-4,9.638551,0,0.5,0,0.8660254,1,1,1
4.024243,-4,-21.28512,0,0,0,1,1,1,1
21.67084,-4,-9.919243,0.3535534,-0.1464466,0.3535534,0.8535534,1,1,1
-15.54788,-0.5670886,-30.79661,0,0,0,1,1,1,1
-8588003714306257250
3.306041,-4,19.71805,0,0,0,1,1,0.5,1
-14.67969,-4,-10.22116,0,0,0,1,0.5,0.5,0.5
21.41992,-4,9.638551,0,0.5,0,0.8660254,1,1,1
4.024243,-4,-21.28512,0,0,0,1,1,1,1
21.67084,-4,-9.919243,0.3535534,-0.1464466,0.3535534,0.8535534,1,1,1
-15.54788,-0.5670886,-30.79661,0,0,0,1,1,1,1
-8588003714306097241
3.306041,-4,19.71805,0,0,0,1,1,0.5,1
-14.67969,-4,-10.22116,0,0,0,1,0.5,0.5,0.5
21.41992,-4,9.638551,0,0.5,0,0.8660254,1,1,1
4.024243,-4,-21.28512,0,0,0,1,1,1,1
21.67084,-4,-9.919243,0.3535534,-0.1464466,0.3535534,0.8535534,1,1,1
-15.54788,-0.5670886,-30.79661,0,0,0,1,1,1,1
-8588003714305927231
3.306041,-4,19.71805,0,0,0,1,1,0.5,1
-14.67969,-4,-10.22116,0,0,0,1,0.5,0.5,0.5
21.41992,-4,9.638551,0,0.5,0,0.8660254,1,1,1
4.024243,-4,-21.28512,0,0,0,1,1,1,1
21.67084,-4,-9.919243,0.3535534,-0.1464466,0.3535534,0.8535534,1,1,1
-15.54788,-0.5670886,-30.79661,0,0,0,1,1,1,1
-8588003714305767222
3.306041,-4,19.71805,0,0,0,1,1,0.5,1
-14.67969,-4,-10.22116,0,0,0,1,0.5,0.5,0.5
21.41992,-4,9.638551,0,0.5,0,0.8660254,1,1,1
4.024243,-4,-21.28512,0,0,0,1,1,1,1
21.67084,-4,-9.919243,0.3535534,-0.1464466,0.3535534,0.8535534,1,1,1
-15.54788,-0.5670886,-30.79661,0,0,0,1,1,1,1
-8588003714305607213
3.306041,-4,19.71805,0,0,0,1,1,0.5,1
-14.67969,-4,-10.22116,0,0,0,1,0.5,0.5,0.5
21.41992,-4,9.638551,0,0.5,0,0.8660254,1,1,1
4.024243,-4,-21.28512,0,0,0,1,1,1,1
21.67084,-4,-9.919243,0.3535534,-0.1464466,0.3535534,0.8535534,1,1,1
-15.54788,-0.5670886,-30.79661,0,0,0,1,1,1,1
-8588003714305447204
3.306041,-4,19.71805,0,0,0,1,1,0.5,1
-14.67969,-4,-10.22116,0,0,0,1,0.5,0.5,0.5
21.41992,-4,9.638551,0,0.5,0,0.8660254,1,1,1
4.024243,-4,-21.28512,0,0,0,1,1,1,1
21.67084,-4,-9.919243,0.3535534,-0.1464466,0.3535534,0.8535534,1,1,1
-15.54788,-0.5670886,-30.79661,0,0,0,1,1,1,1
-8588003714305277194
3.306041,-4,19.71805,0,0,0,1,1,0.5,1
-14.67969,-4,-10.22116,0,0,0,1,0.5,0.5,0.5
21.41992,-4,9.638551,0,0.5,0,0.8660254,1,1,1
4.024243,-4,-21.28512,0,0,0,1,1,1,1
21.67084,-4,-9.919243,0.3535534,-0.1464466,0.3535534,0.8535534,1,1,1
-15.54788,-0.5670886,-30.79661,0,0,0,1,1,1,1
-8588003714305117185
3.306041,-4,19.71805,0,0,0,1,1,0.5,1
-14.67969,-4,-10.22116,0,0,0,1,0.5,0.5,0.5
21.41992,-4,9.638551,0,0.5,0,0.8660254,1,1,1
4.024243,-4,-21.28512,0,0,0,1,1,1,1
21.67084,-4,-9.919243,0.3535534,-0.1464466,0.3535534,0.8535534,1,1,1
-15.54788,-0.5670886,-30.79661,0,0,0,1,1,1,1
-8588003714304947175
3.306041,-4,19.71805,0,0,0,1,1,0.5,1
-14.67969,-4,-10.22116,0,0,0,1,0.5,0.5,0.5
21.41992,-4,9.638551,0,0.5,0,0.8660254,1,1,1
4.024243,-4,-21.28512,0,0,0,1,1,1,1
21.67084,-4,-9.919243,0.3535534,-0.1464466,0.3535534,0.8535534,1,1,1
-15.54788,-0.5670886,-30.79661,0,0,0,1,1,1,1
-8588003714304787166
3.306041,-4,19.71805,0,0,0,1,1,0.5,1
-14.67969,-4,-10.22116,0,0,0,1,0.5,0.5,0.5
21.41992,-4,9.638551,0,0.5,0,0.8660254,1,1,1
4.024243,-4,-21.28512,0,0,0,1,1,1,1
21.67084,-4,-9.919243,0.3535534,-0.1464466,0.3535534,0.8535534,1,1,1
-15.54788,-0.5670886,-30.79661,0,0,0,1,1,1,1
-8588003714304607156
3.306041,-4,19.71805,0,0,0,1,1,0.5,1
-14.67969,-4,-10.22116,0,0,0,1,0.5,0.5,0.5
21.41992,-4,9.638551,0,0.5,0,0.8660254,1,1,1
4.024243,-4,-21.28512,0,0,0,1,1,1,1
21.67084,-4,-9.919243,0.3535534,-0.1464466,0.3535534,0.8535534,1,1,1
-15.54788,-0.5670886,-30.79661,0,0,0,1,1,1,1
-8588003714304457147
3.306041,-4,19.71805,0,0,0,1,1,0.5,1
-14.67969,-4,-10.22116,0,0,0,1,0.5,0.5,0.5
21.41992,-4,9.638551,0,0.5,0,0.8660254,1,1,1
4.024243,-4,-21.28512,0,0,0,1,1,1,1
21.67084,-4,-9.919243,0.3535534,-0.1464466,0.3535534,0.8535534,1,1,1
-15.54788,-0.5670886,-30.79661,0,0,0,1,1,1,1
-8588003714304287138
3.306041,-4,19.71805,0,0,0,1,1,0.5,1
-14.67969,-4,-10.22116,0,0,0,1,0.5,0.5,0.5
21.41992,-4,9.638551,0,0.5,0,0.8660254,1,1,1
4.024243,-4,-21.28512,0,0,0,1,1,1,1
21.67084,-4,-9.919243,0.3535534,-0.1464466,0.3535534,0.8535534,1,1,1
-15.54788,-0.5670886,-30.79661,0,0,0,1,1,1,1
-8588003714304127128
3.306041,-4,19.71805,0,0,0,1,1,0.5,1
-14.67969,-4,-10.22116,0,0,0,1,0.5,0.5,0.5
21.41992,-4,9.638551,0,0.5,0,0.8660254,1,1,1
4.024243,-4,-21.28512,0,0,0,1,1,1,1
21.67084,-4,-9.919243,0.3535534,-0.1464466,0.3535534,0.8535534,1,1,1
-15.54788,-0.5670886,-30.79661,0,0,0,1,1,1,1
-8588003714303957119
3.306041,-4,19.71805,0,0,0,1,1,0.5,1
-14.67969,-4,-10.22116,0,0,0,1,0.5,0.5,0.5
21.41992,-4,9.638551,0,0.5,0,0.8660254,1,1,1
4.024243,-4,-21.28512,0,0,0,1,1,1,1
21.67084,-4,-9.919243,0.3535534,-0.1464466,0.3535534,0.8535534,1,1,1
-15.54788,-0.5670886,-30.79661,0,0,0,1,1,1,1
-8588003714303787109
3.306041,-4,19.71805,0,0,0,1,1,0.5,1
-14.67969,-4,-10.22116,0,0,0,1,0.5,0.5,0.5
21.41992,-4,9.638551,0,0.5,0,0.8660254,1,1,1
4.024243,-4,-21.28512,0,0,0,1,1,1,1
21.67084,-4,-9.919243,0.3535534,-0.1464466,0.3535534,0.8535534,1,1,1
-15.54788,-0.5670886,-30.79661,0,0,0,1,1,1,1
-8588003714303627100
3.306041,-4,19.71805,0,0,0,1,1,0.5,1
-14.67969,-4,-10.22116,0,0,0,1,0.5,0.5,0.5
21.41992,-4,9.638551,0,0.5,0,0.8660254,1,1,1
4.024243,-4,-21.28512,0,0,0,1,1,1,1
21.67084,-4,-9.919243,0.3535534,-0.1464466,0.3535534,0.8535534,1,1,1
-15.54788,-0.5670886,-30.79661,0,0,0,1,1,1,1
-8588003714303457090
3.306041,-4,19.71805,0,0,0,1,1,0.5,1
-14.67969,-4,-10.22116,0,0,0,1,0.5,0.5,0.5
21.41992,-4,9.638551,0,0.5,0,0.8660254,1,1,1
4.024243,-4,-21.28512,0,0,0,1,1,1,1
21.67084,-4,-9.919243,0.3535534,-0.1464466,0.3535534,0.8535534,1,1,1
-15.54788,-0.5670886,-30.79661,0,0,0,1,1,1,1
-8588003714303297081
3.306041,-4,19.71805,0,0,0,1,1,0.5,1
-14.67969,-4,-10.22116,0,0,0,1,0.5,0.5,0.5
21.41992,-4,9.638551,0,0.5,0,0.8660254,1,1,1
4.024243,-4,-21.28512,0,0,0,1,1,1,1
21.67084,-4,-9.919243,0.3535534,-0.1464466,0.3535534,0.8535534,1,1,1
-15.54788,-0.5670886,-30.79661,0,0,0,1,1,1,1
-8588003714303127071
3.306041,-4,19.71805,0,0,0,1,1,0.5,1
-14.67969,-4,-10.22116,0,0,0,1,0.5,0.5,0.5
21.41992,-4,9.638551,0,0.5,0,0.8660254,1,1,1
4.024243,-4,-21.28512,0,0,0,1,1,1,1
21.67084,-4,-9.919243,0.3535534,-0.1464466,0.3535534,0.8535534,1,1,1
-15.54788,-0.5670886,-30.79661,0,0,0,1,1,1,1
-8588003714302967062
3.306041,-4,19.71805,0,0,0,1,1,0.5,1
-14.67969,-4,-10.22116,0,0,0,1,0.5,0.5,0.5
21.41992,-4,9.638551,0,0.5,0,0.8660254,1,1,1
4.024243,-4,-21.28512,0,0,0,1,1,1,1
21.67084,-4,-9.919243,0.3535534,-0.1464466,0.3535534,0.8535534,1,1,1
-15.54788,-0.5670886,-30.79661,0,0,0,1,1,1,1
-8588003714302797052
3.306041,-4,19.71805,0,0,0,1,1,0.5,1
-14.67969,-4,-10.22116,0,0,0,1,0.5,0.5,0.5
21.41992,-4,9.638551,0,0.5,0,0.8660254,1,1,1
4.024243,-4,-21.28512,0,0,0,1,1,1,1
21.67084,-4,-9.919243,0.3535534,-0.1464466,0.3535534,0.8535534,1,1,1
-15.54788,-0.5670886,-30.79661,0,0,0,1,1,1,1
-8588003714302627043
3.306041,-4,19.71805,0,0,0,1,1,0.5,1
-14.67969,-4,-10.22116,0,0,0,1,0.5,0.5,0.5
21.41992,-4,9.638551,0,0.5,0,0.8660254,1,1,1
4.024243,-4,-21.28512,0,0,0,1,1,1,1
21.67084,-4,-9.919243,0.3535534,-0.1464466,0.3535534,0.8535534,1,1,1
-15.54788,-0.5670886,-30.79661,0,0,0,1,1,1,1
-8588003714302467033
3.306041,-4,19.71805,0,0,0,1,1,0.5,1
-14.67969,-4,-10.22116,0,0,0,1,0.5,0.5,0.5
21.41992,-4,9.638551,0,0.5,0,0.8660254,1,1,1
4.024243,-4,-21.28512,0,0,0,1,1,1,1
21.67084,-4,-9.919243,0.3535534,-0.1464466,0.3535534,0.8535534,1,1,1
-15.54788,-0.5670886,-30.79661,0,0,0,1,1,1,1
-8588003714302297024
3.306041,-4,19.71805,0,0,0,1,1,0.5,1
-14.67969,-4,-10.22116,0,0,0,1,0.5,0.5,0.5
21.41992,-4,9.638551,0,0.5,0,0.8660254,1,1,1
4.024243,-4,-21.28512,0,0,0,1,1,1,1
21.67084,-4,-9.919243,0.3535534,-0.1464466,0.3535534,0.8535534,1,1,1
-15.54788,-0.5670886,-30.79661,0,0,0,1,1,1,1
-8588003714302137015
3.306041,-4,19.71805,0,0,0,1,1,0.5,1
-14.67969,-4,-10.22116,0,0,0,1,0.5,0.5,0.5
21.41992,-4,9.638551,0,0.5,0,0.8660254,1,1,1
4.024243,-4,-21.28512,0,0,0,1,1,1,1
21.67084,-4,-9.919243,0.3535534,-0.1464466,0.3535534,0.8535534,1,1,1
-15.54788,-0.5670886,-30.79661,0,0,0,1,1,1,1
-8588003714301967005
3.306041,-4,19.71805,0,0,0,1,1,0.5,1
-14.67969,-4,-10.22116,0,0,0,1,0.5,0.5,0.5
21.41992,-4,9.638551,0,0.5,0,0.8660254,1,1,1
4.024243,-4,-21.28512,0,0,0,1,1,1,1
21.67084,-4,-9.919243,0.3535534,-0.1464466,0.3535534,0.8535534,1,1,1
-15.54788,-0.5670886,-30.79661,0,0,0,1,1,1,1
-8588003714301796995
3.306041,-4,19.71805,0,0,0,1,1,0.5,1
-14.67969,-4,-10.22116,0,0,0,1,0.5,0.5,0.5
21.41992,-4,9.638551,0,0.5,0,0.8660254,1,1,1
4.024243,-4,-21.28512,0,0,0,1,1,1,1
21.67084,-4,-9.919243,0.3535534,-0.1464466,0.3535534,0.8535534,1,1,1
-15.54788,-0.5670886,-30.79661,0,0,0,1,1,1,1
-8588003714301636986
3.306041,-4,19.71805,0,0,0,1,1,0.5,1
-14.67969,-4,-10.22116,0,0,0,1,0.5,0.5,0.5
21.41992,-4,9.638551,0,0.5,0,0.8660254,1,1,1
4.024243,-4,-21.28512,0,0,0,1,1,1,1
21.67084,-4,-9.919243,0.3535534,-0.1464466,0.3535534,0.8535534,1,1,1
-15.54788,-0.5670886,-30.79661,0,0,0,1,1,1,1
-8588003714301466976
3.306041,-4,19.71805,0,0,0,1,1,0.5,1
-14.67969,-4,-10.22116,0,0,0,1,0.5,0.5,0.5
21.41992,-4,9.638551,0,0.5,0,0.8660254,1,1,1
4.024243,-4,-21.28512,0,0,0,1,1,1,1
21.67084,-4,-9.919243,0.3535534,-0.1464466,0.3535534,0.8535534,1,1,1
-15.54788,-0.5670886,-30.79661,0,0,0,1,1,1,1
-8588003714301306967
3.306041,-4,19.71805,0,0,0,1,1,0.5,1
-14.67969,-4,-10.22116,0,0,0,1,0.5,0.5,0.5
21.41992,-4,9.638551,0,0.5,0,0.8660254,1,1,1
4.024243,-4,-21.28512,0,0,0,1,1,1,1
21.67084,-4,-9.919243,0.3535534,-0.1464466,0.3535534,0.8535534,1,1,1
-15.54788,-0.5670886,-30.79661,0,0,0,1,1,1,1
-8588003714301136957
3.306041,-4,19.71805,0,0,0,1,1,0.5,1
-14.67969,-4,-10.22116,0,0,0,1,0.5,0.5,0.5
21.41992,-4,9.638551,0,0.5,0,0.8660254,1,1,1
4.024243,-4,-21.28512,0,0,0,1,1,1,1
21.67084,-4,-9.919243,0.3535534,-0.1464466,0.3535534,0.8535534,1,1,1
-15.54788,-0.5670886,-30.79661,0,0,0,1,1,1,1
-8588003714300976948
3.306041,-4,19.71805,0,0,0,1,1,0.5,1
-14.67969,-4,-10.22116,0,0,0,1,0.5,0.5,0.5
21.41992,-4,9.638551,0,0.5,0,0.8660254,1,1,1
4.024243,-4,-21.28512,0,0,0,1,1,1,1
21.67084,-4,-9.919243,0.3535534,-0.1464466,0.3535534,0.8535534,1,1,1
-15.54788,-0.5670886,-30.79661,0,0,0,1,1,1,1
-8588003714300806939
3.306041,-4,19.71805,0,0,0,1,1,0.5,1
-14.67969,-4,-10.22116,0,0,0,1,0.5,0.5,0.5
21.41992,-4,9.638551,0,0.5,0,0.8660254,1,1,1
4.024243,-4,-21.28512,0,0,0,1,1,1,1
21.67084,-4,-9.919243,0.3535534,-0.1464466,0.3535534,0.8535534,1,1,1
-15.54788,-0.5670886,-30.79661,0,0,0,1,1,1,1
-8588003714300636929
3.306041,-4,19.71805,0,0,0,1,1,0.5,1
-14.67969,-4,-10.22116,0,0,0,1,0.5,0.5,0.5
21.41992,-4,9.638551,0,0.5,0,0.8660254,1,1,1
4.024243,-4,-21.28512,0,0,0,1,1,1,1
21.67084,-4,-9.919243,0.3535534,-0.1464466,0.3535534,0.8535534,1,1,1
-15.54788,-0.5670886,-30.79661,0,0,0,1,1,1,1
-8588003714300476920
3.306041,-4,19.71805,0,0,0,1,1,0.5,1
-14.67969,-4,-10.22116,0,0,0,1,0.5,0.5,0.5
21.41992,-4,9.638551,0,0.5,0,0.8660254,1,1,1
4.024243,-4,-21.28512,0,0,0,1,1,1,1
21.67084,-4,-9.919243,0.3535534,-0.1464466,0.3535534,0.8535534,1,1,1
-15.54788,-0.5670886,-30.79661,0,0,0,1,1,1,1
-8588003714300306910
3.306041,-4,19.71805,0,0,0,1,1,0.5,1
-14.67969,-4,-10.22116,0,0,0,1,0.5,0.5,0.5
21.41992,-4,9.638551,0,0.5,0,0.8660254,1,1,1
4.024243,-4,-21.28512,0,0,0,1,1,1,1
21.67084,-4,-9.919243,0.3535534,-0.1464466,0.3535534,0.8535534,1,1,1
-15.54788,-0.5670886,-30.79661,0,0,0,1,1,1,1
-8588003714300146901
3.306041,-4,19.71805,0,0,0,1,1,0.5,1
-14.67969,-4,-10.22116,0,0,0,1,0.5,0.5,0.5
21.41992,-4,9.638551,0,0.5,0,0.8660254,1,1,1
4.024243,-4,-21.28512,0,0,0,1,1,1,1
21.67084,-4,-9.919243,0.3535534,-0.1464466,0.3535534,0.8535534,1,1,1
-15.54788,-0.5670886,-30.79661,0,0,0,1,1,1,1
-8588003714299976891
3.306041,-4,19.71805,0,0,0,1,1,0.5,1
-14.67969,-4,-10.22116,0,0,0,1,0.5,0.5,0.5
21.41992,-4,9.638551,0,0.5,0,0.8660254,1,1,1
4.024243,-4,-21.28512,0,0,0,1,1,1,1
21.67084,-4,-9.919243,0.3535534,-0.1464466,0.3535534,0.8535534,1,1,1
-15.54788,-0.5670886,-30.79661,0,0,0,1,1,1,1
-8588003714299816882
3.306041,-4,19.71805,0,0,0,1,1,0.5,1
-14.67969,-4,-10.22116,0,0,0,1,0.5,0.5,0.5
21.41992,-4,9.638551,0,0.5,0,0.8660254,1,1,1
4.024243,-4,-21.28512,0,0,0,1,1,1,1
21.67084,-4,-9.919243,0.3535534,-0.1464466,0.3535534,0.8535534,1,1,1
-15.54788,-0.5670886,-30.79661,0,0,0,1,1,1,1
-8588003714299646872
3.306041,-4,19.71805,0,0,0,1,1,0.5,1
-14.67969,-4,-10.22116,0,0,0,1,0.5,0.5,0.5
21.41992,-4,9.638551,0,0.5,0,0.8660254,1,1,1
4.024243,-4,-21.28512,0,0,0,1,1,1,1
21.67084,-4,-9.919243,0.3535534,-0.1464466,0.3535534,0.8535534,1,1,1
-15.54788,-0.5670886,-30.79661,0,0,0,1,1,1,1
-8588003714299476862
3.306041,-4,19.71805,0,0,0,1,1,0.5,1
-14.67969,-4,-10.22116,0,0,0,1,0.5,0.5,0.5
21.41992,-4,9.638551,0,0.5,0,0.8660254,1,1,1
4.024243,-4,-21.28512,0,0,0,1,1,1,1
21.67084,-4,-9.919243,0.3535534,-0.1464466,0.3535534,0.8535534,1,1,1
-15.54788,-0.5670886,-30.79661,0,0,0,1,1,1,1
-8588003714299316853
3.306041,-4,19.71805,0,0,0,1,1,0.5,1
-14.67969,-4,-10.22116,0,0,0,1,0.5,0.5,0.5
21.41992,-4,9.638551,0,0.5,0,0.8660254,1,1,1
4.024243,-4,-21.28512,0,0,0,1,1,1,1
21.67084,-4,-9.919243,0.3535534,-0.1464466,0.3535534,0.8535534,1,1,1
-15.54788,-0.5670886,-30.79661,0,0,0,1,1,1,1
-8588003714299156844
3.306041,-4,19.71805,0,0,0,1,1,0.5,1
-14.67969,-4,-10.22116,0,0,0,1,0.5,0.5,0.5
21.41992,-4,9.638551,0,0.5,0,0.8660254,1,1,1
4.024243,-4,-21.28512,0,0,0,1,1,1,1
21.67084,-4,-9.919243,0.3535534,-0.1464466,0.3535534,0.8535534,1,1,1
-15.54788,-0.5670886,-30.79661,0,0,0,1,1,1,1
-8588003714298986834
3.306041,-4,19.71805,0,0,0,1,1,0.5,1
-14.67969,-4,-10.22116,0,0,0,1,0.5,0.5,0.5
21.41992,-4,9.638551,0,0.5,0,0.8660254,1,1,1
4.024243,-4,-21.28512,0,0,0,1,1,1,1
21.67084,-4,-9.919243,0.3535534,-0.1464466,0.3535534,0.8535534,1,1,1
-15.54788,-0.5670886,-30.79661,0,0,0,1,1,1,1
-8588003714298816825
3.306041,-4,19.71805,0,0,0,1,1,0.5,1
-14.67969,-4,-10.22116,0,0,0,1,0.5,0.5,0.5
21.41992,-4,9.638551,0,0.5,0,0.8660254,1,1,1
4.024243,-4,-21.28512,0,0,0,1,1,1,1
21.67084,-4,-9.919243,0.3535534,-0.1464466,0.3535534,0.8535534,1,1,1
-15.54788,-0.5670886,-30.79661,0,0,0,1,1,1,1
-8588003714298656816
3.306041,-4,19.71805,0,0,0,1,1,0.5,1
-14.67969,-4,-10.22116,0,0,0,1,0.5,0.5,0.5
21.41992,-4,9.638551,0,0.5,0,0.8660254,1,1,1
4.024243,-4,-21.28512,0,0,0,1,1,1,1
21.67084,-4,-9.919243,0.3535534,-0.1464466,0.3535534,0.8535534,1,1,1
-15.54788,-0.5670886,-30.79661,0,0,0,1,1,1,1
-8588003714298486806
3.306041,-4,19.71805,0,0,0,1,1,0.5,1
-14.67969,-4,-10.22116,0,0,0,1,0.5,0.5,0.5
21.41992,-4,9.638551,0,0.5,0,0.8660254,1,1,1
4.024243,-4,-21.28512,0,0,0,1,1,1,1
21.67084,-4,-9.919243,0.3535534,-0.1464466,0.3535534,0.8535534,1,1,1
-15.54788,-0.5670886,-30.79661,0,0,0,1,1,1,1
-8588003714298326797
3.306041,-4,19.71805,0,0,0,1,1,0.5,1
-14.67969,-4,-10.22116,0,0,0,1,0.5,0.5,0.5
21.41992,-4,9.638551,0,0.5,0,0.8660254,1,1,1
4.024243,-4,-21.28512,0,0,0,1,1,1,1
21.67084,-4,-9.919243,0.3535534,-0.1464466,0.3535534,0.8535534,1,1,1
-15.54788,-0.5670886,-30.79661,0,0,0,1,1,1,1
-8588003714298156787
3.306041,-4,19.71805,0,0,0,1,1,0.5,1
-14.67969,-4,-10.22116,0,0,0,1,0.5,0.5,0.5
21.41992,-4,9.638551,0,0.5,0,0.8660254,1,1,1
4.024243,-4,-21.28512,0,0,0,1,1,1,1
21.67084,-4,-9.919243,0.3535534,-0.1464466,0.3535534,0.8535534,1,1,1
-15.54788,-0.5670886,-30.79661,0,0,0,1,1,1,1
-8588003714297986777
3.306041,-4,19.71805,0,0,0,1,1,0.5,1
-14.67969,-4,-10.22116,0,0,0,1,0.5,0.5,0.5
21.41992,-4,9.638551,0,0.5,0,0.8660254,1,1,1
4.024243,-4,-21.28512,0,0,0,1,1,1,1
21.67084,-4,-9.919243,0.3535534,-0.1464466,0.3535534,0.8535534,1,1,1
-15.54788,-0.5670886,-30.79661,0,0,0,1,1,1,1
-8588003714297826768
3.306041,-4,19.71805,0,0,0,1,1,0.5,1
-14.67969,-4,-10.22116,0,0,0,1,0.5,0.5,0.5
21.41992,-4,9.638551,0,0.5,0,0.8660254,1,1,1
4.024243,-4,-21.28512,0,0,0,1,1,1,1
21.67084,-4,-9.919243,0.3535534,-0.1464466,0.3535534,0.8535534,1,1,1
-15.54788,-0.5670886,-30.79661,0,0,0,1,1,1,1
-8588003714297666759
3.306041,-4,19.71805,0,0,0,1,1,0.5,1
-14.67969,-4,-10.22116,0,0,0,1,0.5,0.5,0.5
21.41992,-4,9.638551,0,0.5,0,0.8660254,1,1,1
4.024243,-4,-21.28512,0,0,0,1,1,1,1
21.67084,-4,-9.919243,0.3535534,-0.1464466,0.3535534,0.8535534,1,1,1
-15.54788,-0.5670886,-30.79661,0,0,0,1,1,1,1
-8588003714297496749
3.306041,-4,19.71805,0,0,0,1,1,0.5,1
-14.67969,-4,-10.22116,0,0,0,1,0.5,0.5,0.5
21.41992,-4,9.638551,0,0.5,0,0.8660254,1,1,1
4.024243,-4,-21.28512,0,0,0,1,1,1,1
21.67084,-4,-9.919243,0.3535534,-0.1464466,0.3535534,0.8535534,1,1,1
-15.54788,-0.5670886,-30.79661,0,0,0,1,1,1,1
-8588003714297326739
3.306041,-4,19.71805,0,0,0,1,1,0.5,1
-14.67969,-4,-10.22116,0,0,0,1,0.5,0.5,0.5
21.41992,-4,9.638551,0,0.5,0,0.8660254,1,1,1
4.024243,-4,-21.28512,0,0,0,1,1,1,1
21.67084,-4,-9.919243,0.3535534,-0.1464466,0.3535534,0.8535534,1,1,1
-15.54788,-0.5670886,-30.79661,0,0,0,1,1,1,1
-8588003714297166730
3.306041,-4,19.71805,0,0,0,1,1,0.5,1
-14.67969,-4,-10.22116,0,0,0,1,0.5,0.5,0.5
21.41992,-4,9.638551,0,0.5,0,0.8660254,1,1,1
4.024243,-4,-21.28512,0,0,0,1,1,1,1
21.67084,-4,-9.919243,0.3535534,-0.1464466,0.3535534,0.8535534,1,1,1
-15.54788,-0.5670886,-30.79661,0,0,0,1,1,1,1
-8588003714296996721
3.306041,-4,19.71805,0,0,0,1,1,0.5,1
-14.67969,-4,-10.22116,0,0,0,1,0.5,0.5,0.5
21.41992,-4,9.638551,0,0.5,0,0.8660254,1,1,1
4.024243,-4,-21.28512,0,0,0,1,1,1,1
21.67084,-4,-9.919243,0.3535534,-0.1464466,0.3535534,0.8535534,1,1,1
-15.54788,-0.5670886,-30.79661,0,0,0,1,1,1,1
-8588003714296826711
3.306041,-4,19.71805,0,0,0,1,1,0.5,1
-14.67969,-4,-10.22116,0,0,0,1,0.5,0.5,0.5
21.41992,-4,9.638551,0,0.5,0,0.8660254,1,1,1
4.024243,-4,-21.28512,0,0,0,1,1,1,1
21.67084,-4,-9.919243,0.3535534,-0.1464466,0.3535534,0.8535534,1,1,1
-15.54788,-0.5670886,-30.79661,0,0,0,1,1,1,1
-8588003714296666702
3.306041,-4,19.71805,0,0,0,1,1,0.5,1
-14.67969,-4,-10.22116,0,0,0,1,0.5,0.5,0.5
21.41992,-4,9.638551,0,0.5,0,0.8660254,1,1,1
4.024243,-4,-21.28512,0,0,0,1,1,1,1
21.67084,-4,-9.919243,0.3535534,-0.1464466,0.3535534,0.8535534,1,1,1
-15.54788,-0.5670886,-30.79661,0,0,0,1,1,1,1
-8588003714296496692
3.306041,-4,19.71805,0,0,0,1,1,0.5,1
-14.67969,-4,-10.22116,0,0,0,1,0.5,0.5,0.5
21.41992,-4,9.638551,0,0.5,0,0.8660254,1,1,1
4.024243,-4,-21.28512,0,0,0,1,1,1,1
21.67084,-4,-9.919243,0.3535534,-0.1464466,0.3535534,0.8535534,1,1,1
-15.54788,-0.5670886,-30.79661,0,0,0,1,1,1,1
-8588003714296336683
3.306041,-4,19.71805,0,0,0,1,1,0.5,1
-14.67969,-4,-10.22116,0,0,0,1,0.5,0.5,0.5
21.41992,-4,9.638551,0,0.5,0,0.8660254,1,1,1
4.024243,-4,-21.28512,0,0,0,1,1,1,1
21.67084,-4,-9.919243,0.3535534,-0.1464466,0.3535534,0.8535534,1,1,1
-15.54788,-0.5670886,-30.79661,0,0,0,1,1,1,1
-8588003714296166673
3.306041,-4,19.71805,0,0,0,1,1,0.5,1
-14.67969,-4,-10.22116,0,0,0,1,0.5,0.5,0.5
21.41992,-4,9.638551,0,0.5,0,0.8660254,1,1,1
4.024243,-4,-21.28512,0,0,0,1,1,1,1
21.67084,-4,-9.919243,0.3535534,-0.1464466,0.3535534,0.8535534,1,1,1
-15.54788,-0.5670886,-30.79661,0,0,0,1,1,1,1
-8588003714296006664
3.306041,-4,19.71805,0,0,0,1,1,0.5,1
-14.67969,-4,-10.22116,0,0,0,1,0.5,0.5,0.5
21.41992,-4,9.638551,0,0.5,0,0.8660254,1,1,1
4.024243,-4,-21.28512,0,0,0,1,1,1,1
21.67084,-4,-9.919243,0.3535534,-0.1464466,0.3535534,0.8535534,1,1,1
-15.54788,-0.5670886,-30.79661,0,0,0,1,1,1,1
-8588003714295836654
3.306041,-4,19.71805,0,0,0,1,1,0.5,1
-14.67969,-4,-10.22116,0,0,0,1,0.5,0.5,0.5
21.41992,-4,9.638551,0,0.5,0,0.8660254,1,1,1
4.024243,-4,-21.28512,0,0,0,1,1,1,1
21.67084,-4,-9.919243,0.3535534,-0.1464466,0.3535534,0.8535534,1,1,1
-15.54788,-0.5670886,-30.79661,0,0,0,1,1,1,1
-8588003714295676645
3.306041,-4,19.71805,0,0,0,1,1,0.5,1
-14.67969,-4,-10.22116,0,0,0,1,0.5,0.5,0.5
21.41992,-4,9.638551,0,0.5,0,0.8660254,1,1,1
4.024243,-4,-21.28512,0,0,0,1,1,1,1
21.67084,-4,-9.919243,0.3535534,-0.1464466,0.3535534,0.8535534,1,1,1
-15.54788,-0.5670886,-30.79661,0,0,0,1,1,1,1
-8588003714295506635
3.306041,-4,19.71805,0,0,0,1,1,0.5,1
-14.67969,-4,-10.22116,0,0,0,1,0.5,0.5,0.5
21.41992,-4,9.638551,0,0.5,0,0.8660254,1,1,1
4.024243,-4,-21.28512,0,0,0,1,1,1,1
21.67084,-4,-9.919243,0.3535534,-0.1464466,0.3535534,0.8535534,1,1,1
-15.54788,-0.5670886,-30.79661,0,0,0,1,1,1,1
-8588003714295346626
3.306041,-4,19.71805,0,0,0,1,1,0.5,1
-14.67969,-4,-10.22116,0,0,0,1,0.5,0.5,0.5
21.41992,-4,9.638551,0,0.5,0,0.8660254,1,1,1
4.024243,-4,-21.28512,0,0,0,1,1,1,1
21.67084,-4,-9.919243,0.3535534,-0.1464466,0.3535534,0.8535534,1,1,1
-15.54788,-0.5670886,-30.79661,0,0,0,1,1,1,1
-8588003714295176616
3.306041,-4,19.71805,0,0,0,1,1,0.5,1
-14.67969,-4,-10.22116,0,0,0,1,0.5,0.5,0.5
21.41992,-4,9.638551,0,0.5,0,0.8660254,1,1,1
4.024243,-4,-21.28512,0,0,0,1,1,1,1
21.67084,-4,-9.919243,0.3535534,-0.1464466,0.3535534,0.8535534,1,1,1
-15.54788,-0.5670886,-30.79661,0,0,0,1,1,1,1
-8588003714295006607
3.306041,-4,19.71805,0,0,0,1,1,0.5,1
-14.67969,-4,-10.22116,0,0,0,1,0.5,0.5,0.5
21.41992,-4,9.638551,0,0.5,0,0.8660254,1,1,1
4.024243,-4,-21.28512,0,0,0,1,1,1,1
21.67084,-4,-9.919243,0.3535534,-0.1464466,0.3535534,0.8535534,1,1,1
-15.54788,-0.5670886,-30.79661,0,0,0,1,1,1,1
-8588003714294846598
3.306041,-4,19.71805,0,0,0,1,1,0.5,1
-14.67969,-4,-10.22116,0,0,0,1,0.5,0.5,0.5
21.41992,-4,9.638551,0,0.5,0,0.8660254,1,1,1
4.024243,-4,-21.28512,0,0,0,1,1,1,1
21.67084,-4,-9.919243,0.3535534,-0.1464466,0.3535534,0.8535534,1,1,1
-15.54788,-0.5670886,-30.79661,0,0,0,1,1,1,1
-8588003714294676588
3.306041,-4,19.71805,0,0,0,1,1,0.5,1
-14.67969,-4,-10.22116,0,0,0,1,0.5,0.5,0.5
21.41992,-4,9.638551,0,0.5,0,0.8660254,1,1,1
4.024243,-4,-21.28512,0,0,0,1,1,1,1
21.67084,-4,-9.919243,0.3535534,-0.1464466,0.3535534,0.8535534,1,1,1
-15.54788,-0.5670886,-30.79661,0,0,0,1,1,1,1
-8588003714294516579
3.306041,-4,19.71805,0,0,0,1,1,0.5,1
-14.67969,-4,-10.22116,0,0,0,1,0.5,0.5,0.5
21.41992,-4,9.638551,0,0.5,0,0.8660254,1,1,1
4.024243,-4,-21.28512,0,0,0,1,1,1,1
21.67084,-4,-9.919243,0.3535534,-0.1464466,0.3535534,0.8535534,1,1,1
-15.54788,-0.5670886,-30.79661,0,0,0,1,1,1,1
-8588003714294346569
3.306041,-4,19.71805,0,0,0,1,1,0.5,1
-14.67969,-4,-10.22116,0,0,0,1,0.5,0.5,0.5
21.41992,-4,9.638551,0,0.5,0,0.8660254,1,1,1
4.024243,-4,-21.28512,0,0,0,1,1,1,1
21.67084,-4,-9.919243,0.3535534,-0.1464466,0.3535534,0.8535534,1,1,1
-15.54788,-0.5670886,-30.79661,0,0,0,1,1,1,1
-8588003714294176559
3.306041,-4,19.71805,0,0,0,1,1,0.5,1
-14.67969,-4,-10.22116,0,0,0,1,0.5,0.5,0.5
21.41992,-4,9.638551,0,0.5,0,0.8660254,1,1,1
4.024243,-4,-21.28512,0,0,0,1,1,1,1
21.67084,-4,-9.919243,0.3535534,-0.1464466,0.3535534,0.8535534,1,1,1
-15.54788,-0.5670886,-30.79661,0,0,0,1,1,1,1
-8588003714294016550
3.306041,-4,19.71805,0,0,0,1,1,0.5,1
-14.67969,-4,-10.22116,0,0,0,1,0.5,0.5,0.5
21.41992,-4,9.638551,0,0.5,0,0.8660254,1,1,1
4.024243,-4,-21.28512,0,0,0,1,1,1,1
21.67084,-4,-9.919243,0.3535534,-0.1464466,0.3535534,0.8535534,1,1,1
-15.54788,-0.5670886,-30.79661,0,0,0,1,1,1,1
-8588003714293846540
3.306041,-4,19.71805,0,0,0,1,1,0.5,1
-14.67969,-4,-10.22116,0,0,0,1,0.5,0.5,0.5
21.41992,-4,9.638551,0,0.5,0,0.8660254,1,1,1
4.024243,-4,-21.28512,0,0,0,1,1,1,1
21.67084,-4,-9.919243,0.3535534,-0.1464466,0.3535534,0.8535534,1,1,1
-15.54788,-0.5670886,-30.79661,0,0,0,1,1,1,1
-8588003714293686531
3.306041,-4,19.71805,0,0,0,1,1,0.5,1
-14.67969,-4,-10.22116,0,0,0,1,0.5,0.5,0.5
21.41992,-4,9.638551,0,0.5,0,0.8660254,1,1,1
4.024243,-4,-21.28512,0,0,0,1,1,1,1
21.67084,-4,-9.919243,0.3535534,-0.1464466,0.3535534,0.8535534,1,1,1
-15.54788,-0.5670886,-30.79661,0,0,0,1,1,1,1
-8588003714293516522
3.306041,-4,19.71805,0,0,0,1,1,0.5,1
-14.67969,-4,-10.22116,0,0,0,1,0.5,0.5,0.5
21.41992,-4,9.638551,0,0.5,0,0.8660254,1,1,1
4.024243,-4,-21.28512,0,0,0,1,1,1,1
21.67084,-4,-9.919243,0.3535534,-0.1464466,0.3535534,0.8535534,1,1,1
-15.54788,-0.5670886,-30.79661,0,0,0,1,1,1,1
-8588003714293356512
3.306041,-4,19.71805,0,0,0,1,1,0.5,1
-14.67969,-4,-10.22116,0,0,0,1,0.5,0.5,0.5
21.41992,-4,9.638551,0,0.5,0,0.8660254,1,1,1
4.024243,-4,-21.28512,0,0,0,1,1,1,1
21.67084,-4,-9.919243,0.3535534,-0.1464466,0.3535534,0.8535534,1,1,1
-15.54788,-0.5670886,-30.79661,0,0,0,1,1,1,1
-8588003714293186503
3.306041,-4,19.71805,0,0,0,1,1,0.5,1
-14.67969,-4,-10.22116,0,0,0,1,0.5,0.5,0.5
21.41992,-4,9.638551,0,0.5,0,0.8660254,1,1,1
4.024243,-4,-21.28512,0,0,0,1,1,1,1
21.67084,-4,-9.919243,0.3535534,-0.1464466,0.3535534,0.8535534,1,1,1
-15.54788,-0.5670886,-30.79661,0,0,0,1,1,1,1
-8588003714293016493
3.306041,-4,19.71805,0,0,0,1,1,0.5,1
-14.67969,-4,-10.22116,0,0,0,1,0.5,0.5,0.5
21.41992,-4,9.638551,0,0.5,0,0.8660254,1,1,1
4.024243,-4,-21.28512,0,0,0,1,1,1,1
21.67084,-4,-9.919243,0.3535534,-0.1464466,0.3535534,0.8535534,1,1,1
-15.54788,-0.5670886,-30.79661,0,0,0,1,1,1,1
-8588003714292856484
3.306041,-4,19.71805,0,0,0,1,1,0.5,1
-14.67969,-4,-10.22116,0,0,0,1,0.5,0.5,0.5
21.41992,-4,9.638551,0,0.5,0,0.8660254,1,1,1
4.024243,-4,-21.28512,0,0,0,1,1,1,1
21.67084,-4,-9.919243,0.3535534,-0.1464466,0.3535534,0.8535534,1,1,1
-15.54788,-0.5670886,-30.79661,0,0,0,1,1,1,1
-8588003714292686474
3.306041,-4,19.71805,0,0,0,1,1,0.5,1
-14.67969,-4,-10.22116,0,0,0,1,0.5,0.5,0.5
21.41992,-4,9.638551,0,0.5,0,0.8660254,1,1,1
4.024243,-4,-21.28512,0,0,0,1,1,1,1
21.67084,-4,-9.919243,0.3535534,-0.1464466,0.3535534,0.8535534,1,1,1
-15.54788,-0.5670886,-30.79661,0,0,0,1,1,1,1
-8588003714292526465
3.306041,-4,19.71805,0,0,0,1,1,0.5,1
-14.67969,-4,-10.22116,0,0,0,1,0.5,0.5,0.5
21.41992,-4,9.638551,0,0.5,0,0.8660254,1,1,1
4.024243,-4,-21.28512,0,0,0,1,1,1,1
21.67084,-4,-9.919243,0.3535534,-0.1464466,0.3535534,0.8535534,1,1,1
-15.54788,-0.5670886,-30.79661,0,0,0,1,1,1,1
-8588003714292356455
3.306041,-4,19.71805,0,0,0,1,1,0.5,1
-14.67969,-4,-10.22116,0,0,0,1,0.5,0.5,0.5
21.41992,-4,9.638551,0,0.5,0,0.8660254,1,1,1
4.024243,-4,-21.28512,0,0,0,1,1,1,1
21.67084,-4,-9.919243,0.3535534,-0.1464466,0.3535534,0.8535534,1,1,1
-15.54788,-0.5670886,-30.79661,0,0,0,1,1,1,1
-8588003714292196446
3.306041,-4,19.71805,0,0,0,1,1,0.5,1
-14.67969,-4,-10.22116,0,0,0,1,0.5,0.5,0.5
21.41992,-4,9.638551,0,0.5,0,0.8660254,1,1,1
4.024243,-4,-21.28512,0,0,0,1,1,1,1
21.67084,-4,-9.919243,0.3535534,-0.1464466,0.3535534,0.8535534,1,1,1
-15.54788,-0.5670886,-30.79661,0,0,0,1,1,1,1
-8588003714292026436
3.306041,-4,19.71805,0,0,0,1,1,0.5,1
-14.67969,-4,-10.22116,0,0,0,1,0.5,0.5,0.5
21.41992,-4,9.638551,0,0.5,0,0.8660254,1,1,1
4.024243,-4,-21.28512,0,0,0,1,1,1,1
21.67084,-4,-9.919243,0.3535534,-0.1464466,0.3535534,0.8535534,1,1,1
-15.54788,-0.5670886,-30.79661,0,0,0,1,1,1,1
-8588003714291856427
3.306041,-4,19.71805,0,0,0,1,1,0.5,1
-14.67969,-4,-10.22116,0,0,0,1,0.5,0.5,0.5
21.41992,-4,9.638551,0,0.5,0,0.8660254,1,1,1
4.024243,-4,-21.28512,0,0,0,1,1,1,1
21.67084,-4,-9.919243,0.3535534,-0.1464466,0.3535534,0.8535534,1,1,1
-15.54788,-0.5670886,-30.79661,0,0,0,1,1,1,1
-8588003714291696417
3.306041,-4,19.71805,0,0,0,1,1,0.5,1
-14.67969,-4,-10.22116,0,0,0,1,0.5,0.5,0.5
21.41992,-4,9.638551,0,0.5,0,0.8660254,1,1,1
4.024243,-4,-21.28512,0,0,0,1,1,1,1
21.67084,-4,-9.919243,0.3535534,-0.1464466,0.3535534,0.8535534,1,1,1
-15.54788,-0.5670886,-30.79661,0,0,0,1,1,1,1
-8588003714291526408
3.306041,-4,19.71805,0,0,0,1,1,0.5,1
-14.67969,-4,-10.22116,0,0,0,1,0.5,0.5,0.5
21.41992,-4,9.638551,0,0.5,0,0.8660254,1,1,1
4.024243,-4,-21.28512,0,0,0,1,1,1,1
21.67084,-4,-9.919243,0.3535534,-0.1464466,0.3535534,0.8535534,1,1,1
-15.54788,-0.5670886,-30.79661,0,0,0,1,1,1,1
-8588003714291366399
3.306041,-4,19.71805,0,0,0,1,1,0.5,1
-14.67969,-4,-10.22116,0,0,0,1,0.5,0.5,0.5
21.41992,-4,9.638551,0,0.5,0,0.8660254,1,1,1
4.024243,-4,-21.28512,0,0,0,1,1,1,1
21.67084,-4,-9.919243,0.3535534,-0.1464466,0.3535534,0.8535534,1,1,1
-15.54788,-0.5670886,-30.79661,0,0,0,1,1,1,1
-8588003714291196389
3.306041,-4,19.71805,0,0,0,1,1,0.5,1
-14.67969,-4,-10.22116,0,0,0,1,0.5,0.5,0.5
21.41992,-4,9.638551,0,0.5,0,0.8660254,1,1,1
4.024243,-4,-21.28512,0,0,0,1,1,1,1
21.67084,-4,-9.919243,0.3535534,-0.1464466,0.3535534,0.8535534,1,1,1
-15.54788,-0.5670886,-30.79661,0,0,0,1,1,1,1
-8588003714291036380
3.306041,-4,19.71805,0,0,0,1,1,0.5,1
-14.67969,-4,-10.22116,0,0,0,1,0.5,0.5,0.5
21.41992,-4,9.638551,0,0.5,0,0.8660254,1,1,1
4.024243,-4,-21.28512,0,0,0,1,1,1,1
21.67084,-4,-9.919243,0.3535534,-0.1464466,0.3535534,0.8535534,1,1,1
-15.54788,-0.5670886,-30.79661,0,0,0,1,1,1,1
-8588003714290866370
3.306041,-4,19.71805,0,0,0,1,1,0.5,1
-14.67969,-4,-10.22116,0,0,0,1,0.5,0.5,0.5
21.41992,-4,9.638551,0,0.5,0,0.8660254,1,1,1
4.024243,-4,-21.28512,0,0,0,1,1,1,1
21.67084,-4,-9.919243,0.3535534,-0.1464466,0.3535534,0.8535534,1,1,1
-15.54788,-0.5670886,-30.79661,0,0,0,1,1,1,1
-8588003714290706361
3.306041,-4,19.71805,0,0,0,1,1,0.5,1
-14.67969,-4,-10.22116,0,0,0,1,0.5,0.5,0.5
21.41992,-4,9.638551,0,0.5,0,0.8660254,1,1,1
4.024243,-4,-21.28512,0,0,0,1,1,1,1
21.67084,-4,-9.919243,0.3535534,-0.1464466,0.3535534,0.8535534,1,1,1
-15.54788,-0.5670886,-30.79661,0,0,0,1,1,1,1
-8588003714290536351
3.306041,-4,19.71805,0,0,0,1,1,0.5,1
-14.67969,-4,-10.22116,0,0,0,1,0.5,0.5,0.5
21.41992,-4,9.638551,0,0.5,0,0.8660254,1,1,1
4.024243,-4,-21.28512,0,0,0,1,1,1,1
21.67084,-4,-9.919243,0.3535534,-0.1464466,0.3535534,0.8535534,1,1,1
-15.54788,-0.5670886,-30.79661,0,0,0,1,1,1,1
-8588003714290366341
3.306041,-4,19.71805,0,0,0,1,1,0.5,1
-14.67969,-4,-10.22116,0,0,0,1,0.5,0.5,0.5
21.41992,-4,9.638551,0,0.5,0,0.8660254,1,1,1
4.024243,-4,-21.28512,0,0,0,1,1,1,1
21.67084,-4,-9.919243,0.3535534,-0.1464466,0.3535534,0.8535534,1,1,1
-15.54788,-0.5670886,-30.79661,0,0,0,1,1,1,1
-8588003714290206332
3.306041,-4,19.71805,0,0,0,1,1,0.5,1
-14.67969,-4,-10.22116,0,0,0,1,0.5,0.5,0.5
21.41992,-4,9.638551,0,0.5,0,0.8660254,1,1,1
4.024243,-4,-21.28512,0,0,0,1,1,1,1
21.67084,-4,-9.919243,0.3535534,-0.1464466,0.3535534,0.8535534,1,1,1
-15.54788,-0.5670886,-30.79661,0,0,0,1,1,1,1
-8588003714290036322
3.306041,-4,19.71805,0,0,0,1,1,0.5,1
-14.67969,-4,-10.22116,0,0,0,1,0.5,0.5,0.5
21.41992,-4,9.638551,0,0.5,0,0.8660254,1,1,1
4.024243,-4,-21.28512,0,0,0,1,1,1,1
21.67084,-4,-9.919243,0.3535534,-0.1464466,0.3535534,0.8535534,1,1,1
-15.54788,-0.5670886,-30.79661,0,0,0,1,1,1,1
-8588003714289876313
3.306041,-4,19.71805,0,0,0,1,1,0.5,1
-14.67969,-4,-10.22116,0,0,0,1,0.5,0.5,0.5
21.41992,-4,9.638551,0,0.5,0,0.8660254,1,1,1
4.024243,-4,-21.28512,0,0,0,1,1,1,1
21.67084,-4,-9.919243,0.3535534,-0.1464466,0.3535534,0.8535534,1,1,1
-15.54788,-0.5670886,-30.79661,0,0,0,1,1,1,1
-8588003714289706304
3.306041,-4,19.71805,0,0,0,1,1,0.5,1
-14.67969,-4,-10.22116,0,0,0,1,0.5,0.5,0.5
21.41992,-4,9.638551,0,0.5,0,0.8660254,1,1,1
4.024243,-4,-21.28512,0,0,0,1,1,1,1
21.67084,-4,-9.919243,0.3535534,-0.1464466,0.3535534,0.8535534,1,1,1
-15.54788,-0.5670886,-30.79661,0,0,0,1,1,1,1
-8588003714289546294
3.306041,-4,19.71805,0,0,0,1,1,0.5,1
-14.67969,-4,-10.22116,0,0,0,1,0.5,0.5,0.5
21.41992,-4,9.638551,0,0.5,0,0.8660254,1,1,1
4.024243,-4,-21.28512,0,0,0,1,1,1,1
21.67084,-4,-9.919243,0.3535534,-0.1464466,0.3535534,0.8535534,1,1,1
-15.54788,-0.5670886,-30.79661,0,0,0,1,1,1,1
-8588003714289376285
3.306041,-4,19.71805,0,0,0,1,1,0.5,1
-14.67969,-4,-10.22116,0,0,0,1,0.5,0.5,0.5
21.41992,-4,9.638551,0,0.5,0,0.8660254,1,1,1
4.024243,-4,-21.28512,0,0,0,1,1,1,1
21.67084,-4,-9.919243,0.3535534,-0.1464466,0.3535534,0.8535534,1,1,1
-15.54788,-0.5670886,-30.79661,0,0,0,1,1,1,1
-8588003714289206275
3.306041,-4,19.71805,0,0,0,1,1,0.5,1
-14.67969,-4,-10.22116,0,0,0,1,0.5,0.5,0.5
21.41992,-4,9.638551,0,0.5,0,0.8660254,1,1,1
4.024243,-4,-21.28512,0,0,0,1,1,1,1
21.67084,-4,-9.919243,0.3535534,-0.1464466,0.3535534,0.8535534,1,1,1
-15.54788,-0.5670886,-30.79661,0,0,0,1,1,1,1
-8588003714289046266
3.306041,-4,19.71805,0,0,0,1,1,0.5,1
-14.67969,-4,-10.22116,0,0,0,1,0.5,0.5,0.5
21.41992,-4,9.638551,0,0.5,0,0.8660254,1,1,1
4.024243,-4,-21.28512,0,0,0,1,1,1,1
21.67084,-4,-9.919243,0.3535534,-0.1464466,0.3535534,0.8535534,1,1,1
-15.54788,-0.5670886,-30.79661,0,0,0,1,1,1,1
-8588003714288876256
3.306041,-4,19.71805,0,0,0,1,1,0.5,1
-14.67969,-4,-10.22116,0,0,0,1,0.5,0.5,0.5
21.41992,-4,9.638551,0,0.5,0,0.8660254,1,1,1
4.024243,-4,-21.28512,0,0,0,1,1,1,1
21.67084,-4,-9.919243,0.3535534,-0.1464466,0.3535534,0.8535534,1,1,1
-15.54788,-0.5670886,-30.79661,0,0,0,1,1,1,1
-8588003714288716247
3.306041,-4,19.71805,0,0,0,1,1,0.5,1
-14.67969,-4,-10.22116,0,0,0,1,0.5,0.5,0.5
21.41992,-4,9.638551,0,0.5,0,0.8660254,1,1,1
4.024243,-4,-21.28512,0,0,0,1,1,1,1
21.67084,-4,-9.919243,0.3535534,-0.1464466,0.3535534,0.8535534,1,1,1
-15.54788,-0.5670886,-30.79661,0,0,0,1,1,1,1
-8588003714288546237
3.306041,-4,19.71805,0,0,0,1,1,0.5,1
-14.67969,-4,-10.22116,0,0,0,1,0.5,0.5,0.5
21.41992,-4,9.638551,0,0.5,0,0.8660254,1,1,1
4.024243,-4,-21.28512,0,0,0,1,1,1,1
21.67084,-4,-9.919243,0.3535534,-0.1464466,0.3535534,0.8535534,1,1,1
-15.54788,-0.5670886,-30.79661,0,0,0,1,1,1,1
-8588003714288386228
3.306041,-4,19.71805,0,0,0,1,1,0.5,1
-14.67969,-4,-10.22116,0,0,0,1,0.5,0.5,0.5
21.41992,-4,9.638551,0,0.5,0,0.8660254,1,1,1
4.024243,-4,-21.28512,0,0,0,1,1,1,1
21.67084,-4,-9.919243,0.3535534,-0.1464466,0.3535534,0.8535534,1,1,1
-15.54788,-0.5670886,-30.79661,0,0,0,1,1,1,1
-8588003714288216218
3.306041,-4,19.71805,0,0,0,1,1,0.5,1
-14.67969,-4,-10.22116,0,0,0,1,0.5,0.5,0.5
21.41992,-4,9.638551,0,0.5,0,0.8660254,1,1,1
4.024243,-4,-21.28512,0,0,0,1,1,1,1
21.67084,-4,-9.919243,0.3535534,-0.1464466,0.3535534,0.8535534,1,1,1
-15.54788,-0.5670886,-30.79661,0,0,0,1,1,1,1
-8588003714288056209
3.306041,-4,19.71805,0,0,0,1,1,0.5,1
-14.67969,-4,-10.22116,0,0,0,1,0.5,0.5,0.5
21.41992,-4,9.638551,0,0.5,0,0.8660254,1,1,1
4.024243,-4,-21.28512,0,0,0,1,1,1,1
21.67084,-4,-9.919243,0.3535534,-0.1464466,0.3535534,0.8535534,1,1,1
-15.54788,-0.5670886,-30.79661,0,0,0,1,1,1,1
-8588003714287886199
3.306041,-4,19.71805,0,0,0,1,1,0.5,1
-14.67969,-4,-10.22116,0,0,0,1,0.5,0.5,0.5
21.41992,-4,9.638551,0,0.5,0,0.8660254,1,1,1
4.024243,-4,-21.28512,0,0,0,1,1,1,1
21.67084,-4,-9.919243,0.3535534,-0.1464466,0.3535534,0.8535534,1,1,1
-15.54788,-0.5670886,-30.79661,0,0,0,1,1,1,1
-8588003714287726190
3.306041,-4,19.71805,0,0,0,1,1,0.5,1
-14.67969,-4,-10.22116,0,0,0,1,0.5,0.5,0.5
21.41992,-4,9.638551,0,0.5,0,0.8660254,1,1,1
4.024243,-4,-21.28512,0,0,0,1,1,1,1
21.67084,-4,-9.919243,0.3535534,-0.1464466,0.3535534,0.8535534,1,1,1
-15.54788,-0.5670886,-30.79661,0,0,0,1,1,1,1
-8588003714287556181
3.306041,-4,19.71805,0,0,0,1,1,0.5,1
-14.67969,-4,-10.22116,0,0,0,1,0.5,0.5,0.5
21.41992,-4,9.638551,0,0.5,0,0.8660254,1,1,1
4.024243,-4,-21.28512,0,0,0,1,1,1,1
21.67084,-4,-9.919243,0.3535534,-0.1464466,0.3535534,0.8535534,1,1,1
-15.54788,-0.5670886,-30.79661,0,0,0,1,1,1,1
-8588003714287386171
3.306041,-4,19.71805,0,0,0,1,1,0.5,1
-14.67969,-4,-10.22116,0,0,0,1,0.5,0.5,0.5
21.41992,-4,9.638551,0,0.5,0,0.8660254,1,1,1
4.024243,-4,-21.28512,0,0,0,1,1,1,1
21.67084,-4,-9.919243,0.3535534,-0.1464466,0.3535534,0.8535534,1,1,1
-15.54788,-0.5670886,-30.79661,0,0,0,1,1,1,1
-8588003714287226162
3.306041,-4,19.71805,0,0,0,1,1,0.5,1
-14.67969,-4,-10.22116,0,0,0,1,0.5,0.5,0.5
21.41992,-4,9.638551,0,0.5,0,0.8660254,1,1,1
4.024243,-4,-21.28512,0,0,0,1,1,1,1
21.67084,-4,-9.919243,0.3535534,-0.1464466,0.3535534,0.8535534,1,1,1
-15.54788,-0.5670886,-30.79661,0,0,0,1,1,1,1
-8588003714287056152
3.306041,-4,19.71805,0,0,0,1,1,0.5,1
-14.67969,-4,-10.22116,0,0,0,1,0.5,0.5,0.5
21.41992,-4,9.638551,0,0.5,0,0.8660254,1,1,1
4.024243,-4,-21.28512,0,0,0,1,1,1,1
21.67084,-4,-9.919243,0.3535534,-0.1464466,0.3535534,0.8535534,1,1,1
-15.54788,-0.5670886,-30.79661,0,0,0,1,1,1,1
-8588003714286896143
3.306041,-4,19.71805,0,0,0,1,1,0.5,1
-14.67969,-4,-10.22116,0,0,0,1,0.5,0.5,0.5
21.41992,-4,9.638551,0,0.5,0,0.8660254,1,1,1
4.024243,-4,-21.28512,0,0,0,1,1,1,1
21.67084,-4,-9.919243,0.3535534,-0.1464466,0.3535534,0.8535534,1,1,1
-15.54788,-0.5670886,-30.79661,0,0,0,1,1,1,1
-8588003714286726133
3.306041,-4,19.71805,0,0,0,1,1,0.5,1
-14.67969,-4,-10.22116,0,0,0,1,0.5,0.5,0.5
21.41992,-4,9.638551,0,0.5,0,0.8660254,1,1,1
4.024243,-4,-21.28512,0,0,0,1,1,1,1
21.67084,-4,-9.919243,0.3535534,-0.1464466,0.3535534,0.8535534,1,1,1
-15.54788,-0.5670886,-30.79661,0,0,0,1,1,1,1
-8588003714286566124
3.306041,-4,19.71805,0,0,0,1,1,0.5,1
-14.67969,-4,-10.22116,0,0,0,1,0.5,0.5,0.5
21.41992,-4,9.638551,0,0.5,0,0.8660254,1,1,1
4.024243,-4,-21.28512,0,0,0,1,1,1,1
21.67084,-4,-9.919243,0.3535534,-0.1464466,0.3535534,0.8535534,1,1,1
-15.54788,-0.5670886,-30.79661,0,0,0,1,1,1,1
-8588003714286396114
3.306041,-4,19.71805,0,0,0,1,1,0.5,1
-14.67969,-4,-10.22116,0,0,0,1,0.5,0.5,0.5
21.41992,-4,9.638551,0,0.5,0,0.8660254,1,1,1
4.024243,-4,-21.28512,0,0,0,1,1,1,1
21.67084,-4,-9.919243,0.3535534,-0.1464466,0.3535534,0.8535534,1,1,1
-15.54788,-0.5670886,-30.79661,0,0,0,1,1,1,1
-8588003714286226105
3.306041,-4,19.71805,0,0,0,1,1,0.5,1
-14.67969,-4,-10.22116,0,0,0,1,0.5,0.5,0.5
21.41992,-4,9.638551,0,0.5,0,0.8660254,1,1,1
4.024243,-4,-21.28512,0,0,0,1,1,1,1
21.67084,-4,-9.919243,0.3535534,-0.1464466,0.3535534,0.8535534,1,1,1
-15.54788,-0.5670886,-30.79661,0,0,0,1,1,1,1
-8588003714286066095
3.306041,-4,19.71805,0,0,0,1,1,0.5,1
-14.67969,-4,-10.22116,0,0,0,1,0.5,0.5,0.5
21.41992,-4,9.638551,0,0.5,0,0.8660254,1,1,1
4.024243,-4,-21.28512,0,0,0,1,1,1,1
21.67084,-4,-9.919243,0.3535534,-0.1464466,0.3535534,0.8535534,1,1,1
-15.54788,-0.5670886,-30.79661,0,0,0,1,1,1,1
-8588003714285896086
3.306041,-4,19.71805,0,0,0,1,1,0.5,1
-14.67969,-4,-10.22116,0,0,0,1,0.5,0.5,0.5
21.41992,-4,9.638551,0,0.5,0,0.8660254,1,1,1
4.024243,-4,-21.28512,0,0,0,1,1,1,1
21.67084,-4,-9.919243,0.3535534,-0.1464466,0.3535534,0.8535534,1,1,1
-15.54788,-0.5670886,-30.79661,0,0,0,1,1,1,1
-8588003714285736077
3.306041,-4,19.71805,0,0,0,1,1,0.5,1
-14.67969,-4,-10.22116,0,0,0,1,0.5,0.5,0.5
21.41992,-4,9.638551,0,0.5,0,0.8660254,1,1,1
4.024243,-4,-21.28512,0,0,0,1,1,1,1
21.67084,-4,-9.919243,0.3535534,-0.1464466,0.3535534,0.8535534,1,1,1
-15.54788,-0.5670886,-30.79661,0,0,0,1,1,1,1
-8588003714285566067
3.306041,-4,19.71805,0,0,0,1,1,0.5,1
-14.67969,-4,-10.22116,0,0,0,1,0.5,0.5,0.5
21.41992,-4,9.638551,0,0.5,0,0.8660254,1,1,1
4.024243,-4,-21.28512,0,0,0,1,1,1,1
21.67084,-4,-9.919243,0.3535534,-0.1464466,0.3535534,0.8535534,1,1,1
-15.54788,-0.5670886,-30.79661,0,0,0,1,1,1,1
-8588003714285406058
3.306041,-4,19.71805,0,0,0,1,1,0.5,1
-14.67969,-4,-10.22116,0,0,0,1,0.5,0.5,0.5
21.41992,-4,9.638551,0,0.5,0,0.8660254,1,1,1
4.024243,-4,-21.28512,0,0,0,1,1,1,1
21.67084,-4,-9.919243,0.3535534,-0.1464466,0.3535534,0.8535534,1,1,1
-15.54788,-0.5670886,-30.79661,0,0,0,1,1,1,1
-8588003714285236048
3.306041,-4,19.71805,0,0,0,1,1,0.5,1
-14.67969,-4,-10.22116,0,0,0,1,0.5,0.5,0.5
21.41992,-4,9.638551,0,0.5,0,0.8660254,1,1,1
4.024243,-4,-21.28512,0,0,0,1,1,1,1
21.67084,-4,-9.919243,0.3535534,-0.1464466,0.3535534,0.8535534,1,1,1
-15.54788,-0.5670886,-30.79661,0,0,0,1,1,1,1
-8588003714285076039
3.306041,-4,19.71805,0,0,0,1,1,0.5,1
-14.67969,-4,-10.22116,0,0,0,1,0.5,0.5,0.5
21.41992,-4,9.638551,0,0.5,0,0.8660254,1,1,1
4.024243,-4,-21.28512,0,0,0,1,1,1,1
21.67084,-4,-9.919243,0.3535534,-0.1464466,0.3535534,0.8535534,1,1,1
-15.54788,-0.5670886,-30.79661,0,0,0,1,1,1,1
-8588003714284906029
3.306041,-4,19.71805,0,0,0,1,1,0.5,1
-14.67969,-4,-10.22116,0,0,0,1,0.5,0.5,0.5
21.41992,-4,9.638551,0,0.5,0,0.8660254,1,1,1
4.024243,-4,-21.28512,0,0,0,1,1,1,1
21.67084,-4,-9.919243,0.3535534,-0.1464466,0.3535534,0.8535534,1,1,1
-15.54788,-0.5670886,-30.79661,0,0,0,1,1,1,1
-8588003714284736019
3.306041,-4,19.71805,0,0,0,1,1,0.5,1
-14.67969,-4,-10.22116,0,0,0,1,0.5,0.5,0.5
21.41992,-4,9.638551,0,0.5,0,0.8660254,1,1,1
4.024243,-4,-21.28512,0,0,0,1,1,1,1
21.67084,-4,-9.919243,0.3535534,-0.1464466,0.3535534,0.8535534,1,1,1
-15.54788,-0.5670886,-30.79661,0,0,0,1,1,1,1
-8588003714284576010
3.306041,-4,19.71805,0,0,0,1,1,0.5,1
-14.67969,-4,-10.22116,0,0,0,1,0.5,0.5,0.5
21.41992,-4,9.638551,0,0.5,0,0.8660254,1,1,1
4.024243,-4,-21.28512,0,0,0,1,1,1,1
21.67084,-4,-9.919243,0.3535534,-0.1464466,0.3535534,0.8535534,1,1,1
-15.54788,-0.5670886,-30.79661,0,0,0,1,1,1,1
-8588003714284406000
3.306041,-4,19.71805,0,0,0,1,1,0.5,1
-14.67969,-4,-10.22116,0,0,0,1,0.5,0.5,0.5
21.41992,-4,9.638551,0,0.5,0,0.8660254,1,1,1
4.024243,-4,-21.28512,0,0,0,1,1,1,1
21.67084,-4,-9.919243,0.3535534,-0.1464466,0.3535534,0.8535534,1,1,1
-15.54788,-0.5670886,-30.79661,0,0,0,1,1,1,1
-8588003714284235991
3.306041,-4,19.71805,0,0,0,1,1,0.5,1
-14.67969,-4,-10.22116,0,0,0,1,0.5,0.5,0.5
21.41992,-4,9.638551,0,0.5,0,0.8660254,1,1,1
4.024243,-4,-21.28512,0,0,0,1,1,1,1
21.67084,-4,-9.919243,0.3535534,-0.1464466,0.3535534,0.8535534,1,1,1
-15.54788,-0.5670886,-30.79661,0,0,0,1,1,1,1
-8588003714284075982
3.306041,-4,19.71805,0,0,0,1,1,0.5,1
-14.67969,-4,-10.22116,0,0,0,1,0.5,0.5,0.5
21.41992,-4,9.638551,0,0.5,0,0.8660254,1,1,1
4.024243,-4,-21.28512,0,0,0,1,1,1,1
21.67084,-4,-9.919243,0.3535534,-0.1464466,0.3535534,0.8535534,1,1,1
-15.54788,-0.5670886,-30.79661,0,0,0,1,1,1,1
-8588003714283905972
3.306041,-4,19.71805,0,0,0,1,1,0.5,1
-14.67969,-4,-10.22116,0,0,0,1,0.5,0.5,0.5
21.41992,-4,9.638551,0,0.5,0,0.8660254,1,1,1
4.024243,-4,-21.28512,0,0,0,1,1,1,1
21.67084,-4,-9.919243,0.3535534,-0.1464466,0.3535534,0.8535534,1,1,1
-15.54788,-0.5670886,-30.79661,0,0,0,1,1,1,1
-8588003714283745963
3.306041,-4,19.71805,0,0,0,1,1,0.5,1
-14.67969,-4,-10.22116,0,0,0,1,0.5,0.5,0.5
21.41992,-4,9.638551,0,0.5,0,0.8660254,1,1,1
4.024243,-4,-21.28512,0,0,0,1,1,1,1
21.67084,-4,-9.919243,0.3535534,-0.1464466,0.3535534,0.8535534,1,1,1
-15.54788,-0.5670886,-30.79661,0,0,0,1,1,1,1
-8588003714283575953
3.306041,-4,19.71805,0,0,0,1,1,0.5,1
-14.67969,-4,-10.22116,0,0,0,1,0.5,0.5,0.5
21.41992,-4,9.638551,0,0.5,0,0.8660254,1,1,1
4.024243,-4,-21.28512,0,0,0,1,1,1,1
21.67084,-4,-9.919243,0.3535534,-0.1464466,0.3535534,0.8535534,1,1,1
-15.54788,-0.5670886,-30.79661,0,0,0,1,1,1,1
-8588003714283415944
3.306041,-4,19.71805,0,0,0,1,1,0.5,1
-14.67969,-4,-10.22116,0,0,0,1,0.5,0.5,0.5
21.41992,-4,9.638551,0,0.5,0,0.8660254,1,1,1
4.024243,-4,-21.28512,0,0,0,1,1,1,1
21.67084,-4,-9.919243,0.3535534,-0.1464466,0.3535534,0.8535534,1,1,1
-15.54788,-0.5670886,-30.79661,0,0,0,1,1,1,1
-8588003714283245934
3.306041,-4,19.71805,0,0,0,1,1,0.5,1
-14.67969,-4,-10.22116,0,0,0,1,0.5,0.5,0.5
21.41992,-4,9.638551,0,0.5,0,0.8660254,1,1,1
4.024243,-4,-21.28512,0,0,0,1,1,1,1
21.67084,-4,-9.919243,0.3535534,-0.1464466,0.3535534,0.8535534,1,1,1
-15.54788,-0.5670886,-30.79661,0,0,0,1,1,1,1
-8588003714283085925
3.306041,-4,19.71805,0,0,0,1,1,0.5,1
-14.67969,-4,-10.22116,0,0,0,1,0.5,0.5,0.5
21.41992,-4,9.638551,0,0.5,0,0.8660254,1,1,1
4.024243,-4,-21.28512,0,0,0,1,1,1,1
21.67084,-4,-9.919243,0.3535534,-0.1464466,0.3535534,0.8535534,1,1,1
-15.54788,-0.5670886,-30.79661,0,0,0,1,1,1,1
-8588003714282915915
3.306041,-4,19.71805,0,0,0,1,1,0.5,1
-14.67969,-4,-10.22116,0,0,0,1,0.5,0.5,0.5
21.41992,-4,9.638551,0,0.5,0,0.8660254,1,1,1
4.024243,-4,-21.28512,0,0,0,1,1,1,1
21.67084,-4,-9.919243,0.3535534,-0.1464466,0.3535534,0.8535534,1,1,1
-15.54788,-0.5670886,-30.79661,0,0,0,1,1,1,1
-8588003714282745905
3.306041,-4,19.71805,0,0,0,1,1,0.5,1
-14.67969,-4,-10.22116,0,0,0,1,0.5,0.5,0.5
21.41992,-4,9.638551,0,0.5,0,0.8660254,1,1,1
4.024243,-4,-21.28512,0,0,0,1,1,1,1
21.67084,-4,-9.919243,0.3535534,-0.1464466,0.3535534,0.8535534,1,1,1
-15.54788,-0.5670886,-30.79661,0,0,0,1,1,1,1
-8588003714282585896
3.306041,-4,19.71805,0,0,0,1,1,0.5,1
-14.67969,-4,-10.22116,0,0,0,1,0.5,0.5,0.5
21.41992,-4,9.638551,0,0.5,0,0.8660254,1,1,1
4.024243,-4,-21.28512,0,0,0,1,1,1,1
21.67084,-4,-9.919243,0.3535534,-0.1464466,0.3535534,0.8535534,1,1,1
-15.54788,-0.5670886,-30.79661,0,0,0,1,1,1,1
-8588003714282415887
3.306041,-4,19.71805,0,0,0,1,1,0.5,1
-14.67969,-4,-10.22116,0,0,0,1,0.5,0.5,0.5
21.41992,-4,9.638551,0,0.5,0,0.8660254,1,1,1
4.024243,-4,-21.28512,0,0,0,1,1,1,1
21.67084,-4,-9.919243,0.3535534,-0.1464466,0.3535534,0.8535534,1,1,1
-15.54788,-0.5670886,-30.79661,0,0,0,1,1,1,1
-8588003714282255877
3.306041,-4,19.71805,0,0,0,1,1,0.5,1
-14.67969,-4,-10.22116,0,0,0,1,0.5,0.5,0.5
21.41992,-4,9.638551,0,0.5,0,0.8660254,1,1,1
4.024243,-4,-21.28512,0,0,0,1,1,1,1
21.67084,-4,-9.919243,0.3535534,-0.1464466,0.3535534,0.8535534,1,1,1
-15.54788,-0.5670886,-30.79661,0,0,0,1,1,1,1
-8588003714282085868
3.306041,-4,19.71805,0,0,0,1,1,0.5,1
-14.67969,-4,-10.22116,0,0,0,1,0.5,0.5,0.5
21.41992,-4,9.638551,0,0.5,0,0.8660254,1,1,1
4.024243,-4,-21.28512,0,0,0,1,1,1,1
21.67084,-4,-9.919243,0.3535534,-0.1464466,0.3535534,0.8535534,1,1,1
-15.54788,-0.5670886,-30.79661,0,0,0,1,1,1,1
-8588003714281925859
3.306041,-4,19.71805,0,0,0,1,1,0.5,1
-14.67969,-4,-10.22116,0,0,0,1,0.5,0.5,0.5
21.41992,-4,9.638551,0,0.5,0,0.8660254,1,1,1
4.024243,-4,-21.28512,0,0,0,1,1,1,1
21.67084,-4,-9.919243,0.3535534,-0.1464466,0.3535534,0.8535534,1,1,1
-15.54788,-0.5670886,-30.79661,0,0,0,1,1,1,1
-8588003714281755849
3.306041,-4,19.71805,0,0,0,1,1,0.5,1
-14.67969,-4,-10.22116,0,0,0,1,0.5,0.5,0.5
21.41992,-4,9.638551,0,0.5,0,0.8660254,1,1,1
4.024243,-4,-21.28512,0,0,0,1,1,1,1
21.67084,-4,-9.919243,0.3535534,-0.1464466,0.3535534,0.8535534,1,1,1
-15.54788,-0.5670886,-30.79661,0,0,0,1,1,1,1
-8588003714281585839
3.306041,-4,19.71805,0,0,0,1,1,0.5,1
-14.67969,-4,-10.22116,0,0,0,1,0.5,0.5,0.5
21.41992,-4,9.638551,0,0.5,0,0.8660254,1,1,1
4.024243,-4,-21.28512,0,0,0,1,1,1,1
21.67084,-4,-9.919243,0.3535534,-0.1464466,0.3535534,0.8535534,1,1,1
-15.54788,-0.5670886,-30.79661,0,0,0,1,1,1,1
-8588003714281425830
3.306041,-4,19.71805,0,0,0,1,1,0.5,1
-14.67969,-4,-10.22116,0,0,0,1,0.5,0.5,0.5
21.41992,-4,9.638551,0,0.5,0,0.8660254,1,1,1
4.024243,-4,-21.28512,0,0,0,1,1,1,1
21.67084,-4,-9.919243,0.3535534,-0.1464466,0.3535534,0.8535534,1,1,1
-15.54788,-0.5670886,-30.79661,0,0,0,1,1,1,1
-8588003714281255820
3.306041,-4,19.71805,0,0,0,1,1,0.5,1
-14.67969,-4,-10.22116,0,0,0,1,0.5,0.5,0.5
21.41992,-4,9.638551,0,0.5,0,0.8660254,1,1,1
4.024243,-4,-21.28512,0,0,0,1,1,1,1
21.67084,-4,-9.919243,0.3535534,-0.1464466,0.3535534,0.8535534,1,1,1
-15.54788,-0.5670886,-30.79661,0,0,0,1,1,1,1
-8588003714281095811
3.306041,-4,19.71805,0,0,0,1,1,0.5,1
-14.67969,-4,-10.22116,0,0,0,1,0.5,0.5,0.5
21.41992,-4,9.638551,0,0.5,0,0.8660254,1,1,1
4.024243,-4,-21.28512,0,0,0,1,1,1,1
21.67084,-4,-9.919243,0.3535534,-0.1464466,0.3535534,0.8535534,1,1,1
-15.54788,-0.5670886,-30.79661,0,0,0,1,1,1,1
-8588003714280925801
3.306041,-4,19.71805,0,0,0,1,1,0.5,1
-14.67969,-4,-10.22116,0,0,0,1,0.5,0.5,0.5
21.41992,-4,9.638551,0,0.5,0,0.8660254,1,1,1
4.024243,-4,-21.28512,0,0,0,1,1,1,1
21.67084,-4,-9.919243,0.3535534,-0.1464466,0.3535534,0.8535534,1,1,1
-15.54788,-0.5670886,-30.79661,0,0,0,1,1,1,1
-8588003714280765792
3.306041,-4,19.71805,0,0,0,1,1,0.5,1
-14.67969,-4,-10.22116,0,0,0,1,0.5,0.5,0.5
21.41992,-4,9.638551,0,0.5,0,0.8660254,1,1,1
4.024243,-4,-21.28512,0,0,0,1,1,1,1
21.67084,-4,-9.919243,0.3535534,-0.1464466,0.3535534,0.8535534,1,1,1
-15.54788,-0.5670886,-30.79661,0,0,0,1,1,1,1
-8588003714280595783
3.306041,-4,19.71805,0,0,0,1,1,0.5,1
-14.67969,-4,-10.22116,0,0,0,1,0.5,0.5,0.5
21.41992,-4,9.638551,0,0.5,0,0.8660254,1,1,1
4.024243,-4,-21.28512,0,0,0,1,1,1,1
21.67084,-4,-9.919243,0.3535534,-0.1464466,0.3535534,0.8535534,1,1,1
-15.54788,-0.5670886,-30.79661,0,0,0,1,1,1,1
-8588003714280425773
3.306041,-4,19.71805,0,0,0,1,1,0.5,1
-14.67969,-4,-10.22116,0,0,0,1,0.5,0.5,0.5
21.41992,-4,9.638551,0,0.5,0,0.8660254,1,1,1
4.024243,-4,-21.28512,0,0,0,1,1,1,1
21.67084,-4,-9.919243,0.3535534,-0.1464466,0.3535534,0.8535534,1,1,1
-15.54788,-0.5670886,-30.79661,0,0,0,1,1,1,1
-8588003714280265764
3.306041,-4,19.71805,0,0,0,1,1,0.5,1
-14.67969,-4,-10.22116,0,0,0,1,0.5,0.5,0.5
21.41992,-4,9.638551,0,0.5,0,0.8660254,1,1,1
4.024243,-4,-21.28512,0,0,0,1,1,1,1
21.67084,-4,-9.919243,0.3535534,-0.1464466,0.3535534,0.8535534,1,1,1
-15.54788,-0.5670886,-30.79661,0,0,0,1,1,1,1
-8588003714280105754
3.306041,-4,19.71805,0,0,0,1,1,0.5,1
-14.67969,-4,-10.22116,0,0,0,1,0.5,0.5,0.5
21.41992,-4,9.638551,0,0.5,0,0.8660254,1,1,1
4.024243,-4,-21.28512,0,0,0,1,1,1,1
21.67084,-4,-9.919243,0.3535534,-0.1464466,0.3535534,0.8535534,1,1,1
-15.54788,-0.5670886,-30.79661,0,0,0,1,1,1,1
-8588003714279935745
3.306041,-4,19.71805,0,0,0,1,1,0.5,1
-14.67969,-4,-10.22116,0,0,0,1,0.5,0.5,0.5
21.41992,-4,9.638551,0,0.5,0,0.8660254,1,1,1
4.024243,-4,-21.28512,0,0,0,1,1,1,1
21.67084,-4,-9.919243,0.3535534,-0.1464466,0.3535534,0.8535534,1,1,1
-15.54788,-0.5670886,-30.79661,0,0,0,1,1,1,1
-8588003714279765735
3.306041,-4,19.71805,0,0,0,1,1,0.5,1
-14.67969,-4,-10.22116,0,0,0,1,0.5,0.5,0.5
21.41992,-4,9.638551,0,0.5,0,0.8660254,1,1,1
4.024243,-4,-21.28512,0,0,0,1,1,1,1
21.67084,-4,-9.919243,0.3535534,-0.1464466,0.3535534,0.8535534,1,1,1
-15.54788,-0.5670886,-30.79661,0,0,0,1,1,1,1
-8588003714279605726
3.306041,-4,19.71805,0,0,0,1,1,0.5,1
-14.67969,-4,-10.22116,0,0,0,1,0.5,0.5,0.5
21.41992,-4,9.638551,0,0.5,0,0.8660254,1,1,1
4.024243,-4,-21.28512,0,0,0,1,1,1,1
21.67084,-4,-9.919243,0.3535534,-0.1464466,0.3535534,0.8535534,1,1,1
-15.54788,-0.5670886,-30.79661,0,0,0,1,1,1,1
-8588003714279435716
3.306041,-4,19.71805,0,0,0,1,1,0.5,1
-14.67969,-4,-10.22116,0,0,0,1,0.5,0.5,0.5
21.41992,-4,9.638551,0,0.5,0,0.8660254,1,1,1
4.024243,-4,-21.28512,0,0,0,1,1,1,1
21.67084,-4,-9.919243,0.3535534,-0.1464466,0.3535534,0.8535534,1,1,1
-15.54788,-0.5670886,-30.79661,0,0,0,1,1,1,1
-8588003714279275707
3.306041,-4,19.71805,0,0,0,1,1,0.5,1
-14.67969,-4,-10.22116,0,0,0,1,0.5,0.5,0.5
21.41992,-4,9.638551,0,0.5,0,0.8660254,1,1,1
4.024243,-4,-21.28512,0,0,0,1,1,1,1
21.67084,-4,-9.919243,0.3535534,-0.1464466,0.3535534,0.8535534,1,1,1
-15.54788,-0.5670886,-30.79661,0,0,0,1,1,1,1
-8588003714279105697
3.306041,-4,19.71805,0,0,0,1,1,0.5,1
-14.67969,-4,-10.22116,0,0,0,1,0.5,0.5,0.5
21.41992,-4,9.638551,0,0.5,0,0.8660254,1,1,1
4.024243,-4,-21.28512,0,0,0,1,1,1,1
21.67084,-4,-9.919243,0.3535534,-0.1464466,0.3535534,0.8535534,1,1,1
-15.54788,-0.5670886,-30.79661,0,0,0,1,1,1,1
-8588003714278945688
3.306041,-4,19.71805,0,0,0,1,1,0.5,1
-14.67969,-4,-10.22116,0,0,0,1,0.5,0.5,0.5
21.41992,-4,9.638551,0,0.5,0,0.8660254,1,1,1
4.024243,-4,-21.28512,0,0,0,1,1,1,1
21.67084,-4,-9.919243,0.3535534,-0.1464466,0.3535534,0.8535534,1,1,1
-15.54788,-0.5670886,-30.79661,0,0,0,1,1,1,1
-8588003714278775678
3.306041,-4,19.71805,0,0,0,1,1,0.5,1
-14.67969,-4,-10.22116,0,0,0,1,0.5,0.5,0.5
21.41992,-4,9.638551,0,0.5,0,0.8660254,1,1,1
4.024243,-4,-21.28512,0,0,0,1,1,1,1
21.67084,-4,-9.919243,0.3535534,-0.1464466,0.3535534,0.8535534,1,1,1
-15.54788,-0.5670886,-30.79661,0,0,0,1,1,1,1
-8588003714278605669
3.306041,-4,19.71805,0,0,0,1,1,0.5,1
-14.67969,-4,-10.22116,0,0,0,1,0.5,0.5,0.5
21.41992,-4,9.638551,0,0.5,0,0.8660254,1,1,1
4.024243,-4,-21.28512,0,0,0,1,1,1,1
21.67084,-4,-9.919243,0.3535534,-0.1464466,0.3535534,0.8535534,1,1,1
-15.54788,-0.5670886,-30.79661,0,0,0,1,1,1,1
-8588003714278445660
3.306041,-4,19.71805,0,0,0,1,1,0.5,1
-14.67969,-4,-10.22116,0,0,0,1,0.5,0.5,0.5
21.41992,-4,9.638551,0,0.5,0,0.8660254,1,1,1
4.024243,-4,-21.28512,0,0,0,1,1,1,1
21.67084,-4,-9.919243,0.3535534,-0.1464466,0.3535534,0.8535534,1,1,1
-15.54788,-0.5670886,-30.79661,0,0,0,1,1,1,1
-8588003714278275650
3.306041,-4,19.71805,0,0,0,1,1,0.5,1
-14.67969,-4,-10.22116,0,0,0,1,0.5,0.5,0.5
21.41992,-4,9.638551,0,0.5,0,0.8660254,1,1,1
4.024243,-4,-21.28512,0,0,0,1,1,1,1
21.67084,-4,-9.919243,0.3535534,-0.1464466,0.3535534,0.8535534,1,1,1
-15.54788,-0.5670886,-30.79661,0,0,0,1,1,1,1
-8588003714278115641
3.306041,-4,19.71805,0,0,0,1,1,0.5,1
-14.67969,-4,-10.22116,0,0,0,1,0.5,0.5,0.5
21.41992,-4,9.638551,0,0.5,0,0.8660254,1,1,1
4.024243,-4,-21.28512,0,0,0,1,1,1,1
21.67084,-4,-9.919243,0.3535534,-0.1464466,0.3535534,0.8535534,1,1,1
-15.54788,-0.5670886,-30.79661,0,0,0,1,1,1,1
-8588003714277945631
3.306041,-4,19.71805,0,0,0,1,1,0.5,1
-14.67969,-4,-10.22116,0,0,0,1,0.5,0.5,0.5
21.41992,-4,9.638551,0,0.5,0,0.8660254,1,1,1
4.024243,-4,-21.28512,0,0,0,1,1,1,1
21.67084,-4,-9.919243,0.3535534,-0.1464466,0.3535534,0.8535534,1,1,1
-15.54788,-0.5670886,-30.79661,0,0,0,1,1,1,1
-8588003714277775621
3.306041,-4,19.71805,0,0,0,1,1,0.5,1
-14.67969,-4,-10.22116,0,0,0,1,0.5,0.5,0.5
21.41992,-4,9.638551,0,0.5,0,0.8660254,1,1,1
4.024243,-4,-21.28512,0,0,0,1,1,1,1
21.67084,-4,-9.919243,0.3535534,-0.1464466,0.3535534,0.8535534,1,1,1
-15.54788,-0.5670886,-30.79661,0,0,0,1,1,1,1
-8588003714277615612
3.306041,-4,19.71805,0,0,0,1,1,0.5,1
-14.67969,-4,-10.22116,0,0,0,1,0.5,0.5,0.5
21.41992,-4,9.638551,0,0.5,0,0.8660254,1,1,1
4.024243,-4,-21.28512,0,0,0,1,1,1,1
21.67084,-4,-9.919243,0.3535534,-0.1464466,0.3535534,0.8535534,1,1,1
-15.54788,-0.5670886,-30.79661,0,0,0,1,1,1,1
-8588003714277445602
3.306041,-4,19.71805,0,0,0,1,1,0.5,1
-14.67969,-4,-10.22116,0,0,0,1,0.5,0.5,0.5
21.41992,-4,9.638551,0,0.5,0,0.8660254,1,1,1
4.024243,-4,-21.28512,0,0,0,1,1,1,1
21.67084,-4,-9.919243,0.3535534,-0.1464466,0.3535534,0.8535534,1,1,1
-15.54788,-0.5670886,-30.79661,0,0,0,1,1,1,1
-8588003714277285593
3.306041,-4,19.71805,0,0,0,1,1,0.5,1
-14.67969,-4,-10.22116,0,0,0,1,0.5,0.5,0.5
21.41992,-4,9.638551,0,0.5,0,0.8660254,1,1,1
4.024243,-4,-21.28512,0,0,0,1,1,1,1
21.67084,-4,-9.919243,0.3535534,-0.1464466,0.3535534,0.8535534,1,1,1
-15.54788,-0.5670886,-30.79661,0,0,0,1,1,1,1
-8588003714277115583
3.306041,-4,19.71805,0,0,0,1,1,0.5,1
-14.67969,-4,-10.22116,0,0,0,1,0.5,0.5,0.5
21.41992,-4,9.638551,0,0.5,0,0.8660254,1,1,1
4.024243,-4,-21.28512,0,0,0,1,1,1,1
21.67084,-4,-9.919243,0.3535534,-0.1464466,0.3535534,0.8535534,1,1,1
-15.54788,-0.5670886,-30.79661,0,0,0,1,1,1,1
-8588003714276955574
3.306041,-4,19.71805,0,0,0,1,1,0.5,1
-14.67969,-4,-10.22116,0,0,0,1,0.5,0.5,0.5
21.41992,-4,9.638551,0,0.5,0,0.8660254,1,1,1
4.024243,-4,-21.28512,0,0,0,1,1,1,1
21.67084,-4,-9.919243,0.3535534,-0.1464466,0.3535534,0.8535534,1,1,1
-15.54788,-0.5670886,-30.79661,0,0,0,1,1,1,1
-8588003714276785565
3.306041,-4,19.71805,0,0,0,1,1,0.5,1
-14.67969,-4,-10.22116,0,0,0,1,0.5,0.5,0.5
21.41992,-4,9.638551,0,0.5,0,0.8660254,1,1,1
4.024243,-4,-21.28512,0,0,0,1,1,1,1
21.67084,-4,-9.919243,0.3535534,-0.1464466,0.3535534,0.8535534,1,1,1
-15.54788,-0.5670886,-30.79661,0,0,0,1,1,1,1
-8588003714276615555
3.306041,-4,19.71805,0,0,0,1,1,0.5,1
-14.67969,-4,-10.22116,0,0,0,1,0.5,0.5,0.5
21.41992,-4,9.638551,0,0.5,0,0.8660254,1,1,1
4.024243,-4,-21.28512,0,0,0,1,1,1,1
21.67084,-4,-9.919243,0.3535534,-0.1464466,0.3535534,0.8535534,1,1,1
-15.54788,-0.5670886,-30.79661,0,0,0,1,1,1,1
-8588003714276455546
3.306041,-4,19.71805,0,0,0,1,1,0.5,1
-14.67969,-4,-10.22116,0,0,0,1,0.5,0.5,0.5
21.41992,-4,9.638551,0,0.5,0,0.8660254,1,1,1
4.024243,-4,-21.28512,0,0,0,1,1,1,1
21.67084,-4,-9.919243,0.3535534,-0.1464466,0.3535534,0.8535534,1,1,1
-15.54788,-0.5670886,-30.79661,0,0,0,1,1,1,1
-8588003714276285536
3.306041,-4,19.71805,0,0,0,1,1,0.5,1
-14.67969,-4,-10.22116,0,0,0,1,0.5,0.5,0.5
21.41992,-4,9.638551,0,0.5,0,0.8660254,1,1,1
4.024243,-4,-21.28512,0,0,0,1,1,1,1
21.67084,-4,-9.919243,0.3535534,-0.1464466,0.3535534,0.8535534,1,1,1
-15.54788,-0.5670886,-30.79661,0,0,0,1,1,1,1
-8588003714276125527
3.306041,-4,19.71805,0,0,0,1,1,0.5,1
-14.67969,-4,-10.22116,0,0,0,1,0.5,0.5,0.5
21.41992,-4,9.638551,0,0.5,0,0.8660254,1,1,1
4.024243,-4,-21.28512,0,0,0,1,1,1,1
21.67084,-4,-9.919243,0.3535534,-0.1464466,0.3535534,0.8535534,1,1,1
-15.54788,-0.5670886,-30.79661,0,0,0,1,1,1,1
-8588003714275955517
3.306041,-4,19.71805,0,0,0,1,1,0.5,1
-14.67969,-4,-10.22116,0,0,0,1,0.5,0.5,0.5
21.41992,-4,9.638551,0,0.5,0,0.8660254,1,1,1
4.024243,-4,-21.28512,0,0,0,1,1,1,1
21.67084,-4,-9.919243,0.3535534,-0.1464466,0.3535534,0.8535534,1,1,1
-15.54788,-0.5670886,-30.79661,0,0,0,1,1,1,1
-8588003714275795508
3.306041,-4,19.71805,0,0,0,1,1,0.5,1
-14.67969,-4,-10.22116,0,0,0,1,0.5,0.5,0.5
21.41992,-4,9.638551,0,0.5,0,0.8660254,1,1,1
4.024243,-4,-21.28512,0,0,0,1,1,1,1
21.67084,-4,-9.919243,0.3535534,-0.1464466,0.3535534,0.8535534,1,1,1
-15.54788,-0.5670886,-30.79661,0,0,0,1,1,1,1
-8588003714275625498
3.306041,-4,19.71805,0,0,0,1,1,0.5,1
-14.67969,-4,-10.22116,0,0,0,1,0.5,0.5,0.5
21.41992,-4,9.638551,0,0.5,0,0.8660254,1,1,1
4.024243,-4,-21.28512,0,0,0,1,1,1,1
21.67084,-4,-9.919243,0.3535534,-0.1464466,0.3535534,0.8535534,1,1,1
-15.54788,-0.5670886,-30.79661,0,0,0,1,1,1,1
-8588003714275465489
3.306041,-4,19.71805,0,0,0,1,1,0.5,1
-14.67969,-4,-10.22116,0,0,0,1,0.5,0.5,0.5
21.41992,-4,9.638551,0,0.5,0,0.8660254,1,1,1
4.024243,-4,-21.28512,0,0,0,1,1,1,1
21.67084,-4,-9.919243,0.3535534,-0.1464466,0.3535534,0.8535534,1,1,1
-15.54788,-0.5670886,-30.79661,0,0,0,1,1,1,1
-8588003714275295479
3.306041,-4,19.71805,0,0,0,1,1,0.5,1
-14.67969,-4,-10.22116,0,0,0,1,0.5,0.5,0.5
21.41992,-4,9.638551,0,0.5,0,0.8660254,1,1,1
4.024243,-4,-21.28512,0,0,0,1,1,1,1
21.67084,-4,-9.919243,0.3535534,-0.1464466,0.3535534,0.8535534,1,1,1
-15.54788,-0.5670886,-30.79661,0,0,0,1,1,1,1
-8588003714275125470
3.306041,-4,19.71805,0,0,0,1,1,0.5,1
-14.67969,-4,-10.22116,0,0,0,1,0.5,0.5,0.5
21.41992,-4,9.638551,0,0.5,0,0.8660254,1,1,1
4.024243,-4,-21.28512,0,0,0,1,1,1,1
21.67084,-4,-9.919243,0.3535534,-0.1464466,0.3535534,0.8535534,1,1,1
-15.54788,-0.5670886,-30.79661,0,0,0,1,1,1,1
-8588003714274965460
3.306041,-4,19.71805,0,0,0,1,1,0.5,1
-14.67969,-4,-10.22116,0,0,0,1,0.5,0.5,0.5
21.41992,-4,9.638551,0,0.5,0,0.8660254,1,1,1
4.024243,-4,-21.28512,0,0,0,1,1,1,1
21.67084,-4,-9.919243,0.3535534,-0.1464466,0.3535534,0.8535534,1,1,1
-15.54788,-0.5670886,-30.79661,0,0,0,1,1,1,1
-8588003714274795451
3.306041,-4,19.71805,0,0,0,1,1,0.5,1
-14.67969,-4,-10.22116,0,0,0,1,0.5,0.5,0.5
21.41992,-4,9.638551,0,0.5,0,0.8660254,1,1,1
4.024243,-4,-21.28512,0,0,0,1,1,1,1
21.67084,-4,-9.919243,0.3535534,-0.1464466,0.3535534,0.8535534,1,1,1
-15.54788,-0.5670886,-30.79661,0,0,0,1,1,1,1
-8588003714274635442
3.306041,-4,19.71805,0,0,0,1,1,0.5,1
-14.67969,-4,-10.22116,0,0,0,1,0.5,0.5,0.5
21.41992,-4,9.638551,0,0.5,0,0.8660254,1,1,1
4.024243,-4,-21.28512,0,0,0,1,1,1,1
21.67084,-4,-9.919243,0.3535534,-0.1464466,0.3535534,0.8535534,1,1,1
-15.54788,-0.5670886,-30.79661,0,0,0,1,1,1,1
-8588003714274465432
3.306041,-4,19.71805,0,0,0,1,1,0.5,1
-14.67969,-4,-10.22116,0,0,0,1,0.5,0.5,0.5
21.41992,-4,9.638551,0,0.5,0,0.8660254,1,1,1
4.024243,-4,-21.28512,0,0,0,1,1,1,1
21.67084,-4,-9.919243,0.3535534,-0.1464466,0.3535534,0.8535534,1,1,1
-15.54788,-0.5670886,-30.79661,0,0,0,1,1,1,1
-8588003714274305423
3.306041,-4,19.71805,0,0,0,1,1,0.5,1
-14.67969,-4,-10.22116,0,0,0,1,0.5,0.5,0.5
21.41992,-4,9.638551,0,0.5,0,0.8660254,1,1,1
4.024243,-4,-21.28512,0,0,0,1,1,1,1
21.67084,-4,-9.919243,0.3535534,-0.1464466,0.3535534,0.8535534,1,1,1
-15.54788,-0.5670886,-30.79661,0,0,0,1,1,1,1
-8588003714274135413
3.306041,-4,19.71805,0,0,0,1,1,0.5,1
-14.67969,-4,-10.22116,0,0,0,1,0.5,0.5,0.5
21.41992,-4,9.638551,0,0.5,0,0.8660254,1,1,1
4.024243,-4,-21.28512,0,0,0,1,1,1,1
21.67084,-4,-9.919243,0.3535534,-0.1464466,0.3535534,0.8535534,1,1,1
-15.54788,-0.5670886,-30.79661,0,0,0,1,1,1,1
-8588003714273965403
3.306041,-4,19.71805,0,0,0,1,1,0.5,1
-14.67969,-4,-10.22116,0,0,0,1,0.5,0.5,0.5
21.41992,-4,9.638551,0,0.5,0,0.8660254,1,1,1
4.024243,-4,-21.28512,0,0,0,1,1,1,1
21.67084,-4,-9.919243,0.3535534,-0.1464466,0.3535534,0.8535534,1,1,1
-15.54788,-0.5670886,-30.79661,0,0,0,1,1,1,1
-8588003714273805394
3.306041,-4,19.71805,0,0,0,1,1,0.5,1
-14.67969,-4,-10.22116,0,0,0,1,0.5,0.5,0.5
21.41992,-4,9.638551,0,0.5,0,0.8660254,1,1,1
4.024243,-4,-21.28512,0,0,0,1,1,1,1
21.67084,-4,-9.919243,0.3535534,-0.1464466,0.3535534,0.8535534,1,1,1
-15.54788,-0.5670886,-30.79661,0,0,0,1,1,1,1
-8588003714273635384
3.306041,-4,19.71805,0,0,0,1,1,0.5,1
-14.67969,-4,-10.22116,0,0,0,1,0.5,0.5,0.5
21.41992,-4,9.638551,0,0.5,0,0.8660254,1,1,1
4.024243,-4,-21.28512,0,0,0,1,1,1,1
21.67084,-4,-9.919243,0.3535534,-0.1464466,0.3535534,0.8535534,1,1,1
-15.54788,-0.5670886,-30.79661,0,0,0,1,1,1,1
-8588003714273475375
3.306041,-4,19.71805,0,0,0,1,1,0.5,1
-14.67969,-4,-10.22116,0,0,0,1,0.5,0.5,0.5
21.41992,-4,9.638551,0,0.5,0,0.8660254,1,1,1
4.024243,-4,-21.28512,0,0,0,1,1,1,1
21.67084,-4,-9.919243,0.3535534,-0.1464466,0.3535534,0.8535534,1,1,1
-15.54788,-0.5670886,-30.79661,0,0,0,1,1,1,1
-8588003714273305366
3.306041,-4,19.71805,0,0,0,1,1,0.5,1
-14.67969,-4,-10.22116,0,0,0,1,0.5,0.5,0.5
21.41992,-4,9.638551,0,0.5,0,0.8660254,1,1,1
4.024243,-4,-21.28512,0,0,0,1,1,1,1
21.67084,-4,-9.919243,0.3535534,-0.1464466,0.3535534,0.8535534,1,1,1
-15.54788,-0.5670886,-30.79661,0,0,0,1,1,1,1
-8588003714273145356
3.306041,-4,19.71805,0,0,0,1,1,0.5,1
-14.67969,-4,-10.22116,0,0,0,1,0.5,0.5,0.5
21.41992,-4,9.638551,0,0.5,0,0.8660254,1,1,1
4.024243,-4,-21.28512,0,0,0,1,1,1,1
21.67084,-4,-9.919243,0.3535534,-0.1464466,0.3535534,0.8535534,1,1,1
-15.54788,-0.5670886,-30.79661,0,0,0,1,1,1,1
-8588003714272975347
3.306041,-4,19.71805,0,0,0,1,1,0.5,1
-14.67969,-4,-10.22116,0,0,0,1,0.5,0.5,0.5
21.41992,-4,9.638551,0,0.5,0,0.8660254,1,1,1
4.024243,-4,-21.28512,0,0,0,1,1,1,1
21.67084,-4,-9.919243,0.3535534,-0.1464466,0.3535534,0.8535534,1,1,1
-15.54788,-0.5670886,-30.79661,0,0,0,1,1,1,1
-8588003714272815337
3.306041,-4,19.71805,0,0,0,1,1,0.5,1
-14.67969,-4,-10.22116,0,0,0,1,0.5,0.5,0.5
21.41992,-4,9.638551,0,0.5,0,0.8660254,1,1,1
4.024243,-4,-21.28512,0,0,0,1,1,1,1
21.67084,-4,-9.919243,0.3535534,-0.1464466,0.3535534,0.8535534,1,1,1
-15.54788,-0.5670886,-30.79661,0,0,0,1,1,1,1
-8588003714272645328
3.306041,-4,19.71805,0,0,0,1,1,0.5,1
-14.67969,-4,-10.22116,0,0,0,1,0.5,0.5,0.5
21.41992,-4,9.638551,0,0.5,0,0.8660254,1,1,1
4.024243,-4,-21.28512,0,0,0,1,1,1,1
21.67084,-4,-9.919243,0.3535534,-0.1464466,0.3535534,0.8535534,1,1,1
-15.54788,-0.5670886,-30.79661,0,0,0,1,1,1,1
-8588003714272485319
3.306041,-4,19.71805,0,0,0,1,1,0.5,1
-14.67969,-4,-10.22116,0,0,0,1,0.5,0.5,0.5
21.41992,-4,9.638551,0,0.5,0,0.8660254,1,1,1
4.024243,-4,-21.28512,0,0,0,1,1,1,1
21.67084,-4,-9.919243,0.3535534,-0.1464466,0.3535534,0.8535534,1,1,1
-15.54788,-0.5670886,-30.79661,0,0,0,1,1,1,1
-8588003714272315309
3.306041,-4,19.71805,0,0,0,1,1,0.5,1
-14.67969,-4,-10.22116,0,0,0,1,0.5,0.5,0.5
21.41992,-4,9.638551,0,0.5,0,0.8660254,1,1,1
4.024243,-4,-21.28512,0,0,0,1,1,1,1
21.67084,-4,-9.919243,0.3535534,-0.1464466,0.3535534,0.8535534,1,1,1
-15.54788,-0.5670886,-30.79661,0,0,0,1,1,1,1
-8588003714272145299
3.306041,-4,19.71805,0,0,0,1,1,0.5,1
-14.67969,-4,-10.22116,0,0,0,1,0.5,0.5,0.5
21.41992,-4,9.638551,0,0.5,0,0.8660254,1,1,1
4.024243,-4,-21.28512,0,0,0,1,1,1,1
21.67084,-4,-9.919243,0.3535534,-0.1464466,0.3535534,0.8535534,1,1,1
-15.54788,-0.5670886,-30.79661,0,0,0,1,1,1,1
-8588003714271985290
3.306041,-4,19.71805,0,0,0,1,1,0.5,1
-14.67969,-4,-10.22116,0,0,0,1,0.5,0.5,0.5
21.41992,-4,9.638551,0,0.5,0,0.8660254,1,1,1
4.024243,-4,-21.28512,0,0,0,1,1,1,1
21.67084,-4,-9.919243,0.3535534,-0.1464466,0.3535534,0.8535534,1,1,1
-15.54788,-0.5670886,-30.79661,0,0,0,1,1,1,1
-8588003714271815280
3.306041,-4,19.71805,0,0,0,1,1,0.5,1
-14.67969,-4,-10.22116,0,0,0,1,0.5,0.5,0.5
21.41992,-4,9.638551,0,0.5,0,0.8660254,1,1,1
4.024243,-4,-21.28512,0,0,0,1,1,1,1
21.67084,-4,-9.919243,0.3535534,-0.1464466,0.3535534,0.8535534,1,1,1
-15.54788,-0.5670886,-30.79661,0,0,0,1,1,1,1
-8588003714271645271
3.306041,-4,19.71805,0,0,0,1,1,0.5,1
-14.67969,-4,-10.22116,0,0,0,1,0.5,0.5,0.5
21.41992,-4,9.638551,0,0.5,0,0.8660254,1,1,1
4.024243,-4,-21.28512,0,0,0,1,1,1,1
21.67084,-4,-9.919243,0.3535534,-0.1464466,0.3535534,0.8535534,1,1,1
-15.54788,-0.5670886,-30.79661,0,0,0,1,1,1,1
-8588003714271485261
3.306041,-4,19.71805,0,0,0,1,1,0.5,1
-14.67969,-4,-10.22116,0,0,0,1,0.5,0.5,0.5
21.41992,-4,9.638551,0,0.5,0,0.8660254,1,1,1
4.024243,-4,-21.28512,0,0,0,1,1,1,1
21.67084,-4,-9.919243,0.3535534,-0.1464466,0.3535534,0.8535534,1,1,1
-15.54788,-0.5670886,-30.79661,0,0,0,1,1,1,1
-8588003714271315252
3.306041,-4,19.71805,0,0,0,1,1,0.5,1
-14.67969,-4,-10.22116,0,0,0,1,0.5,0.5,0.5
21.41992,-4,9.638551,0,0.5,0,0.8660254,1,1,1
4.024243,-4,-21.28512,0,0,0,1,1,1,1
21.67084,-4,-9.919243,0.3535534,-0.1464466,0.3535534,0.8535534,1,1,1
-15.54788,-0.5670886,-30.79661,0,0,0,1,1,1,1
-8588003714271155243
3.306041,-4,19.71805,0,0,0,1,1,0.5,1
-14.67969,-4,-10.22116,0,0,0,1,0.5,0.5,0.5
21.41992,-4,9.638551,0,0.5,0,0.8660254,1,1,1
4.024243,-4,-21.28512,0,0,0,1,1,1,1
21.67084,-4,-9.919243,0.3535534,-0.1464466,0.3535534,0.8535534,1,1,1
-15.54788,-0.5670886,-30.79661,0,0,0,1,1,1,1
-8588003714270985233
3.306041,-4,19.71805,0,0,0,1,1,0.5,1
-14.67969,-4,-10.22116,0,0,0,1,0.5,0.5,0.5
21.41992,-4,9.638551,0,0.5,0,0.8660254,1,1,1
4.024243,-4,-21.28512,0,0,0,1,1,1,1
21.67084,-4,-9.919243,0.3535534,-0.1464466,0.3535534,0.8535534,1,1,1
-15.54788,-0.5670886,-30.79661,0,0,0,1,1,1,1
-8588003714270825224
3.306041,-4,19.71805,0,0,0,1,1,0.5,1
-14.67969,-4,-10.22116,0,0,0,1,0.5,0.5,0.5
21.41992,-4,9.638551,0,0.5,0,0.8660254,1,1,1
4.024243,-4,-21.28512,0,0,0,1,1,1,1
21.67084,-4,-9.919243,0.3535534,-0.1464466,0.3535534,0.8535534,1,1,1
-15.54788,-0.5670886,-30.79661,0,0,0,1,1,1,1
-8588003714270655214
3.306041,-4,19.71805,0,0,0,1,1,0.5,1
-14.67969,-4,-10.22116,0,0,0,1,0.5,0.5,0.5
21.41992,-4,9.638551,0,0.5,0,0.8660254,1,1,1
4.024243,-4,-21.28512,0,0,0,1,1,1,1
21.67084,-4,-9.919243,0.3535534,-0.1464466,0.3535534,0.8535534,1,1,1
-15.54788,-0.5670886,-30.79661,0,0,0,1,1,1,1
-8588003714270495205
3.306041,-4,19.71805,0,0,0,1,1,0.5,1
-14.67969,-4,-10.22116,0,0,0,1,0.5,0.5,0.5
21.41992,-4,9.638551,0,0.5,0,0.8660254,1,1,1
4.024243,-4,-21.28512,0,0,0,1,1,1,1
21.67084,-4,-9.919243,0.3535534,-0.1464466,0.3535534,0.8535534,1,1,1
-15.54788,-0.5670886,-30.79661,0,0,0,1,1,1,1
-8588003714270325195
3.306041,-4,19.71805,0,0,0,1,1,0.5,1
-14.67969,-4,-10.22116,0,0,0,1,0.5,0.5,0.5
21.41992,-4,9.638551,0,0.5,0,0.8660254,1,1,1
4.024243,-4,-21.28512,0,0,0,1,1,1,1
21.67084,-4,-9.919243,0.3535534,-0.1464466,0.3535534,0.8535534,1,1,1
-15.54788,-0.5670886,-30.79661,0,0,0,1,1,1,1
-8588003714270155185
3.306041,-4,19.71805,0,0,0,1,1,0.5,1
-14.67969,-4,-10.22116,0,0,0,1,0.5,0.5,0.5
21.41992,-4,9.638551,0,0.5,0,0.8660254,1,1,1
4.024243,-4,-21.28512,0,0,0,1,1,1,1
21.67084,-4,-9.919243,0.3535534,-0.1464466,0.3535534,0.8535534,1,1,1
-15.54788,-0.5670886,-30.79661,0,0,0,1,1,1,1
-8588003714269995176
3.306041,-4,19.71805,0,0,0,1,1,0.5,1
-14.67969,-4,-10.22116,0,0,0,1,0.5,0.5,0.5
21.41992,-4,9.638551,0,0.5,0,0.8660254,1,1,1
4.024243,-4,-21.28512,0,0,0,1,1,1,1
21.67084,-4,-9.919243,0.3535534,-0.1464466,0.3535534,0.8535534,1,1,1
-15.54788,-0.5670886,-30.79661,0,0,0,1,1,1,1
-8588003714269825166
3.306041,-4,19.71805,0,0,0,1,1,0.5,1
-14.67969,-4,-10.22116,0,0,0,1,0.5,0.5,0.5
21.41992,-4,9.638551,0,0.5,0,0.8660254,1,1,1
4.024243,-4,-21.28512,0,0,0,1,1,1,1
21.67084,-4,-9.919243,0.3535534,-0.1464466,0.3535534,0.8535534,1,1,1
-15.54788,-0.5670886,-30.79661,0,0,0,1,1,1,1
-8588003714269665157
3.306041,-4,19.71805,0,0,0,1,1,0.5,1
-14.67969,-4,-10.22116,0,0,0,1,0.5,0.5,0.5
21.41992,-4,9.638551,0,0.5,0,0.8660254,1,1,1
4.024243,-4,-21.28512,0,0,0,1,1,1,1
21.67084,-4,-9.919243,0.3535534,-0.1464466,0.3535534,0.8535534,1,1,1
-15.54788,-0.5670886,-30.79661,0,0,0,1,1,1,1
-8588003714269495148
3.306041,-4,19.71805,0,0,0,1,1,0.5,1
-14.67969,-4,-10.22116,0,0,0,1,0.5,0.5,0.5
21.41992,-4,9.638551,0,0.5,0,0.8660254,1,1,1
4.024243,-4,-21.28512,0,0,0,1,1,1,1
21.67084,-4,-9.919243,0.3535534,-0.1464466,0.3535534,0.8535534,1,1,1
-15.54788,-0.5670886,-30.79661,0,0,0,1,1,1,1
-8588003714269335138
3.306041,-4,19.71805,0,0,0,1,1,0.5,1
-14.67969,-4,-10.22116,0,0,0,1,0.5,0.5,0.5
21.41992,-4,9.638551,0,0.5,0,0.8660254,1,1,1
4.024243,-4,-21.28512,0,0,0,1,1,1,1
21.67084,-4,-9.919243,0.3535534,-0.1464466,0.3535534,0.8535534,1,1,1
-15.54788,-0.5670886,-30.79661,0,0,0,1,1,1,1
-8588003714269165129
3.306041,-4,19.71805,0,0,0,1,1,0.5,1
-14.67969,-4,-10.22116,0,0,0,1,0.5,0.5,0.5
21.41992,-4,9.638551,0,0.5,0,0.8660254,1,1,1
4.024243,-4,-21.28512,0,0,0,1,1,1,1
21.67084,-4,-9.919243,0.3535534,-0.1464466,0.3535534,0.8535534,1,1,1
-15.54788,-0.5670886,-30.79661,0,0,0,1,1,1,1
-8588003714269005120
3.306041,-4,19.71805,0,0,0,1,1,0.5,1
-14.67969,-4,-10.22116,0,0,0,1,0.5,0.5,0.5
21.41992,-4,9.638551,0,0.5,0,0.8660254,1,1,1
4.024243,-4,-21.28512,0,0,0,1,1,1,1
21.67084,-4,-9.919243,0.3535534,-0.1464466,0.3535534,0.8535534,1,1,1
-15.54788,-0.5670886,-30.79661,0,0,0,1,1,1,1
-8588003714268835110
3.306041,-4,19.71805,0,0,0,1,1,0.5,1
-14.67969,-4,-10.22116,0,0,0,1,0.5,0.5,0.5
21.41992,-4,9.638551,0,0.5,0,0.8660254,1,1,1
4.024243,-4,-21.28512,0,0,0,1,1,1,1
21.67084,-4,-9.919243,0.3535534,-0.1464466,0.3535534,0.8535534,1,1,1
-15.54788,-0.5670886,-30.79661,0,0,0,1,1,1,1
-8588003714268665100
3.306041,-4,19.71805,0,0,0,1,1,0.5,1
-14.67969,-4,-10.22116,0,0,0,1,0.5,0.5,0.5
21.41992,-4,9.638551,0,0.5,0,0.8660254,1,1,1
4.024243,-4,-21.28512,0,0,0,1,1,1,1
21.67084,-4,-9.919243,0.3535534,-0.1464466,0.3535534,0.8535534,1,1,1
-15.54788,-0.5670886,-30.79661,0,0,0,1,1,1,1
-8588003714268505091
3.306041,-4,19.71805,0,0,0,1,1,0.5,1
-14.67969,-4,-10.22116,0,0,0,1,0.5,0.5,0.5
21.41992,-4,9.638551,0,0.5,0,0.8660254,1,1,1
4.024243,-4,-21.28512,0,0,0,1,1,1,1
21.67084,-4,-9.919243,0.3535534,-0.1464466,0.3535534,0.8535534,1,1,1
-15.54788,-0.5670886,-30.79661,0,0,0,1,1,1,1
-8588003714268335081
3.306041,-4,19.71805,0,0,0,1,1,0.5,1
-14.67969,-4,-10.22116,0,0,0,1,0.5,0.5,0.5
21.41992,-4,9.638551,0,0.5,0,0.8660254,1,1,1
4.024243,-4,-21.28512,0,0,0,1,1,1,1
21.67084,-4,-9.919243,0.3535534,-0.1464466,0.3535534,0.8535534,1,1,1
-15.54788,-0.5670886,-30.79661,0,0,0,1,1,1,1
-8588003714268175072
3.306041,-4,19.71805,0,0,0,1,1,0.5,1
-14.67969,-4,-10.22116,0,0,0,1,0.5,0.5,0.5
21.41992,-4,9.638551,0,0.5,0,0.8660254,1,1,1
4.024243,-4,-21.28512,0,0,0,1,1,1,1
21.67084,-4,-9.919243,0.3535534,-0.1464466,0.3535534,0.8535534,1,1,1
-15.54788,-0.5670886,-30.79661,0,0,0,1,1,1,1
-8588003714268005062
3.306041,-4,19.71805,0,0,0,1,1,0.5,1
-14.67969,-4,-10.22116,0,0,0,1,0.5,0.5,0.5
21.41992,-4,9.638551,0,0.5,0,0.8660254,1,1,1
4.024243,-4,-21.28512,0,0,0,1,1,1,1
21.67084,-4,-9.919243,0.3535534,-0.1464466,0.3535534,0.8535534,1,1,1
-15.54788,-0.5670886,-30.79661,0,0,0,1,1,1,1
-8588003714267835053
3.306041,-4,19.71805,0,0,0,1,1,0.5,1
-14.67969,-4,-10.22116,0,0,0,1,0.5,0.5,0.5
21.41992,-4,9.638551,0,0.5,0,0.8660254,1,1,1
4.024243,-4,-21.28512,0,0,0,1,1,1,1
21.67084,-4,-9.919243,0.3535534,-0.1464466,0.3535534,0.8535534,1,1,1
-15.54788,-0.5670886,-30.79661,0,0,0,1,1,1,1
-8588003714267675043
3.306041,-4,19.71805,0,0,0,1,1,0.5,1
-14.67969,-4,-10.22116,0,0,0,1,0.5,0.5,0.5
21.41992,-4,9.638551,0,0.5,0,0.8660254,1,1,1
4.024243,-4,-21.28512,0,0,0,1,1,1,1
21.67084,-4,-9.919243,0.3535534,-0.1464466,0.3535534,0.8535534,1,1,1
-15.54788,-0.5670886,-30.79661,0,0,0,1,1,1,1
-8588003714267515034
3.306041,-4,19.71805,0,0,0,1,1,0.5,1
-14.67969,-4,-10.22116,0,0,0,1,0.5,0.5,0.5
21.41992,-4,9.638551,0,0.5,0,0.8660254,1,1,1
4.024243,-4,-21.28512,0,0,0,1,1,1,1
21.67084,-4,-9.919243,0.3535534,-0.1464466,0.3535534,0.8535534,1,1,1
-15.54788,-0.5670886,-30.79661,0,0,0,1,1,1,1
-8588003714267345025
3.306041,-4,19.71805,0,0,0,1,1,0.5,1
-14.67969,-4,-10.22116,0,0,0,1,0.5,0.5,0.5
21.41992,-4,9.638551,0,0.5,0,0.8660254,1,1,1
4.024243,-4,-21.28512,0,0,0,1,1,1,1
21.67084,-4,-9.919243,0.3535534,-0.1464466,0.3535534,0.8535534,1,1,1
-15.54788,-0.5670886,-30.79661,0,0,0,1,1,1,1
-8588003714267175015
3.306041,-4,19.71805,0,0,0,1,1,0.5,1
-14.67969,-4,-10.22116,0,0,0,1,0.5,0.5,0.5
21.41992,-4,9.638551,0,0.5,0,0.8660254,1,1,1
4.024243,-4,-21.28512,0,0,0,1,1,1,1
21.67084,-4,-9.919243,0.3535534,-0.1464466,0.3535534,0.8535534,1,1,1
-15.54788,-0.5670886,-30.79661,0,0,0,1,1,1,1
-8588003714267015006
3.306041,-4,19.71805,0,0,0,1,1,0.5,1
-14.67969,-4,-10.22116,0,0,0,1,0.5,0.5,0.5
21.41992,-4,9.638551,0,0.5,0,0.8660254,1,1,1
4.024243,-4,-21.28512,0,0,0,1,1,1,1
21.67084,-4,-9.919243,0.3535534,-0.1464466,0.3535534,0.8535534,1,1,1
-15.54788,-0.5670886,-30.79661,0,0,0,1,1,1,1
-8588003714266844996
3.306041,-4,19.71805,0,0,0,1,1,0.5,1
-14.67969,-4,-10.22116,0,0,0,1,0.5,0.5,0.5
21.41992,-4,9.638551,0,0.5,0,0.8660254,1,1,1
4.024243,-4,-21.28512,0,0,0,1,1,1,1
21.67084,-4,-9.919243,0.3535534,-0.1464466,0.3535534,0.8535534,1,1,1
-15.54788,-0.5670886,-30.79661,0,0,0,1,1,1,1
-8588003714266684987
3.306041,-4,19.71805,0,0,0,1,1,0.5,1
-14.67969,-4,-10.22116,0,0,0,1,0.5,0.5,0.5
21.41992,-4,9.638551,0,0.5,0,0.8660254,1,1,1
4.024243,-4,-21.28512,0,0,0,1,1,1,1
21.67084,-4,-9.919243,0.3535534,-0.1464466,0.3535534,0.8535534,1,1,1
-15.54788,-0.5670886,-30.79661,0,0,0,1,1,1,1
-8588003714266514977
3.306041,-4,19.71805,0,0,0,1,1,0.5,1
-14.67969,-4,-10.22116,0,0,0,1,0.5,0.5,0.5
21.41992,-4,9.638551,0,0.5,0,0.8660254,1,1,1
4.024243,-4,-21.28512,0,0,0,1,1,1,1
21.67084,-4,-9.919243,0.3535534,-0.1464466,0.3535534,0.8535534,1,1,1
-15.54788,-0.5670886,-30.79661,0,0,0,1,1,1,1
