-8588014325487190798
3.306041,-4,19.71805,0,0,0,1,1,0.5,1
-14.67969,-4,-10.22116,0,0,0,1,0.5,0.5,0.5
21.41992,-4,9.638551,0,0.5,0,0.8660254,1,1,1
4.024243,-4,-21.28512,0,0,0,1,1,1,1
21.67084,-4,-9.919243,0.3535534,-0.1464466,0.3535534,0.8535534,1,1,1
-15.54788,-0.5670886,-30.79661,0,0,0,1,1,1,1
-8588014325486239308
3.306041,-4,19.71805,0,0,0,1,1,0.5,1
-14.67969,-4,-10.22116,0,0,0,1,0.5,0.5,0.5
21.41992,-4,9.638551,0,0.5,0,0.8660254,1,1,1
4.024243,-4,-21.28512,0,0,0,1,1,1,1
21.67084,-4,-9.919243,0.3535534,-0.1464466,0.3535534,0.8535534,1,1,1
-15.54788,-0.5670886,-30.79661,0,0,0,1,1,1,1
-8588014325482788928
3.306041,-4,19.71805,0,0,0,1,1,0.5,1
-14.67969,-4,-10.22116,0,0,0,1,0.5,0.5,0.5
21.41992,-4,9.638551,0,0.5,0,0.8660254,1,1,1
4.024243,-4,-21.28512,0,0,0,1,1,1,1
21.67084,-4,-9.919243,0.3535534,-0.1464466,0.3535534,0.8535534,1,1,1
-15.54788,-0.5670886,-30.79661,0,0,0,1,1,1,1
-8588014325482401718
3.306041,-4,19.71805,0,0,0,1,1,0.5,1
-14.67969,-4,-10.22116,0,0,0,1,0.5,0.5,0.5
21.41992,-4,9.638551,0,0.5,0,0.8660254,1,1,1
4.024243,-4,-21.28512,0,0,0,1,1,1,1
21.67084,-4,-9.919243,0.3535534,-0.1464466,0.3535534,0.8535534,1,1,1
-15.54788,-0.5670886,-30.79661,0,0,0,1,1,1,1
-8588014325482234048
3.306041,-4,19.71805,0,0,0,1,1,0.5,1
-14.67969,-4,-10.22116,0,0,0,1,0.5,0.5,0.5
21.41992,-4,9.638551,0,0.5,0,0.8660254,1,1,1
4.024243,-4,-21.28512,0,0,0,1,1,1,1
21.67084,-4,-9.919243,0.3535534,-0.1464466,0.3535534,0.8535534,1,1,1
-15.54788,-0.5670886,-30.79661,0,0,0,1,1,1,1
-8588014325482069138
3.306041,-4,19.71805,0,0,0,1,1,0.5,1
-14.67969,-4,-10.22116,0,0,0,1,0.5,0.5,0.5
21.41992,-4,9.638551,0,0.5,0,0.8660254,1,1,1
4.024243,-4,-21.28512,0,0,0,1,1,1,1
21.67084,-4,-9.919243,0.3535534,-0.1464466,0.3535534,0.8535534,1,1,1
-15.54788,-0.5670886,-30.79661,0,0,0,1,1,1,1
-8588014325481896998
3.306041,-4,19.71805,0,0,0,1,1,0.5,1
-14.67969,-4,-10.22116,0,0,0,1,0.5,0.5,0.5
21.41992,-4,9.638551,0,0.5,0,0.8660254,1,1,1
4.024243,-4,-21.28512,0,0,0,1,1,1,1
21.67084,-4,-9.919243,0.3535534,-0.1464466,0.3535534,0.8535534,1,1,1
-15.54788,-0.5670886,-30.79661,0,0,0,1,1,1,1
-8588014325481731078
3.306041,-4,19.71805,0,0,0,1,1,0.5,1
-14.67969,-4,-10.22116,0,0,0,1,0.5,0.5,0.5
21.41992,-4,9.638551,0,0.5,0,0.8660254,1,1,1
4.024243,-4,-21.28512,0,0,0,1,1,1,1
21.67084,-4,-9.919243,0.3535534,-0.1464466,0.3535534,0.8535534,1,1,1
-15.54788,-0.5670886,-30.79661,0,0,0,1,1,1,1
-8588014325481566408
3.306041,-4,19.71805,0,0,0,1,1,0.5,1
-14.67969,-4,-10.22116,0,0,0,1,0.5,0.5,0.5
21.41992,-4,9.638551,0,0.5,0,0.8660254,1,1,1
4.024243,-4,-21.28512,0,0,0,1,1,1,1
21.67084,-4,-9.919243,0.3535534,-0.1464466,0.3535534,0.8535534,1,1,1
-15.54788,-0.5670886,-30.79661,0,0,0,1,1,1,1
-8588014325481408178
3.306041,-4,19.71805,0,0,0,1,1,0.5,1
-14.67969,-4,-10.22116,0,0,0,1,0.5,0.5,0.5
21.41992,-4,9.638551,0,0.5,0,0.8660254,1,1,1
4.024243,-4,-21.28512,0,0,0,1,1,1,1
21.67084,-4,-9.919243,0.3535534,-0.1464466,0.3535534,0.8535534,1,1,1
-15.54788,-0.5670886,-30.79661,0,0,0,1,1,1,1
-8588014325481231078
3.306041,-4,19.71805,0,0,0,1,1,0.5,1
-14.67969,-4,-10.22116,0,0,0,1,0.5,0.5,0.5
21.41992,-4,9.638551,0,0.5,0,0.8660254,1,1,1
4.024243,-4,-21.28512,0,0,0,1,1,1,1
21.67084,-4,-9.919243,0.3535534,-0.1464466,0.3535534,0.8535534,1,1,1
-15.54788,-0.5670886,-30.79661,0,0,0,1,1,1,1
-8588014325481071848
3.306041,-4,19.71805,0,0,0,1,1,0.5,1
-14.67969,-4,-10.22116,0,0,0,1,0.5,0.5,0.5
21.41992,-4,9.638551,0,0.5,0,0.8660254,1,1,1
4.024243,-4,-21.28512,0,0,0,1,1,1,1
21.67084,-4,-9.919243,0.3535534,-0.1464466,0.3535534,0.8535534,1,1,1
-15.54788,-0.5670886,-30.79661,0,0,0,1,1,1,1
-8588014325480909498
3.306041,-4,19.71805,0,0,0,1,1,0.5,1
-14.67969,-4,-10.22116,0,0,0,1,0.5,0.5,0.5
21.41992,-4,9.638551,0,0.5,0,0.8660254,1,1,1
4.024243,-4,-21.28512,0,0,0,1,1,1,1
21.67084,-4,-9.919243,0.3535534,-0.1464466,0.3535534,0.8535534,1,1,1
-15.54788,-0.5670886,-30.79661,0,0,0,1,1,1,1
-8588014325480683548
3.306041,-4,19.71805,0,0,0,1,1,0.5,1
-14.67969,-4,-10.22116,0,0,0,1,0.5,0.5,0.5
21.41992,-4,9.638551,0,0.5,0,0.8660254,1,1,1
4.024243,-4,-21.28512,0,0,0,1,1,1,1
21.67084,-4,-9.919243,0.3535534,-0.1464466,0.3535534,0.8535534,1,1,1
-15.54788,-0.5670886,-30.79661,0,0,0,1,1,1,1
-8588014325480484098
3.306041,-4,19.71805,0,0,0,1,1,0.5,1
-14.67969,-4,-10.22116,0,0,0,1,0.5,0.5,0.5
21.41992,-4,9.638551,0,0.5,0,0.8660254,1,1,1
4.024243,-4,-21.28512,0,0,0,1,1,1,1
21.67084,-4,-9.919243,0.3535534,-0.1464466,0.3535534,0.8535534,1,1,1
-15.54788,-0.5670886,-30.79661,0,0,0,1,1,1,1
-8588014325480317648
3.306041,-4,19.71805,0,0,0,1,1,0.5,1
-14.67969,-4,-10.22116,0,0,0,1,0.5,0.5,0.5
21.41992,-4,9.638551,0,0.5,0,0.8660254,1,1,1
4.024243,-4,-21.28512,0,0,0,1,1,1,1
21.67084,-4,-9.919243,0.3535534,-0.1464466,0.3535534,0.8535534,1,1,1
-15.54788,-0.5670886,-30.79661,0,0,0,1,1,1,1
-8588014325480151648
3.306041,-4,19.71805,0,0,0,1,1,0.5,1
-14.67969,-4,-10.22116,0,0,0,1,0.5,0.5,0.5
21.41992,-4,9.638551,0,0.5,0,0.8660254,1,1,1
4.024243,-4,-21.28512,0,0,0,1,1,1,1
21.67084,-4,-9.919243,0.3535534,-0.1464466,0.3535534,0.8535534,1,1,1
-15.54788,-0.5670886,-30.79661,0,0,0,1,1,1,1
-8588014325479954538
3.306041,-4,19.71805,0,0,0,1,1,0.5,1
-14.67969,-4,-10.22116,0,0,0,1,0.5,0.5,0.5
21.41992,-4,9.638551,0,0.5,0,0.8660254,1,1,1
4.024243,-4,-21.28512,0,0,0,1,1,1,1
21.67084,-4,-9.919243,0.3535534,-0.1464466,0.3535534,0.8535534,1,1,1
-15.54788,-0.5670886,-30.79661,0,0,0,1,1,1,1
-8588014325479787448
3.306041,-4,19.71805,0,0,0,1,1,0.5,1
-14.67969,-4,-10.22116,0,0,0,1,0.5,0.5,0.5
21.41992,-4,9.638551,0,0.5,0,0.8660254,1,1,1
4.024243,-4,-21.28512,0,0,0,1,1,1,1
21.67084,-4,-9.919243,0.3535534,-0.1464466,0.3535534,0.8535534,1,1,1
-15.54788,-0.5670886,-30.79661,0,0,0,1,1,1,1
-8588014325479623728
3.306041,-4,19.71805,0,0,0,1,1,0.5,1
-14.67969,-4,-10.22116,0,0,0,1,0.5,0.5,0.5
21.41992,-4,9.638551,0,0.5,0,0.8660254,1,1,1
4.024243,-4,-21.28512,0,0,0,1,1,1,1
21.67084,-4,-9.919243,0.3535534,-0.1464466,0.3535534,0.8535534,1,1,1
-15.54788,-0.5670886,-30.79661,0,0,0,1,1,1,1
-8588014325479456668
3.306041,-4,19.71805,0,0,0,1,1,0.5,1
-14.67969,-4,-10.22116,0,0,0,1,0.5,0.5,0.5
21.41992,-4,9.638551,0,0.5,0,0.8660254,1,1,1
4.024243,-4,-21.28512,0,0,0,1,1,1,1
21.67084,-4,-9.919243,0.3535534,-0.1464466,0.3535534,0.8535534,1,1,1
-15.54788,-0.5670886,-30.79661,0,0,0,1,1,1,1
-8588014325479290518
3.306041,-4,19.71805,0,0,0,1,1,0.5,1
-14.67969,-4,-10.22116,0,0,0,1,0.5,0.5,0.5
21.41992,-4,9.638551,0,0.5,0,0.8660254,1,1,1
4.024243,-4,-21.28512,0,0,0,1,1,1,1
21.67084,-4,-9.919243,0.3535534,-0.1464466,0.3535534,0.8535534,1,1,1
-15.54788,-0.5670886,-30.79661,0,0,0,1,1,1,1
-8588014325479126038
3.306041,-4,19.71805,0,0,0,1,1,0.5,1
-14.67969,-4,-10.22116,0,0,0,1,0.5,0.5,0.5
21.41992,-4,9.638551,0,0.5,0,0.8660254,1,1,1
4.024243,-4,-21.28512,0,0,0,1,1,1,1
21.67084,-4,-9.919243,0.3535534,-0.1464466,0.3535534,0.8535534,1,1,1
-15.54788,-0.5670886,-30.79661,0,0,0,1,1,1,1
-8588014325478954898
3.306041,-4,19.71805,0,0,0,1,1,0.5,1
-14.67969,-4,-10.22116,0,0,0,1,0.5,0.5,0.5
21.41992,-4,9.638551,0,0.5,0,0.8660254,1,1,1
4.024243,-4,-21.28512,0,0,0,1,1,1,1
21.67084,-4,-9.919243,0.3535534,-0.1464466,0.3535534,0.8535534,1,1,1
-15.54788,-0.5670886,-30.79661,0,0,0,1,1,1,1
-8588014325478787708
3.306041,-4,19.71805,0,0,0,1,1,0.5,1
-14.67969,-4,-10.22116,0,0,0,1,0.5,0.5,0.5
21.41992,-4,9.638551,0,0.5,0,0.8660254,1,1,1
4.024243,-4,-21.28512,0,0,0,1,1,1,1
21.67084,-4,-9.919243,0.3535534,-0.1464466,0.3535534,0.8535534,1,1,1
-15.54788,-0.5670886,-30.79661,0,0,0,1,1,1,1
-8588014325478622078
3.306041,-4,19.71805,0,0,0,1,1,0.5,1
-14.67969,-4,-10.22116,0,0,0,1,0.5,0.5,0.5
21.41992,-4,9.638551,0,0.5,0,0.8660254,1,1,1
4.024243,-4,-21.28512,0,0,0,1,1,1,1
21.67084,-4,-9.919243,0.3535534,-0.1464466,0.3535534,0.8535534,1,1,1
-15.54788,-0.5670886,-30.79661,0,0,0,1,1,1,1
-8588014325478457218
3.306041,-4,19.71805,0,0,0,1,1,0.5,1
-14.67969,-4,-10.22116,0,0,0,1,0.5,0.5,0.5
21.41992,-4,9.638551,0,0.5,0,0.8660254,1,1,1
4.024243,-4,-21.28512,0,0,0,1,1,1,1
21.67084,-4,-9.919243,0.3535534,-0.1464466,0.3535534,0.8535534,1,1,1
-15.54788,-0.5670886,-30.79661,0,0,0,1,1,1,1
-8588014325478291698
3.306041,-4,19.71805,0,0,0,1,1,0.5,1
-14.67969,-4,-10.22116,0,0,0,1,0.5,0.5,0.5
21.41992,-4,9.638551,0,0.5,0,0.8660254,1,1,1
4.024243,-4,-21.28512,0,0,0,1,1,1,1
21.67084,-4,-9.919243,0.3535534,-0.1464466,0.3535534,0.8535534,1,1,1
-15.54788,-0.5670886,-30.79661,0,0,0,1,1,1,1
-8588014325478122458
3.306041,-4,19.71805,0,0,0,1,1,0.5,1
-14.67969,-4,-10.22116,0,0,0,1,0.5,0.5,0.5
21.41992,-4,9.638551,0,0.5,0,0.8660254,1,1,1
4.024243,-4,-21.28512,0,0,0,1,1,1,1
21.67084,-4,-9.919243,0.3535534,-0.1464466,0.3535534,0.8535534,1,1,1
-15.54788,-0.5670886,-30.79661,0,0,0,1,1,1,1
-8588014325477960058
3.306041,-4,19.71805,0,0,0,1,1,0.5,1
-14.67969,-4,-10.22116,0,0,0,1,0.5,0.5,0.5
21.41992,-4,9.638551,0,0.5,0,0.8660254,1,1,1
4.024243,-4,-21.28512,0,0,0,1,1,1,1
21.67084,-4,-9.919243,0.3535534,-0.1464466,0.3535534,0.8535534,1,1,1
-15.54788,-0.5670886,-30.79661,0,0,0,1,1,1,1
-8588014325477791768
3.306041,-4,19.71805,0,0,0,1,1,0.5,1
-14.67969,-4,-10.22116,0,0,0,1,0.5,0.5,0.5
21.41992,-4,9.638551,0,0.5,0,0.8660254,1,1,1
4.024243,-4,-21.28512,0,0,0,1,1,1,1
21.67084,-4,-9.919243,0.3535534,-0.1464466,0.3535534,0.8535534,1,1,1
-15.54788,-0.5670886,-30.79661,0,0,0,1,1,1,1
-8588014325477625368
3.306041,-4,19.71805,0,0,0,1,1,0.5,1
-14.67969,-4,-10.22116,0,0,0,1,0.5,0.5,0.5
21.41992,-4,9.638551,0,0.5,0,0.8660254,1,1,1
4.024243,-4,-21.28512,0,0,0,1,1,1,1
21.67084,-4,-9.919243,0.3535534,-0.1464466,0.3535534,0.8535534,1,1,1
-15.54788,-0.5670886,-30.79661,0,0,0,1,1,1,1
-8588014325477458178
3.306041,-4,19.71805,0,0,0,1,1,0.5,1
-14.67969,-4,-10.22116,0,0,0,1,0.5,0.5,0.5
21.41992,-4,9.638551,0,0.5,0,0.8660254,1,1,1
4.024243,-4,-21.28512,0,0,0,1,1,1,1
21.67084,-4,-9.919243,0.3535534,-0.1464466,0.3535534,0.8535534,1,1,1
-15.54788,-0.5670886,-30.79661,0,0,0,1,1,1,1
-8588014325477292308
3.306041,-4,19.71805,0,0,0,1,1,0.5,1
-14.67969,-4,-10.22116,0,0,0,1,0.5,0.5,0.5
21.41992,-4,9.638551,0,0.5,0,0.8660254,1,1,1
4.024243,-4,-21.28512,0,0,0,1,1,1,1
21.67084,-4,-9.919243,0.3535534,-0.1464466,0.3535534,0.8535534,1,1,1
-15.54788,-0.5670886,-30.79661,0,0,0,1,1,1,1
-8588014325477131028
3.306041,-4,19.71805,0,0,0,1,1,0.5,1
-14.67969,-4,-10.22116,0,0,0,1,0.5,0.5,0.5
21.41992,-4,9.638551,0,0.5,0,0.8660254,1,1,1
4.024243,-4,-21.28512,0,0,0,1,1,1,1
21.67084,-4,-9.919243,0.3535534,-0.1464466,0.3535534,0.8535534,1,1,1
-15.54788,-0.5670886,-30.79661,0,0,0,1,1,1,1
-8588014325476958928
3.306041,-4,19.71805,0,0,0,1,1,0.5,1
-14.67969,-4,-10.22116,0,0,0,1,0.5,0.5,0.5
21.41992,-4,9.638551,0,0.5,0,0.8660254,1,1,1
4.024243,-4,-21.28512,0,0,0,1,1,1,1
21.67084,-4,-9.919243,0.3535534,-0.1464466,0.3535534,0.8535534,1,1,1
-15.54788,-0.5670886,-30.79661,0,0,0,1,1,1,1
-8588014325476720158
3.306041,-4,19.71805,0,0,0,1,1,0.5,1
-14.67969,-4,-10.22116,0,0,0,1,0.5,0.5,0.5
21.41992,-4,9.638551,0,0.5,0,0.8660254,1,1,1
4.024243,-4,-21.28512,0,0,0,1,1,1,1
21.67084,-4,-9.919243,0.3535534,-0.1464466,0.3535534,0.8535534,1,1,1
-15.54788,-0.5670886,-30.79661,0,0,0,1,1,1,1
-8588014325476545428
3.306041,-4,19.71805,0,0,0,1,1,0.5,1
-14.67969,-4,-10.22116,0,0,0,1,0.5,0.5,0.5
21.41992,-4,9.638551,0,0.5,0,0.8660254,1,1,1
4.024243,-4,-21.28512,0,0,0,1,1,1,1
21.67084,-4,-9.919243,0.3535534,-0.1464466,0.3535534,0.8535534,1,1,1
-15.54788,-0.5670886,-30.79661,0,0,0,1,1,1,1
-8588014325476384608
3.306041,-4,19.71805,0,0,0,1,1,0.5,1
-14.67969,-4,-10.22116,0,0,0,1,0.5,0.5,0.5
21.41992,-4,9.638551,0,0.5,0,0.8660254,1,1,1
4.024243,-4,-21.28512,0,0,0,1,1,1,1
21.67084,-4,-9.919243,0.3535534,-0.1464466,0.3535534,0.8535534,1,1,1
-15.54788,-0.5670886,-30.79661,0,0,0,1,1,1,1
-8588014325476215358
3.306041,-4,19.71805,0,0,0,1,1,0.5,1
-14.67969,-4,-10.22116,0,0,0,1,0.5,0.5,0.5
21.41992,-4,9.638551,0,0.5,0,0.8660254,1,1,1
4.024243,-4,-21.28512,0,0,0,1,1,1,1
21.67084,-4,-9.919243,0.3535534,-0.1464466,0.3535534,0.8535534,1,1,1
-15.54788,-0.5670886,-30.79661,0,0,0,1,1,1,1
-8588014325476047368
3.306041,-4,19.71805,0,0,0,1,1,0.5,1
-14.67969,-4,-10.22116,0,0,0,1,0.5,0.5,0.5
21.41992,-4,9.638551,0,0.5,0,0.8660254,1,1,1
4.024243,-4,-21.28512,0,0,0,1,1,1,1
21.67084,-4,-9.919243,0.3535534,-0.1464466,0.3535534,0.8535534,1,1,1
-15.54788,-0.5670886,-30.79661,0,0,0,1,1,1,1
-8588014325475885268
3.306041,-4,19.71805,0,0,0,1,1,0.5,1
-14.67969,-4,-10.22116,0,0,0,1,0.5,0.5,0.5
21.41992,-4,9.638551,0,0.5,0,0.8660254,1,1,1
4.024243,-4,-21.28512,0,0,0,1,1,1,1
21.67084,-4,-9.919243,0.3535534,-0.1464466,0.3535534,0.8535534,1,1,1
-15.54788,-0.5670886,-30.79661,0,0,0,1,1,1,1
-8588014325475718178
3.306041,-4,19.71805,0,0,0,1,1,0.5,1
-14.67969,-4,-10.22116,0,0,0,1,0.5,0.5,0.5
21.41992,-4,9.638551,0,0.5,0,0.8660254,1,1,1
4.024243,-4,-21.28512,0,0,0,1,1,1,1
21.67084,-4,-9.919243,0.3535534,-0.1464466,0.3535534,0.8535534,1,1,1
-15.54788,-0.5670886,-30.79661,0,0,0,1,1,1,1
-8588014325475553798
3.306041,-4,19.71805,0,0,0,1,1,0.5,1
-14.67969,-4,-10.22116,0,0,0,1,0.5,0.5,0.5
21.41992,-4,9.638551,0,0.5,0,0.8660254,1,1,1
4.024243,-4,-21.28512,0,0,0,1,1,1,1
21.67084,-4,-9.919243,0.3535534,-0.1464466,0.3535534,0.8535534,1,1,1
-15.54788,-0.5670886,-30.79661,0,0,0,1,1,1,1
-8588014325475385698
3.306041,-4,19.71805,0,0,0,1,1,0.5,1
-14.67969,-4,-10.22116,0,0,0,1,0.5,0.5,0.5
21.41992,-4,9.638551,0,0.5,0,0.8660254,1,1,1
4.024243,-4,-21.28512,0,0,0,1,1,1,1
21.67084,-4,-9.919243,0.3535534,-0.1464466,0.3535534,0.8535534,1,1,1
-15.54788,-0.5670886,-30.79661,0,0,0,1,1,1,1
-8588014325475219988
3.306041,-4,19.71805,0,0,0,1,1,0.5,1
-14.67969,-4,-10.22116,0,0,0,1,0.5,0.5,0.5
21.41992,-4,9.638551,0,0.5,0,0.8660254,1,1,1
4.024243,-4,-21.28512,0,0,0,1,1,1,1
21.67084,-4,-9.919243,0.3535534,-0.1464466,0.3535534,0.8535534,1,1,1
-15.54788,-0.5670886,-30.79661,0,0,0,1,1,1,1
-8588014325475046248
3.306041,-4,19.71805,0,0,0,1,1,0.5,1
-14.67969,-4,-10.22116,0,0,0,1,0.5,0.5,0.5
21.41992,-4,9.638551,0,0.5,0,0.8660254,1,1,1
4.024243,-4,-21.28512,0,0,0,1,1,1,1
21.67084,-4,-9.919243,0.3535534,-0.1464466,0.3535534,0.8535534,1,1,1
-15.54788,-0.5670886,-30.79661,0,0,0,1,1,1,1
-8588014325474883748
3.306041,-4,19.71805,0,0,0,1,1,0.5,1
-14.67969,-4,-10.22116,0,0,0,1,0.5,0.5,0.5
21.41992,-4,9.638551,0,0.5,0,0.8660254,1,1,1
4.024243,-4,-21.28512,0,0,0,1,1,1,1
21.67084,-4,-9.919243,0.3535534,-0.1464466,0.3535534,0.8535534,1,1,1
-15.54788,-0.5670886,-30.79661,0,0,0,1,1,1,1
-8588014325474605938
3.306041,-4,19.71805,0,0,0,1,1,0.5,1
-14.67969,-4,-10.22116,0,0,0,1,0.5,0.5,0.5
21.41992,-4,9.638551,0,0.5,0,0.8660254,1,1,1
4.024243,-4,-21.28512,0,0,0,1,1,1,1
21.67084,-4,-9.919243,0.3535534,-0.1464466,0.3535534,0.8535534,1,1,1
-15.54788,-0.5670886,-30.79661,0,0,0,1,1,1,1
-8588014325474428698
3.306041,-4,19.71805,0,0,0,1,1,0.5,1
-14.67969,-4,-10.22116,0,0,0,1,0.5,0.5,0.5
21.41992,-4,9.638551,0,0.5,0,0.8660254,1,1,1
4.024243,-4,-21.28512,0,0,0,1,1,1,1
21.67084,-4,-9.919243,0.3535534,-0.1464466,0.3535534,0.8535534,1,1,1
-15.54788,-0.5670886,-30.79661,0,0,0,1,1,1,1
-8588014325474263188
3.306041,-4,19.71805,0,0,0,1,1,0.5,1
-14.67969,-4,-10.22116,0,0,0,1,0.5,0.5,0.5
21.41992,-4,9.638551,0,0.5,0,0.8660254,1,1,1
4.024243,-4,-21.28512,0,0,0,1,1,1,1
21.67084,-4,-9.919243,0.3535534,-0.1464466,0.3535534,0.8535534,1,1,1
-15.54788,-0.5670886,-30.79661,0,0,0,1,1,1,1
-8588014325474103858
3.306041,-4,19.71805,0,0,0,1,1,0.5,1
-14.67969,-4,-10.22116,0,0,0,1,0.5,0.5,0.5
21.41992,-4,9.638551,0,0.5,0,0.8660254,1,1,1
4.024243,-4,-21.28512,0,0,0,1,1,1,1
21.67084,-4,-9.919243,0.3535534,-0.1464466,0.3535534,0.8535534,1,1,1
-15.54788,-0.5670886,-30.79661,0,0,0,1,1,1,1
-8588014325473932368
3.306041,-4,19.71805,0,0,0,1,1,0.5,1
-14.67969,-4,-10.22116,0,0,0,1,0.5,0.5,0.5
21.41992,-4,9.638551,0,0.5,0,0.8660254,1,1,1
4.024243,-4,-21.28512,0,0,0,1,1,1,1
21.67084,-4,-9.919243,0.3535534,-0.1464466,0.3535534,0.8535534,1,1,1
-15.54788,-0.5670886,-30.79661,0,0,0,1,1,1,1
-8588014325473765738
3.306041,-4,19.71805,0,0,0,1,1,0.5,1
-14.67969,-4,-10.22116,0,0,0,1,0.5,0.5,0.5
21.41992,-4,9.638551,0,0.5,0,0.8660254,1,1,1
4.024243,-4,-21.28512,0,0,0,1,1,1,1
21.67084,-4,-9.919243,0.3535534,-0.1464466,0.3535534,0.8535534,1,1,1
-15.54788,-0.5670886,-30.79661,0,0,0,1,1,1,1
-8588014325473610518
3.306041,-4,19.71805,0,0,0,1,1,0.5,1
-14.67969,-4,-10.22116,0,0,0,1,0.5,0.5,0.5
21.41992,-4,9.638551,0,0.5,0,0.8660254,1,1,1
4.024243,-4,-21.28512,0,0,0,1,1,1,1
21.67084,-4,-9.919243,0.3535534,-0.1464466,0.3535534,0.8535534,1,1,1
-15.54788,-0.5670886,-30.79661,0,0,0,1,1,1,1
-8588014325473442688
3.306041,-4,19.71805,0,0,0,1,1,0.5,1
-14.67969,-4,-10.22116,0,0,0,1,0.5,0.5,0.5
21.41992,-4,9.638551,0,0.5,0,0.8660254,1,1,1
4.024243,-4,-21.28512,0,0,0,1,1,1,1
21.67084,-4,-9.919243,0.3535534,-0.1464466,0.3535534,0.8535534,1,1,1
-15.54788,-0.5670886,-30.79661,0,0,0,1,1,1,1
-8588014325473269058
3.306041,-4,19.71805,0,0,0,1,1,0.5,1
-14.67969,-4,-10.22116,0,0,0,1,0.5,0.5,0.5
21.41992,-4,9.638551,0,0.5,0,0.8660254,1,1,1
4.024243,-4,-21.28512,0,0,0,1,1,1,1
21.67084,-4,-9.919243,0.3535534,-0.1464466,0.3535534,0.8535534,1,1,1
-15.54788,-0.5670886,-30.79661,0,0,0,1,1,1,1
-8588014325473110568
3.306041,-4,19.71805,0,0,0,1,1,0.5,1
-14.67969,-4,-10.22116,0,0,0,1,0.5,0.5,0.5
21.41992,-4,9.638551,0,0.5,0,0.8660254,1,1,1
4.024243,-4,-21.28512,0,0,0,1,1,1,1
21.67084,-4,-9.919243,0.3535534,-0.1464466,0.3535534,0.8535534,1,1,1
-15.54788,-0.5670886,-30.79661,0,0,0,1,1,1,1
-8588014325472944368
3.306041,-4,19.71805,0,0,0,1,1,0.5,1
-14.67969,-4,-10.22116,0,0,0,1,0.5,0.5,0.5
21.41992,-4,9.638551,0,0.5,0,0.8660254,1,1,1
4.024243,-4,-21.28512,0,0,0,1,1,1,1
21.67084,-4,-9.919243,0.3535534,-0.1464466,0.3535534,0.8535534,1,1,1
-15.54788,-0.5670886,-30.79661,0,0,0,1,1,1,1
-8588014325472782578
3.306041,-4,19.71805,0,0,0,1,1,0.5,1
-14.67969,-4,-10.22116,0,0,0,1,0.5,0.5,0.5
21.41992,-4,9.638551,0,0.5,0,0.8660254,1,1,1
4.024243,-4,-21.28512,0,0,0,1,1,1,1
21.67084,-4,-9.919243,0.3535534,-0.1464466,0.3535534,0.8535534,1,1,1
-15.54788,-0.5670886,-30.79661,0,0,0,1,1,1,1
-8588014325472614028
3.306041,-4,19.71805,0,0,0,1,1,0.5,1
-14.67969,-4,-10.22116,0,0,0,1,0.5,0.5,0.5
21.41992,-4,9.638551,0,0.5,0,0.8660254,1,1,1
4.024243,-4,-21.28512,0,0,0,1,1,1,1
21.67084,-4,-9.919243,0.3535534,-0.1464466,0.3535534,0.8535534,1,1,1
-15.54788,-0.5670886,-30.79661,0,0,0,1,1,1,1
-8588014325472443238
3.306041,-4,19.71805,0,0,0,1,1,0.5,1
-14.67969,-4,-10.22116,0,0,0,1,0.5,0.5,0.5
21.41992,-4,9.638551,0,0.5,0,0.8660254,1,1,1
4.024243,-4,-21.28512,0,0,0,1,1,1,1
21.67084,-4,-9.919243,0.3535534,-0.1464466,0.3535534,0.8535534,1,1,1
-15.54788,-0.5670886,-30.79661,0,0,0,1,1,1,1
-8588014325472281958
3.306041,-4,19.71805,0,0,0,1,1,0.5,1
-14.67969,-4,-10.22116,0,0,0,1,0.5,0.5,0.5
21.41992,-4,9.638551,0,0.5,0,0.8660254,1,1,1
4.024243,-4,-21.28512,0,0,0,1,1,1,1
21.67084,-4,-9.919243,0.3535534,-0.1464466,0.3535534,0.8535534,1,1,1
-15.54788,-0.5670886,-30.79661,0,0,0,1,1,1,1
-8588014325472109388
3.306041,-4,19.71805,0,0,0,1,1,0.5,1
-14.67969,-4,-10.22116,0,0,0,1,0.5,0.5,0.5
21.41992,-4,9.638551,0,0.5,0,0.8660254,1,1,1
4.024243,-4,-21.28512,0,0,0,1,1,1,1
21.67084,-4,-9.919243,0.3535534,-0.1464466,0.3535534,0.8535534,1,1,1
-15.54788,-0.5670886,-30.79661,0,0,0,1,1,1,1
-8588014325471944518
3.306041,-4,19.71805,0,0,0,1,1,0.5,1
-14.67969,-4,-10.22116,0,0,0,1,0.5,0.5,0.5
21.41992,-4,9.638551,0,0.5,0,0.8660254,1,1,1
4.024243,-4,-21.28512,0,0,0,1,1,1,1
21.67084,-4,-9.919243,0.3535534,-0.1464466,0.3535534,0.8535534,1,1,1
-15.54788,-0.5670886,-30.79661,0,0,0,1,1,1,1
-8588014325471783898
3.306041,-4,19.71805,0,0,0,1,1,0.5,1
-14.67969,-4,-10.22116,0,0,0,1,0.5,0.5,0.5
21.41992,-4,9.638551,0,0.5,0,0.8660254,1,1,1
4.024243,-4,-21.28512,0,0,0,1,1,1,1
21.67084,-4,-9.919243,0.3535534,-0.1464466,0.3535534,0.8535534,1,1,1
-15.54788,-0.5670886,-30.79661,0,0,0,1,1,1,1
-8588014325471620858
3.306041,-4,19.71805,0,0,0,1,1,0.5,1
-14.67969,-4,-10.22116,0,0,0,1,0.5,0.5,0.5
21.41992,-4,9.638551,0,0.5,0,0.8660254,1,1,1
4.024243,-4,-21.28512,0,0,0,1,1,1,1
21.67084,-4,-9.919243,0.3535534,-0.1464466,0.3535534,0.8535534,1,1,1
-15.54788,-0.5670886,-30.79661,0,0,0,1,1,1,1
-8588014325471455258
3.306041,-4,19.71805,0,0,0,1,1,0.5,1
-14.67969,-4,-10.22116,0,0,0,1,0.5,0.5,0.5
21.41992,-4,9.638551,0,0.5,0,0.8660254,1,1,1
4.024243,-4,-21.28512,0,0,0,1,1,1,1
21.67084,-4,-9.919243,0.3535534,-0.1464466,0.3535534,0.8535534,1,1,1
-15.54788,-0.5670886,-30.79661,0,0,0,1,1,1,1
-8588014325471281058
3.306041,-4,19.71805,0,0,0,1,1,0.5,1
-14.67969,-4,-10.22116,0,0,0,1,0.5,0.5,0.5
21.41992,-4,9.638551,0,0.5,0,0.8660254,1,1,1
4.024243,-4,-21.28512,0,0,0,1,1,1,1
21.67084,-4,-9.919243,0.3535534,-0.1464466,0.3535534,0.8535534,1,1,1
-15.54788,-0.5670886,-30.79661,0,0,0,1,1,1,1
-8588014325471119798
3.306041,-4,19.71805,0,0,0,1,1,0.5,1
-14.67969,-4,-10.22116,0,0,0,1,0.5,0.5,0.5
21.41992,-4,9.638551,0,0.5,0,0.8660254,1,1,1
4.024243,-4,-21.28512,0,0,0,1,1,1,1
21.67084,-4,-9.919243,0.3535534,-0.1464466,0.3535534,0.8535534,1,1,1
-15.54788,-0.5670886,-30.79661,0,0,0,1,1,1,1
-8588014325470953638
3.306041,-4,19.71805,0,0,0,1,1,0.5,1
-14.67969,-4,-10.22116,0,0,0,1,0.5,0.5,0.5
21.41992,-4,9.638551,0,0.5,0,0.8660254,1,1,1
4.024243,-4,-21.28512,0,0,0,1,1,1,1
21.67084,-4,-9.919243,0.3535534,-0.1464466,0.3535534,0.8535534,1,1,1
-15.54788,-0.5670886,-30.79661,0,0,0,1,1,1,1
-8588014325470793738
3.306041,-4,19.71805,0,0,0,1,1,0.5,1
-14.67969,-4,-10.22116,0,0,0,1,0.5,0.5,0.5
21.41992,-4,9.638551,0,0.5,0,0.8660254,1,1,1
4.024243,-4,-21.28512,0,0,0,1,1,1,1
21.67084,-4,-9.919243,0.3535534,-0.1464466,0.3535534,0.8535534,1,1,1
-15.54788,-0.5670886,-30.79661,0,0,0,1,1,1,1
-8588014325470626258
3.306041,-4,19.71805,0,0,0,1,1,0.5,1
-14.67969,-4,-10.22116,0,0,0,1,0.5,0.5,0.5
21.41992,-4,9.638551,0,0.5,0,0.8660254,1,1,1
4.024243,-4,-21.28512,0,0,0,1,1,1,1
21.67084,-4,-9.919243,0.3535534,-0.1464466,0.3535534,0.8535534,1,1,1
-15.54788,-0.5670886,-30.79661,0,0,0,1,1,1,1
-8588014325470453948
3.306041,-4,19.71805,0,0,0,1,1,0.5,1
-14.67969,-4,-10.22116,0,0,0,1,0.5,0.5,0.5
21.41992,-4,9.638551,0,0.5,0,0.8660254,1,1,1
4.024243,-4,-21.28512,0,0,0,1,1,1,1
21.67084,-4,-9.919243,0.3535534,-0.1464466,0.3535534,0.8535534,1,1,1
-15.54788,-0.5670886,-30.79661,0,0,0,1,1,1,1
-8588014325470295168
3.306041,-4,19.71805,0,0,0,1,1,0.5,1
-14.67969,-4,-10.22116,0,0,0,1,0.5,0.5,0.5
21.41992,-4,9.638551,0,0.5,0,0.8660254,1,1,1
4.024243,-4,-21.28512,0,0,0,1,1,1,1
21.67084,-4,-9.919243,0.3535534,-0.1464466,0.3535534,0.8535534,1,1,1
-15.54788,-0.5670886,-30.79661,0,0,0,1,1,1,1
-8588014325470123618
3.306041,-4,19.71805,0,0,0,1,1,0.5,1
-14.67969,-4,-10.22116,0,0,0,1,0.5,0.5,0.5
21.41992,-4,9.638551,0,0.5,0,0.8660254,1,1,1
4.024243,-4,-21.28512,0,0,0,1,1,1,1
21.67084,-4,-9.919243,0.3535534,-0.1464466,0.3535534,0.8535534,1,1,1
-15.54788,-0.5670886,-30.79661,0,0,0,1,1,1,1
-8588014325469966118
3.306041,-4,19.71805,0,0,0,1,1,0.5,1
-14.67969,-4,-10.22116,0,0,0,1,0.5,0.5,0.5
21.41992,-4,9.638551,0,0.5,0,0.8660254,1,1,1
4.024243,-4,-21.28512,0,0,0,1,1,1,1
21.67084,-4,-9.919243,0.3535534,-0.1464466,0.3535534,0.8535534,1,1,1
-15.54788,-0.5670886,-30.79661,0,0,0,1,1,1,1
-8588014325469798308
3.306041,-4,19.71805,0,0,0,1,1,0.5,1
-14.67969,-4,-10.22116,0,0,0,1,0.5,0.5,0.5
21.41992,-4,9.638551,0,0.5,0,0.8660254,1,1,1
4.024243,-4,-21.28512,0,0,0,1,1,1,1
21.67084,-4,-9.919243,0.3535534,-0.1464466,0.3535534,0.8535534,1,1,1
-15.54788,-0.5670886,-30.79661,0,0,0,1,1,1,1
-8588014325469633738
3.306041,-4,19.71805,0,0,0,1,1,0.5,1
-14.67969,-4,-10.22116,0,0,0,1,0.5,0.5,0.5
21.41992,-4,9.638551,0,0.5,0,0.8660254,1,1,1
4.024243,-4,-21.28512,0,0,0,1,1,1,1
21.67084,-4,-9.919243,0.3535534,-0.1464466,0.3535534,0.8535534,1,1,1
-15.54788,-0.5670886,-30.79661,0,0,0,1,1,1,1
-8588014325469464128
3.306041,-4,19.71805,0,0,0,1,1,0.5,1
-14.67969,-4,-10.22116,0,0,0,1,0.5,0.5,0.5
21.41992,-4,9.638551,0,0.5,0,0.8660254,1,1,1
4.024243,-4,-21.28512,0,0,0,1,1,1,1
21.67084,-4,-9.919243,0.3535534,-0.1464466,0.3535534,0.8535534,1,1,1
-15.54788,-0.5670886,-30.79661,0,0,0,1,1,1,1
-8588014325469295498
3.306041,-4,19.71805,0,0,0,1,1,0.5,1
-14.67969,-4,-10.22116,0,0,0,1,0.5,0.5,0.5
21.41992,-4,9.638551,0,0.5,0,0.8660254,1,1,1
4.024243,-4,-21.28512,0,0,0,1,1,1,1
21.67084,-4,-9.919243,0.3535534,-0.1464466,0.3535534,0.8535534,1,1,1
-15.54788,-0.5670886,-30.79661,0,0,0,1,1,1,1
-8588014325469133818
3.306041,-4,19.71805,0,0,0,1,1,0.5,1
-14.67969,-4,-10.22116,0,0,0,1,0.5,0.5,0.5
21.41992,-4,9.638551,0,0.5,0,0.8660254,1,1,1
4.024243,-4,-21.28512,0,0,0,1,1,1,1
21.67084,-4,-9.919243,0.3535534,-0.1464466,0.3535534,0.8535534,1,1,1
-15.54788,-0.5670886,-30.79661,0,0,0,1,1,1,1
-8588014325468962178
3.306041,-4,19.71805,0,0,0,1,1,0.5,1
-14.67969,-4,-10.22116,0,0,0,1,0.5,0.5,0.5
21.41992,-4,9.638551,0,0.5,0,0.8660254,1,1,1
4.024243,-4,-21.28512,0,0,0,1,1,1,1
21.67084,-4,-9.919243,0.3535534,-0.1464466,0.3535534,0.8535534,1,1,1
-15.54788,-0.5670886,-30.79661,0,0,0,1,1,1,1
-8588014325468799168
3.306041,-4,19.71805,0,0,0,1,1,0.5,1
-14.67969,-4,-10.22116,0,0,0,1,0.5,0.5,0.5
21.41992,-4,9.638551,0,0.5,0,0.8660254,1,1,1
4.024243,-4,-21.28512,0,0,0,1,1,1,1
21.67084,-4,-9.919243,0.3535534,-0.1464466,0.3535534,0.8535534,1,1,1
-15.54788,-0.5670886,-30.79661,0,0,0,1,1,1,1
-8588014325468633718
3.306041,-4,19.71805,0,0,0,1,1,0.5,1
-14.67969,-4,-10.22116,0,0,0,1,0.5,0.5,0.5
21.41992,-4,9.638551,0,0.5,0,0.8660254,1,1,1
4.024243,-4,-21.28512,0,0,0,1,1,1,1
21.67084,-4,-9.919243,0.3535534,-0.1464466,0.3535534,0.8535534,1,1,1
-15.54788,-0.5670886,-30.79661,0,0,0,1,1,1,1
-8588014325468474458
3.306041,-4,19.71805,0,0,0,1,1,0.5,1
-14.67969,-4,-10.22116,0,0,0,1,0.5,0.5,0.5
21.41992,-4,9.638551,0,0.5,0,0.8660254,1,1,1
4.024243,-4,-21.28512,0,0,0,1,1,1,1
21.67084,-4,-9.919243,0.3535534,-0.1464466,0.3535534,0.8535534,1,1,1
-15.54788,-0.5670886,-30.79661,0,0,0,1,1,1,1
-8588014325468303428
3.306041,-4,19.71805,0,0,0,1,1,0.5,1
-14.67969,-4,-10.22116,0,0,0,1,0.5,0.5,0.5
21.41992,-4,9.638551,0,0.5,0,0.8660254,1,1,1
4.024243,-4,-21.28512,0,0,0,1,1,1,1
21.67084,-4,-9.919243,0.3535534,-0.1464466,0.3535534,0.8535534,1,1,1
-15.54788,-0.5670886,-30.79661,0,0,0,1,1,1,1
-8588014325468136198
3.306041,-4,19.71805,0,0,0,1,1,0.5,1
-14.67969,-4,-10.22116,0,0,0,1,0.5,0.5,0.5
21.41992,-4,9.638551,0,0.5,0,0.8660254,1,1,1
4.024243,-4,-21.28512,0,0,0,1,1,1,1
21.67084,-4,-9.919243,0.3535534,-0.1464466,0.3535534,0.8535534,1,1,1
-15.54788,-0.5670886,-30.79661,0,0,0,1,1,1,1
