-8587965878800881025
0.5633758,-0.7703618,1.055583,0,0,0,1,0.05,0.05,0.05
0.5102989,-0.7703618,1.205935,0,0,0,1,0.05,0.05,0.05
0.5633758,-0.7703618,1.055583,0,0,0,1,0.05,0.05,0.05
0.5633758,-0.7703618,1.055583,0,0,0,1,0.05,0.05,0.05
0.5633758,-0.7703618,1.055583,0,0,0,1,0.05,0.05,0.05
0.5071681,-0.7703618,0.8918425,0,0,0,1,0.05,0.05,0.05
0.6174633,-0.7703618,1.092632,0,0,0,1,0.05,0.05,0.05
0.5633758,-0.7703618,1.055583,0,0,0,1,0.05,0.05,0.05
0.5633758,-0.7703618,1.055583,0,0,0,1,0.05,0.05,0.05
0.7525773,-0.7703618,0.8699766,0,0,0,1,0.05,0.05,0.05
0.5633758,-0.7703618,1.055583,0,0,0,1,0.05,0.05,0.05
0.5633758,-0.7703618,1.055583,0,0,0,1,0.05,0.05,0.05
0.7627738,-0.7703618,1.162166,0,0,0,1,0.05,0.05,0.05
0.5633758,-0.7703618,1.055583,0,0,0,1,0.05,0.05,0.05
0.5633758,-0.7703618,1.055583,0,0,0,1,0.05,0.05,0.05
0.5633758,-0.7703618,1.055583,0,0,0,1,0.05,0.05,0.05
0.5633758,-0.7703618,1.055583,0,0,0,1,0.05,0.05,0.05
0.5633758,-0.7703618,1.055583,0,0,0,1,0.05,0.05,0.05
-8587965878800821027
-8587965878798550897
-8587965878798390636
-8587965878798220879
-8587965878798049624
-8587965878797889838
-8587965878797719380
-8587965878797559370
-8587965878797389809
-8587965878797225645
-8587965878797065879
-8587965878796896206
-8587965878796723228
-8587965878796562844
-8587965878796402951
-8587965878796233212
-8587965878796073189
-8587965878795903197
-8587965878795731384
-8587965878795566357
-8587965878795406349
-8587965878795243112
-8587965878795072860
-8587965878794912744
-8587965878794743116
-8587965878794572825
-8587965878794413095
-8587965878794243078
-8587965878794083083
-8587965878793913142
-8587965878793751160
-8587965878793581325
-8587965878793421185
-8587965878793250923
-8587965878793090191
-8587965878792919375
-8587965878792758776
-8587965878792588291
-8587965878792428773
-8587965878792248761
-8587965878792098755
-8587965878791918333
-8587965878791751751
-8587965878791591744
-8587965878791430617
-8587965878791259833
-8587965878791099213
-8587965878790927786
-8587965878790778015
-8587965878790617932
-8587965878790448009
-8587965878790286641
-8587965878790127098
-8587965878789957096
-8587965878789786883
-8587965878789626888
-8587965878789466884
-8587965878789286580
-8587965878789126865
-8587965878788956311
-8587965878788796361
-8587965878788626335
-8587965878788466313
-8587965878788296341
-8587965878788126137
-8587965878787966163
-8587965878787795627
-8587965878787636142
-8587965878787472576
-8587965878787301852
-8587965878787136852
-8587965878786976263
-8587965878786815404
-8587965878786645375
-8587965878786475331
-8587965878786305378
-8587965878786144610
-8587965878785984602
-8587965878785814583
-8587965878785649492
-8587965878785489497
-8587965878785319078
-8587965878785149828
-8587965878784989833
-8587965878784819584
-8587965878784649561
-8587965878784489548
-8587965878784319374
-8587965878784159535
-8587965878783989706
-8587965878783818527
-8587965878783657614
-8587965878783497749
-8587965878783337458
-8587965878783157684
-8587965878782997312
-8587965878782827624
-8587965878782667599
-8587965878782497271
-8587965878782337339
-8587965878782167165
-8587965878782007152
-8587965878781837159
-8587965878781677128
-8587965878781508741
-8587965878781338757
-8587965878781168496
-8587965878781008299
-8587965878780838719
-8587965878780678697
-8587965878780508442
-8587965878780348661
-8587965878780188678
-8587965878780018317
-8587965878779857087
-8587965878779686868
-8587965878779516845
-8587965878779356826
-8587965878779186836
-8587965878779015747
-8587965878778859305
-8587965878778688872
-8587965878778528876
-8587965878778358621
-8587965878778198369
-8587965878778028259
-8587965878777867464
-8587965878777698660
-8587965878777537132
-8587965878777365071
-8587965878777195072
-8587965878777034736
-8587965878776865042
-8587965878776704036
-8587965878776543742
-8587965878776373535
-8587965878776212960
-8587965878776042964
-8587965878775881922
-8587965878775701922
-8587965878775541568
-8587965878775371901
-8587965878775215667
-8587965878775045324
-8587965878774884728
-8587965878774718928
-8587965878774548676
-8587965878774378925
-8587965878774218905
-8587965878774058889
-8587965878773888890
-8587965878773718390
-8587965878773557529
-8587965878773391255
-8587965878773220761
-8587965878773051173
-8587965878772900475
-8587965878772730917
-8587965878772560933
-8587965878772400724
-8587965878772230900
-8587965878772060494
-8587965878771899726
-8587965878771731101
-8587965878771570979
-8587965878771400971
-8587965878771230721
-8587965878771070953
-8587965878770909397
-8587965878770739655
-8587965878770579300
-8587965878770409410
-8587965878770239149
-8587965878770069391
-8587965878769909300
-8587965878769749320
-8587965878769579294
-8587965878769409579
-8587965878769249348
-8587965878769078308
-8587965878768916815
-8587965878768747001
-8587965878768587000
-8587965878768416747
-8587965878768255786
-8587965878768095827
-8587965878767926055
-8587965878767762471
-8587965878767592475
-8587965878767422449
-8587965878767260120
-8587965878767098480
-8587965878766928231
-8587965878766768700
-8587965878766598702
-8587965878766438444
-8587965878766258411
-8587965878766108661
-8587965878765938412
-8587965878765748650
-8587965878765579666
-8587965878765419664
-8587965878765249651
-8587965878765081964
-8587965878764911392
-8587965878764750500
-8587965878764580142
-8587965878764420506
-8587965878764250477
-8587965878764090473
-8587965878763920453
-8587965878763750448
-8587965878763589457
-8587965878763419437
-8587965878763260737
-8587965878763093406
-8587965878762923193
-8587965878762769923
-8587965878762599916
-8587965878762439917
-8587965878762266164
-8587965878762098009
-8587965878761937612
-8587965878761766956
-8587965878761597576
-8587965878761436138
-8587965878761275841
-8587965878761113971
-8587965878760933950
-8587965878760773955
-8587965878760613682
-8587965878760443922
-8587965878760283903
-8587965878760118580
-8587965878759944681
-8587965878759784414
-8587965878759614654
-8587965878759452887
-8587965878759280198
-8587965878759120176
-8587965878758950150
-8587965878758785087
-8587965878758625091
-8587965878758455038
-8587965878758294581
-8587965878758124788
-8587965878757964171
-8587965878757793553
-8587965878757631695
-8587965878757461941
-8587965878757301493
-8587965878757130513
-8587965878756960017
-8587965878756799119
-8587965878756639118
-8587965878756469098
-8587965878756308840
-8587965878756129082
-8587965878755973551
-8587965878755803537
-8587965878755631453
-8587965878755471295
-8587965878755311022
-8587965878755140640
-8587965878754980240
-8587965878754809924
-8587965878754640236
-8587965878754480205
-8587965878754320213
-8587965878754149517
-8587965878753979485
-8587965878753819209
-8587965878753648679
-8587965878753478375
-8587965878753318401
-8587965878753157452
-8587965878752987945
-8587965878752816277
-8587965878752656557
-8587965878752496296
-8587965878752326527
-8587965878752165146
-8587965878751995008
-8587965878751824158
-8587965878751663752
-8587965878751499513
-8587965878751329481
-8587965878751159253
-8587965878750999240
-8587965878750838674
-8587965878750671277
-8587965878750501275
-8587965878750331249
-8587965878750171263
-8587965878750000745
-8587965878749850005
-8587965878749673417
-8587965878749513630
-8587965878749340875
-8587965878749180886
-8587965878749013489
-8587965878748843074
-8587965878748683067
-8587965878748512911
-8587965878748352949
-8587965878748182485
-8587965878748013045
-8587965878747852597
-8587965878747692203
-8587965878747522334
-8587965878747351768
-8587965878747181757
-8587965878747030486
-8587965878746860243
-8587965878746690410
0.5633758,-0.7703618,1.055583,0,0,0,1,0.05,0.05,0.05
0.2323758,-0.7703618,0.505583,0,0,0,1,0.05,0.05,0.05
0.5633758,-0.7703618,1.055583,0,0,0,1,0.05,0.05,0.05
0.5633758,-0.7703618,1.055583,0,0,0,1,0.05,0.05,0.05
0.5633758,-0.7703618,1.055583,0,0,0,1,0.05,0.05,0.05
0.6709759,-0.7703618,0.505583,0,0,0,1,0.05,0.05,0.05
0.8171759,-0.7703618,0.505583,0,0,0,1,0.05,0.05,0.05
0.5633758,-0.7703618,1.055583,0,0,0,1,0.05,0.05,0.05
0.5633758,-0.7703618,1.055583,0,0,0,1,0.05,0.05,0.05
0.3785758,-0.7703618,0.505583,0,0,0,1,0.05,0.05,0.05
0.5633758,-0.7703618,1.055583,0,0,0,1,0.05,0.05,0.05
0.5633758,-0.7703618,1.055583,0,0,0,1,0.05,0.05,0.05
0.5247759,-0.7703618,0.505583,0,0,0,1,0.05,0.05,0.05
0.5633758,-0.7703618,1.055583,0,0,0,1,0.05,0.05,0.05
0.5633758,-0.7703618,1.055583,0,0,0,1,0.05,0.05,0.05
0.5633758,-0.7703618,1.055583,0,0,0,1,0.05,0.05,0.05
0.5633758,-0.7703618,1.055583,0,0,0,1,0.05,0.05,0.05
0.5633758,-0.7703618,1.055583,0,0,0,1,0.05,0.05,0.05
-8587965878746530140
-8587965878746370000
-8587965878746190390
-8587965878746030377
-8587965878745861184
-8587965878745701246
-8587965878745530589
-8587965878745370672
-8587965878745200547
-8587965878745030545
-8587965878744870405
-8587965878744700291
-8587965878744540471
-8587965878744370500
-8587965878744200504
-8587965878744050485
-8587965878743880656
-8587965878743709999
-8587965878743540260
-8587965878743380237
-8587965878743212693
-8587965878743052513
-8587965878742881373
-8587965878742711187
-8587965878742550924
-8587965878742391188
-8587965878742221090
-8587965878742050677
-8587965878741890411
-8587965878741719995
-8587965878741558693
-8587965878741388872
-8587965878741218729
-8587965878741063071
-8587965878740893269
-8587965878740723502
-8587965878740563220
-8587965878740403503
-8587965878740233223
-8587965878740063080
-8587965878739903021
-8587965878739732560
-8587965878739562936
-8587965878739402400
-8587965878739232384
-8587965878739071489
-8587965878738908961
-8587965878738738703
-8587965878738578704
-8587965878738408443
-8587965878738244394
-8587965878738079430
-8587965878737909187
-8587965878737748911
-8587965878737587090
-8587965878737417368
-8587965878737257225
-8587965878737086837
-8587965878736915966
-8587965878736746169
-8587965878736585797
-8587965878736415919
-8587965878736261919
-8587965878736090067
-8587965878735920605
-8587965878735760097
-8587965878735599329
-8587965878735429578
-8587965878735266826
-8587965878735094530
-8587965878734923469
-8587965878734762475
-8587965878734602462
-8587965878734432046
-8587965878734272181
-8587965878734098481
-8587965878733943817
-8587965878733774099
-8587965878733603720
-8587965878733433470
-8587965878733273288
-8587965878733112505
-8587965878732941371
-8587965878732781014
-8587965878732611009
-8587965878732441007
-8587965878732280635
-8587965878732119652
-8587965878731948594
-8587965878731779039
-8587965878731616931
-8587965878731455508
-8587965878731284902
-8587965878731114879
-8587965878730954498
-8587965878730792840
-8587965878730622590
-8587965878730462834
-8587965878730292817
-8587965878730122776
-8587965878729961700
-8587965878729795006
-8587965878729625285
-8587965878729471650
-8587965878729301996
-8587965878729130406
-8587965878728970740
-8587965878728803150
-8587965878728633426
-8587965878728463451
-8587965878728303429
-8587965878728143168
-8587965878727972520
-8587965878727802123
-8587965878727641868
-8587965878727471848
-8587965878727311660
-8587965878727141685
-8587965878726981642
-8587965878726821085
-8587965878726651068
-8587965878726481045
-8587965878726310660
-8587965878726157560
-8587965878725987561
-8587965878725817296
-8587965878725657525
-8587965878725488160
-8587965878725328536
-8587965878725158178
-8587965878724988300
-8587965878724826952
-8587965878724657210
-8587965878724496841
-8587965878724335158
-8587965878724165177
-8587965878723993434
-8587965878723833734
-8587965878723671955
-8587965878723500713
-8587965878723330225
-8587965878723170154
-8587965878722999724
-8587965878722839726
-8587965878722668387
-8587965878722508349
-8587965878722348203
-8587965878722178102
-8587965878722006739
-8587965878721836731
-8587965878721676518
-8587965878721505976
-8587965878721344686
-8587965878721184978
-8587965878721015214
-8587965878720844518
-8587965878720685199
-8587965878720514920
-8587965878720354915
-8587965878720185164
-8587965878720014293
-8587965878719854041
-8587965878719683888
-8587965878719523902
-8587965878719352986
-8587965878719192438
-8587965878719033309
-8587965878718863510
-8587965878718693759
-8587965878718523455
-8587965878718363744
-8587965878718193313
-8587965878718033713
-8587965878717863709
-8587965878717703701
-8587965878717533639
-8587965878717363707
-8587965878717203651
-8587965878717043294
-8587965878716872996
-8587965878716703221
-8587965878716542963
-8587965878716383221
-8587965878716212972
-8587965878716042723
-8587965878715883174
-8587965878715716233
-8587965878715545785
-8587965878715375771
-8587965878715224747
-8587965878715044539
-8587965878714884725
-8587965878714714729
-8587965878714554363
-8587965878714384585
-8587965878714224686
-8587965878714060682
-8587965878713890991
-8587965878713720869
-8587965878713560777
-8587965878713390980
-8587965878713230955
-8587965878713070957
-8587965878712900837
-8587965878712730911
-8587965878712570554
-8587965878712400657
-8587965878712235093
-8587965878712072064
-8587965878711900991
-8587965878711736975
-8587965878711576062
-8587965878711405752
-8587965878711235811
-8587965878711075689
-8587965878710905820
-8587965878710744946
-8587965878710574528
-8587965878710414943
-8587965878710244932
-8587965878710074919
-8587965878709914890
-8587965878709754856
-8587965878709584480
-8587965878709414804
-8587965878709248587
-8587965878709089066
-8587965878708919028
-8587965878708758804
-8587965878708589043
-8587965878708419038
-8587965878708258509
-8587965878708099012
-8587965878707927585
-8587965878707766666
-8587965878707596173
-8587965878707426657
-8587965878707265907
-8587965878707095582
-8587965878706926000
-8587965878706765763
-8587965878706595988
-8587965878706435742
-8587965878706265731
-8587965878706105733
-8587965878705936857
-8587965878705766946
-8587965878705616182
-8587965878705445640
-8587965878705275257
-8587965878705113647
-8587965878704943863
-8587965878704783013
-8587965878704613295
-8587965878704443046
-8587965878704283220
-8587965878704112910
-8587965878703952483
-8587965878703782240
-8587965878703621659
-8587965878703451902
-8587965878703291883
-8587965878703121887
-8587965878702951619
-8587965878702790915
-8587965878702620656
-8587965878702460879
-8587965878702290635
-8587965878702130873
-8587965878701960608
-8587965878701796097
-8587965878701626304
-8587965878701466327
-8587965878701306048
-8587965878701136306
-8587965878700971197
-8587965878700801195
-8587965878700641170
-8587965878700471186
-8587965878700311149
-8587965878700141141
-8587965878699980460
-8587965878699810060
-8587965878699639944
-8587965878699479764
-8587965878699316198
-8587965878699146169
-8587965878698985679
-8587965878698815061
-8587965878698645286
-8587965878698485291
-8587965878698315244
-8587965878698154907
-8587965878697984890
-8587965878697822828
-8587965878697662518
-8587965878697492837
-8587965878697322500
-8587965878697162438
-8587965878696991081
-8587965878696821559
-8587965878696671568
-8587965878696501315
-8587965878696331268
-8587965878696161541
-8587965878696001461
-8587965878695828782
-8587965878695661089
-8587965878695501152
-8587965878695340281
-8587965878695170267
-8587965878695009970
-8587965878694840904
-8587965878694680435
-8587965878694510159
-8587965878694340124
-8587965878694170415
-8587965878694009610
-8587965878693849603
-8587965878693679100
-8587965878693518115
-8587965878693347938
-8587965878693187267
-8587965878693016142
-8587965878692855878
-8587965878692686109
-8587965878692525854
-8587965878692355946
-8587965878692195951
-8587965878692023763
-8587965878691863500
-8587965878691693407
-8587965878691533415
-8587965878691362770
-8587965878691192847
-8587965878691022592
-8587965878690861549
-8587965878690700730
-8587965878690530725
-8587965878690360409
-8587965878690200719
-8587965878690040691
-8587965878689870387
-8587965878689707865
-8587965878689538298
-8587965878689372749
-8587965878689212225
-8587965878689042709
-8587965878688880933
-8587965878688707659
-8587965878688547399
-8587965878688377656
-8587965878688217287
-8587965878688047007
-8587965878687876613
-8587965878687716467
-8587965878687556221
-8587965878687382458
-8587965878687221503
-8587965878687051568
-8587965878686891075
-8587965878686721305
-8587965878686551554
-8587965878686391079
-8587965878686221542
-8587965878686059986
-8587965878685900894
-8587965878685730019
-8587965878685561578
-8587965878685391450
-8587965878685231913
-8587965878685071417
-8587965878684900588
-8587965878684729738
-8587965878684569743
-8587965878684399729
-8587965878684239716
-8587965878684068956
-8587965878683898707
-8587965878683738838
-8587965878683568834
-8587965878683409077
-8587965878683247835
-8587965878683077764
-8587965878682917150
-8587965878682747378
-8587965878682577122
-8587965878682417112
-8587965878682247104
-8587965878682086876
-8587965878681917095
-8587965878681746719
-8587965878681586283
-8587965878681425947
-8587965878681249280
-8587965878681089553
-8587965878680929540
-8587965878680759517
-8587965878680589518
-8587965878680429490
-8587965878680259503
-8587965878680089477
-8587965878679929476
-8587965878679764467
-8587965878679594474
-8587965878679431759
-8587965878679261356
-8587965878679101304
-8587965878678931305
-8587965878678771135
-8587965878678601045
-8587965878678431309
-8587965878678271238
-8587965878678101276
-8587965878677941263
-8587965878677770720
-8587965878677610716
-8587965878677440446
-8587965878677280698
-8587965878677110684
-8587965878676940652
-8587965878676780271
-8587965878676610254
-8587965878676449975
-8587965878676280045
-8587965878676119957
-8587965878675948980
-8587965878675788206
-8587965878675618192
-8587965878675458176
-8587965878675287757
-8587965878675125580
-8587965878674954736
-8587965878674794430
-8587965878674634700
-8587965878674464720
-8587965878674294368
-8587965878674134300
-8587965878673963534
-8587965878673795422
-8587965878673635433
-8587965878673475420
-8587965878673305032
-8587965878673134988
-8587965878672964747
-8587965878672815003
