-8587965872605916569
0.5633758,-0.7703618,1.055583,0,0,0,1,0.05,0.05,0.05
0.5633758,-0.7703618,1.055583,0,0,0,1,0.05,0.05,0.05
0.5633758,-0.7703618,1.055583,0,0,0,1,0.05,0.05,0.05
0.5633758,-0.7703618,1.055583,0,0,0,1,0.05,0.05,0.05
0.5633758,-0.7703618,1.055583,0,0,0,1,0.05,0.05,0.05
0.4212753,-0.7703618,1.190416,0,0,0,1,0.05,0.05,0.05
0.5633758,-0.7703618,1.055583,0,0,0,1,0.05,0.05,0.05
0.5633758,-0.7703618,1.055583,0,0,0,1,0.05,0.05,0.05
0.5633758,-0.7703618,1.055583,0,0,0,1,0.05,0.05,0.05
0.5633758,-0.7703618,1.055583,0,0,0,1,0.05,0.05,0.05
0.5633758,-0.7703618,1.055583,0,0,0,1,0.05,0.05,0.05
0.629927,-0.7703618,1.121771,0,0,0,1,0.05,0.05,0.05
0.5633758,-0.7703618,1.055583,0,0,0,1,0.05,0.05,0.05
0.5633758,-0.7703618,1.055583,0,0,0,1,0.05,0.05,0.05
0.6811544,-0.7703618,0.979668,0,0,0,1,0.05,0.05,0.05
0.5545284,-0.7703618,0.9445478,0,0,0,1,0.05,0.05,0.05
0.5633758,-0.7703618,1.055583,0,0,0,1,0.05,0.05,0.05
0.3651738,-0.7703618,0.8784862,0,0,0,1,0.05,0.05,0.05
-8587965872605856565
-8587965872603576015
-8587965872603406427
-8587965872603246169
-8587965872603076294
-8587965872602915979
-8587965872602746031
-8587965872602586362
-8587965872602416351
-8587965872602241541
-8587965872602080350
-8587965872601919721
-8587965872601749638
-8587965872601589244
-8587965872601419237
-8587965872601248981
-8587965872601089194
-8587965872600928103
-8587965872600757809
-8587965872600593201
-8587965872600433176
-8587965872600263183
-8587965872600093181
-8587965872599933171
-8587965872599763133
-8587965872599602395
-8587965872599432448
-8587965872599272688
-8587965872599102499
-8587965872598932431
-8587965872598771437
-8587965872598611345
-8587965872598435804
-8587965872598274797
-8587965872598114799
-8587965872597944604
-8587965872597784591
-8587965872597604266
-8587965872597444279
-8587965872597284565
-8587965872597113274
-8587965872596953013
-8587965872596783232
-8587965872596622998
-8587965872596443210
-8587965872596293204
-8587965872596123214
-8587965872595946360
-8587965872595806363
-8587965872595643059
-8587965872595482871
-8587965872595302458
-8587965872595142511
-8587965872594979585
-8587965872594818195
-8587965872594652238
-8587965872594486846
-8587965872594317164
-8587965872594157148
-8587965872593976705
-8587965872593826553
-8587965872593656890
-8587965872593496073
-8587965872593325960
-8587965872593155952
-8587965872592995679
-8587965872592825463
-8587965872592664716
-8587965872592502934
-8587965872592329065
-8587965872592168454
-8587965872591996318
-8587965872591836133
-8587965872591665567
-8587965872591505363
-8587965872591339014
-8587965872591169236
-8587965872591008893
-8587965872590838967
-8587965872590668971
-8587965872590508961
-8587965872590346575
-8587965872590175420
-8587965872590014728
-8587965872589844708
-8587965872589684399
-8587965872589513407
-8587965872589343713
-8587965872589183633
-8587965872589013227
-8587965872588853045
-8587965872588683420
-8587965872588522879
-8587965872588352883
-8587965872588192664
-8587965872588022976
-8587965872587852950
-8587965872587682946
-8587965872587522941
-8587965872587362925
-8587965872587192579
-8587965872587032243
-8587965872586858567
-8587965872586688137
-8587965872586537297
-8587965872586365686
-8587965872586206675
-8587965872586026160
-8587965872585876156
-8587965872585705807
-8587965872585539853
-8587965872585370008
-8587965872585210231
-8587965872585040241
-8587965872584880234
-8587965872584709332
-8587965872584549035
-8587965872584382592
-8587965872584212917
-8587965872584052906
-8587965872583882322
-8587965872583721633
-8587965872583551130
-8587965872583380648
-8587965872583220656
-8587965872583050639
-8587965872582880383
-8587965872582719742
-8587965872582560607
-8587965872582391080
-8587965872582221087
-8587965872582059854
-8587965872581889867
-8587965872581729335
-8587965872581559828
-8587965872581399812
-8587965872581229466
-8587965872581069570
-8587965872580899378
-8587965872580729775
-8587965872580568370
-8587965872580407270
-8587965872580237259
-8587965872580067245
-8587965872579906837
-8587965872579735247
-8587965872579575469
-8587965872579405344
-8587965872579245327
-8587965872579075081
-8587965872578915080
-8587965872578744978
-8587965872578584168
-8587965872578413083
-8587965872578254177
-8587965872578083252
-8587965872577923121
-8587965872577754381
-8587965872577584995
-8587965872577424692
-8587965872577255007
-8587965872577094991
-8587965872576924696
-8587965872576754435
-8587965872576594959
-8587965872576424911
-8587965872576264663
-8587965872576094631
-8587965872575932411
-8587965872575762524
-8587965872575592860
-8587965872575422840
-8587965872575272870
-8587965872575102859
-8587965872574932782
-8587965872574762439
-8587965872574602498
-8587965872574441295
-8587965872574271206
-8587965872574111558
-8587965872573941179
-8587965872573780680
-8587965872573609567
-8587965872573438487
-8587965872573278513
-8587965872573108158
-8587965872572948483
-8587965872572778506
-8587965872572614779
-8587965872572454507
-8587965872572284758
-8587965872572124386
-8587965872571954716
-8587965872571783549
-8587965872571623086
-8587965872571452257
-8587965872571282759
-8587965872571122502
-8587965872570962425
-8587965872570791946
-8587965872570632232
-8587965872570461943
-8587965872570290504
-8587965872570130204
-8587965872569969207
-8587965872569799275
-8587965872569628068
-8587965872569468179
-8587965872569308163
-8587965872569137910
-8587965872568968162
-8587965872568807886
-8587965872568638123
-8587965872568477741
-8587965872568307498
-8587965872568147424
-8587965872567977673
-8587965872567807409
-8587965872567647691
-8587965872567477388
-8587965872567307663
-8587965872567147668
-8587965872566977663
-8587965872566817366
-8587965872566647627
-8587965872566478205
-8587965872566318186
-8587965872566148673
-8587965872565988183
-8587965872565818196
-8587965872565657247
-8587965872565487423
-8587965872565317068
-8587965872565157025
-8587965872564996722
-8587965872564826358
-8587965872564660029
-8587965872564489367
-8587965872564329528
-8587965872564164761
-8587965872564003854
-8587965872563833725
-8587965872563663600
-8587965872563503037
-8587965872563342888
-8587965872563172913
-8587965872563012644
-8587965872562832533
-8587965872562673183
-8587965872562503037
-8587965872562342568
-8587965872562172330
-8587965872562012085
-8587965872561842321
-8587965872561682205
-8587965872561521120
-8587965872561351686
-8587965872561181693
-8587965872561021662
-8587965872560851470
-8587965872560681411
-8587965872560521648
-8587965872560351631
-8587965872560185680
-8587965872560014610
-8587965872559863619
-8587965872559691867
-8587965872559521768
-8587965872559361341
-8587965872559201063
-8587965872559030813
-8587965872558861261
-8587965872558701287
-8587965872558534017
-8587965872558374010
-8587965872558196374
-8587965872558036270
-8587965872557866495
-8587965872557706246
-8587965872557536495
-8587965872557376460
-8587965872557206102
-8587965872557046436
-8587965872556876199
-8587965872556715968
-8587965872556546422
-8587965872556386379
-8587965872556216290
-8587965872556055341
-8587965872555884964
-8587965872555714283
-8587965872555544505
-8587965872555384911
-8587965872555224548
-8587965872555054896
-8587965872554884910
-8587965872554728531
-8587965872554558517
-8587965872554397441
-8587965872554224952
-8587965872554058204
-8587965872553888269
-8587965872553727323
-8587965872553565848
-8587965872553403773
-8587965872553233772
-8587965872553063767
-8587965872552893276
-8587965872552734084
-8587965872552574064
-8587965872552402248
-8587965872552240925
-8587965872552070525
-8587965872551903321
-8587965872551733591
-8587965872551578492
-8587965872551406610
-8587965872551246569
-8587965872551076595
-8587965872550906282
-8587965872550754214
-8587965872550578658
-8587965872550408097
-8587965872550248259
-8587965872550087636
-8587965872549917610
-8587965872549757600
-8587965872549586768
-8587965872549415833
-8587965872549256068
-8587965872549086069
-8587965872548916064
-8587965872548755646
-8587965872548586031
-8587965872548426008
-8587965872548255656
-8587965872548095773
-8587965872547935769
-8587965872547765643
-8587965872547604969
-8587965872547434735
-8587965872547264953
-8587965872547104955
-8587965872546934935
-8587965872546776564
-8587965872546606456
-8587965872546435878
-8587965872546275119
-8587965872546114294
-8587965872545943550
-8587965872545773521
-8587965872545613477
-8587965872545447119
-8587965872545277265
-8587965872545117243
-8587965872544947232
-8587965872544786898
-8587965872544615372
-8587965872544454324
-8587965872544284270
-8587965872544123780
-8587965872543954246
-8587965872543794239
-8587965872543623748
-8587965872543453164
-8587965872543292800
-8587965872543132546
-8587965872542962782
-8587965872542792325
-8587965872542636474
-8587965872542465684
-8587965872542295686
-8587965872542132877
-8587965872541962576
-8587965872541803107
-8587965872541633078
-8587965872541463375
-8587965872541303367
-8587965872541143116
-8587965872540973355
-8587965872540803347
-8587965872540643328
-8587965872540473133
-8587965872540313123
-8587965872540141977
-8587965872539972069
-8587965872539812104
-8587965872539642078
-8587965872539482065
-8587965872539312063
-8587965872539141792
-8587965872538981764
-8587965872538811919
-8587965872538651589
-8587965872538490181
-8587965872538320309
-8587965872538150057
-8587965872537990074
-8587965872537819833
-8587965872537653653
-8587965872537493634
-8587965872537333862
-8587965872537163812
-8587965872536994085
-8587965872536823609
-8587965872536664716
-8587965872536504527
-8587965872536334498
-8587965872536174485
-8587965872536003445
-8587965872535843570
-8587965872535673297
-8587965872535503530
-8587965872535333520
-8587965872535173241
-8587965872535003523
-8587965872534843072
-8587965872534671832
-8587965872534512057
-8587965872534340896
-8587965872534180467
-8587965872534015805
-8587965872533855447
-8587965872533685491
-8587965872533513974
-8587965872533344431
-8587965872533184445
-8587965872533014431
-8587965872532853943
-8587965872532689348
-8587965872532528945
-8587965872532358364
-8587965872532195718
-8587965872532025708
-8587965872531865441
-8587965872531695046
-8587965872531534602
-8587965872531364099
-8587965872531194106
-8587965872531024095
-8587965872530863617
-8587965872530703619
-8587965872530533300
-8587965872530371702
-8587965872530198307
-8587965872530038472
-8587965872529878447
-8587965872529711509
-8587965872529541604
-8587965872529371928
-8587965872529201926
-8587965872529041904
-8587965872528881911
-8587965872528711901
-8587965872528551890
-8587965872528381626
-8587965872528220109
-8587965872528048900
-8587965872527888328
-8587965872527718179
-8587965872527558150
-8587965872527386748
-8587965872527226701
-8587965872527056745
-8587965872526886743
-8587965872526725067
-8587965872526565041
-8587965872526398339
-8587965872526228433
-8587965872526065314
-8587965872525900281
-8587965872525730496
-8587965872525566791
-8587965872525396198
-8587965872525225810
-8587965872525066186
-8587965872524896172
-8587965872524737719
-8587965872524566622
-8587965872524412066
-8587965872524240908
-8587965872524070556
-8587965872523910573
-8587965872523740200
-8587965872523578747
-8587965872523407408
-8587965872523247382
-8587965872523077405
-8587965872522917316
-8587965872522754598
-8587965872522586845
-8587965872522415865
-8587965872522255381
-8587965872522085757
-8587965872521915048
-8587965872521754927
-8587965872521585181
-8587965872521423170
-8587965872521253228
-8587965872521093423
-8587965872520923201
-8587965872520760142
-8587965872520590125
-8587965872520429578
-8587965872520267717
-8587965872520096085
-8587965872519926077
-8587965872519766583
-8587965872519606567
-8587965872519429221
-8587965872519269491
-8587965872519099493
-8587965872518939084
-8587965872518778262
-8587965872518607146
-8587965872518444223
-8587965872518274145
-8587965872518114162
-8587965872517943702
-8587965872517774156
-8587965872517614148
-8587965872517453631
-8587965872517284136
-8587965872517114141
-8587965872516943632
-8587965872516783691
-8587965872516622531
-8587965872516451288
-8587965872516282183
-8587965872516122188
-8587965872515950957
-8587965872515790829
-8587965872515618316
-8587965872515458073
-8587965872515288295
-8587965872515128306
-8587965872514958277
-8587965872514797874
-8587965872514628238
-8587965872514465366
-8587965872514304909
-8587965872514134705
-8587965872513964380
-8587965872513804481
-8587965872513634470
-8587965872513464224
-8587965872513304220
-8587965872513134417
-8587965872512974371
-8587965872512814185
-8587965872512644069
-8587965872512474375
-8587965872512313984
-8587965872512143255
-8587965872511982185
-8587965872511811631
-8587965872511651627
-8587965872511481381
-8587965872511311403
-8587965872511151601
-8587965872510991120
-8587965872510821356
-8587965872510650639
-8587965872510489566
-8587965872510328424
-8587965872510158166
-8587965872509987747
-8587965872509827662
-8587965872509657400
-8587965872509494728
-8587965872509325888
-8587965872509165470
-8587965872509005744
-8587965872508835114
-8587965872508664403
-8587965872508504236
-8587965872508334554
-8587965872508163619
-8587965872508003419
-8587965872507842741
-8587965872507673401
-8587965872507512907
-8587965872507342737
-8587965872507172735
-8587965872507012734
-8587965872506842300
-8587965872506672703
-8587965872506512708
-8587965872506352697
-8587965872506182394
-8587965872506012374
-8587965872505852376
-8587965872505692236
-8587965872505521998
-8587965872505351975
-8587965872505191573
-8587965872505021945
-8587965872504851663
-8587965872504691927
-8587965872504531944
-8587965872504360397
-8587965872504200160
-8587965872504030246
-8587965872503860395
-8587965872503700128
-8587965872503538503
-8587965872503367930
-8587965872503197947
-8587965872503027930
-8587965872502867428
-8587965872502707541
-8587965872502537808
-8587965872502367791
-8587965872502211998
-8587965872502041978
-8587965872501879972
-8587965872501709708
-8587965872501539941
-8587965872501378718
-8587965872501218686
-8587965872501048709
-8587965872500878698
-8587965872500718688
-8587965872500548281
-8587965872500386514
-8587965872500215205
-8587965872500053743
-8587965872499884040
-8587965872499723212
-8587965872499553358
-8587965872499392376
-8587965872499222368
-8587965872499062340
-8587965872498892226
-8587965872498722224
-8587965872498563355
-8587965872498393471
-8587965872498233581
-8587965872498062266
-8587965872497901490
-8587965872497731476
-8587965872497560318
-8587965872497400935
-8587965872497240910
-8587965872497070929
-8587965872496910400
-8587965872496740899
-8587965872496570882
-8587965872496410492
-8587965872496241646
-8587965872496081023
-8587965872495911284
-8587965872495740998
-8587965872495581238
-8587965872495413099
-8587965872495253089
-8587965872495083099
-8587965872494912596
-8587965872494753063
-8587965872494582850
-8587965872494419048
-8587965872494258754
-8587965872494088776
-8587965872493919028
-8587965872493758767
-8587965872493587996
-8587965872493427479
-8587965872493257754
-8587965872493097983
-8587965872492927697
-8587965872492766476
-8587965872492596305
-8587965872492434804
-8587965872492265041
-8587965872492104541
-8587965872491932722
-8587965872491761619
-8587965872491601832
-8587965872491441855
-8587965872491271590
-8587965872491111822
-8587965872490941581
-8587965872490771607
-8587965872490611808
-8587965872490449836
-8587965872490278759
-8587965872490117970
-8587965872489946749
-8587965872489776083
-8587965872489616076
-8587965872489455220
-8587965872489285251
-8587965872489115470
-8587965872488945492
-8587965872488785464
-8587965872488625472
-8587965872488455425
-8587965872488295167
-8587965872488125183
-8587965872487965185
-8587965872487794552
-8587965872487625006
-8587965872487464655
-8587965872487294765
-8587965872487134513
-8587965872486964300
-8587965872486804278
-8587965872486634360
-8587965872486464488
-8587965872486294324
-8587965872486134153
-8587965872485963632
-8587965872485813046
-8587965872485641067
-8587965872485470905
-8587965872485300885
-8587965872485140896
-8587965872484970647
-8587965872484810555
-8587965872484640083
-8587965872484489155
-8587965872484312008
-8587965872484152086
-8587965872483981239
-8587965872483810968
-8587965872483650710
-8587965872483481146
-8587965872483320738
-8587965872483150467
-8587965872482990433
-8587965872482820648
-8587965872482650079
-8587965872482489821
-8587965872482319641
-8587965872482159909
-8587965872481998096
-8587965872481827729
-8587965872481657718
-8587965872481497470
-8587965872481336880
-8587965872481166621
-8587965872481006859
-8587965872480836827
-8587965872480666031
-8587965872480504684
-8587965872480334443
-8587965872480174512
-8587965872480012500
-8587965872479842731
-8587965872479674757
-8587965872479514481
-8587965872479344380
-8587965872479174354
-8587965872479014380
-8587965872478853872
-8587965872478683882
-8587965872478513530
-8587965872478343673
-8587965872478182872
-8587965872478012952
-8587965872477852944
-8587965872477691313
-8587965872477521311
-8587965872477351789
-8587965872477191782
-8587965872477021303
-8587965872476851757
-8587965872476691735
-8587965872476531070
-8587965872476359912
-8587965872476191425
-8587965872476031862
-8587965872475870859
-8587965872475699945
-8587965872475530426
-8587965872475360400
-8587965872475200405
-8587965872475030144
-8587965872474870360
-8587965872474710368
-8587965872474536285
-8587965872474373039
-8587965872474212796
-8587965872474043030
-8587965872473872545
-8587965872473712230
-8587965872473551631
-8587965872473380059
-8587965872473219693
-8587965872473049706
-8587965872472889949
-8587965872472719776
-8587965872472550012
-8587965872472379911
-8587965872472225684
-8587965872472055045
-8587965872471884168
-8587965872471723729
-8587965872471553815
-8587965872471395477
-8587965872471225717
-8587965872471065703
-8587965872470895373
-8587965872470724903
-8587965872470564437
-8587965872470395000
-8587965872470233863
-8587965872470072528
-8587965872469902659
-8587965872469731908
-8587965872469561659
-8587965872469401733
-8587965872469241708
-8587965872469071724
-8587965872468901714
-8587965872468741217
-8587965872468581533
-8587965872468410946
-8587965872468250377
-8587965872468079183
-8587965872467918940
-8587965872467747510
-8587965872467577472
-8587965872467415262
-8587965872467245320
-8587965872467085554
-8587965872466915269
-8587965872466745530
-8587965872466585544
-8587965872466425250
-8587965872466255489
-8587965872466095494
-8587965872465925438
-8587965872465764842
-8587965872465595100
-8587965872465433834
-8587965872465263817
-8587965872465093824
-8587965872464933763
-8587965872464760760
-8587965872464601010
-8587965872464430975
-8587965872464270708
-8587965872464109415
-8587965872463932035
-8587965872463772300
-8587965872463602259
-8587965872463432040
-8587965872463272238
-8587965872463112249
-8587965872462942211
-8587965872462772218
-8587965872462612232
-8587965872462441955
-8587965872462272198
-8587965872462121841
-8587965872461951779
-8587965872461781753
-8587965872461621308
-8587965872461451771
-8587965872461281739
-8587965872461121382
-8587965872460951292
-8587965872460791291
-8587965872460622521
-8587965872460462028
-8587965872460292014
-8587965872460128233
-8587965872459968305
-8587965872459797566
-8587965872459635624
-8587965872459467886
-8587965872459298207
-8587965872459137959
-8587965872458967933
-8587965872458808194
-8587965872458637936
-8587965872458467901
-8587965872458298149
-8587965872458138136
-8587965872457978147
-8587965872457807895
-8587965872457647875
-8587965872457477867
-8587965872457308098
-8587965872457147668
-8587965872456978059
-8587965872456817837
-8587965872456647829
-8587965872456488061
-8587965872456318053
-8587965872456157804
-8587965872455987793
-8587965872455817782
-8587965872455658011
-8587965872455487758
-8587965872455327974
-8587965872455157988
-8587965872454987735
-8587965872454827964
-8587965872454657714
-8587965872454497710
-8587965872454327606
-8587965872454167683
-8587965872453997923
-8587965872453837915
-8587965872453667892
-8587965872453507879
-8587965872453337877
-8587965872453167860
-8587965872453007603
-8587965872452837860
-8587965872452676498
-8587965872452505907
-8587965872452345468
-8587965872452174923
-8587965872452012948
-8587965872451843185
-8587965872451683150
-8587965872451518932
-8587965872451348589
-8587965872451188778
-8587965872451017041
-8587965872450854057
-8587965872450690150
-8587965872450519807
-8587965872450359003
-8587965872450189312
-8587965872450029537
-8587965872449859544
-8587965872449698737
-8587965872449518716
-8587965872449358314
-8587965872449198276
-8587965872449028069
-8587965872448858173
-8587965872448698275
-8587965872448525206
-8587965872448365202
-8587965872448201424
-8587965872448031824
-8587965872447871811
-8587965872447710581
-8587965872447542804
-8587965872447373294
-8587965872447203292
-8587965872447042808
-8587965872446882843
-8587965872446709524
-8587965872446549846
-8587965872446379617
-8587965872446209299
-8587965872446047649
-8587965872445887730
-8587965872445707347
-8587965872445545426
-8587965872445385418
-8587965872445215350
-8587965872445054945
-8587965872444885393
-8587965872444725168
-8587965872444554831
-8587965872444391349
-8587965872444230174
-8587965872444060586
-8587965872443899845
-8587965872443728862
-8587965872443567478
-8587965872443397564
-8587965872443227550
-8587965872443067305
-8587965872442897541
-8587965872442737114
-8587965872442567439
-8587965872442407120
-8587965872442235114
-8587965872442075493
-8587965872441902675
-8587965872441741455
-8587965872441571257
-8587965872441401261
-8587965872441240976
-8587965872441071234
-8587965872440901232
-8587965872440740319
-8587965872440578984
-8587965872440418916
-8587965872440248172
-8587965872440087739
-8587965872439917163
-8587965872439757657
-8587965872439586662
-8587965872439426359
-8587965872439256614
-8587965872439086404
-8587965872438926629
-8587965872438756612
-8587965872438596602
-8587965872438426202
-8587965872438264954
-8587965872438094354
-8587965872437933937
-8587965872437764025
-8587965872437604308
-8587965872437432513
-8587965872437272808
-8587965872437092808
-8587965872436932116
-8587965872436768915
-8587965872436608883
-8587965872436437898
-8587965872436276782
-8587965872436105021
-8587965872435943845
-8587965872435773898
-8587965872435612952
-8587965872435442983
-8587965872435282626
-8587965872435112935
-8587965872434952726
-8587965872434782636
-8587965872434612662
-8587965872434449464
-8587965872434279447
-8587965872434118987
-8587965872433950059
-8587965872433789995
-8587965872433627271
-8587965872433457272
-8587965872433297253
-8587965872433117259
-8587965872432957234
-8587965872432793037
-8587965872432632637
-8587965872432460942
-8587965872432299214
-8587965872432129714
-8587965872431969085
-8587965872431799022
-8587965872431639251
-8587965872431468554
-8587965872431308523
-8587965872431138527
-8587965872430968187
-8587965872430807746
-8587965872430646084
-8587965872430476318
-8587965872430305981
-8587965872430146306
-8587965872429972709
-8587965872429812988
-8587965872429652326
-8587965872429480341
-8587965872429310357
-8587965872429150359
-8587965872428980264
-8587965872428809109
-8587965872428649606
-8587965872428488545
-8587965872428318531
-8587965872428146881
-8587965872427986895
-8587965872427816860
-8587965872427656515
-8587965872427486579
-8587965872427325962
-8587965872427165955
-8587965872426995479
-8587965872426825746
-8587965872426665682
-8587965872426495529
-8587965872426335528
-8587965872426164050
-8587965872425994585
-8587965872425833796
-8587965872425673792
-8587965872425503757
-8587965872425333740
-8587965872425173754
-8587965872425013704
-8587965872424847889
-8587965872424677842
-8587965872424507822
-8587965872424347815
-8587965872424181553
-8587965872424011304
-8587965872423844164
-8587965872423684413
-8587965872423514058
-8587965872423354404
-8587965872423184149
-8587965872423023972
-8587965872422854387
-8587965872422693420
-8587965872422517345
-8587965872422357310
-8587965872422193690
-8587965872422023021
-8587965872421863008
-8587965872421692420
-8587965872421531568
-8587965872421358149
-8587965872421198127
-8587965872421027808
-8587965872420860876
-8587965872420700437
-8587965872420530918
-8587965872420370899
-8587965872420205096
-8587965872420042885
-8587965872419872132
-8587965872419705245
-8587965872419544360
-8587965872419374865
-8587965872419204848
-8587965872419044599
-8587965872418880085
-8587965872418708746
-8587965872418544878
-8587965872418384418
-8587965872418213716
-8587965872418043965
-8587965872417883716
-8587965872417721629
-8587965872417550975
-8587965872417391683
-8587965872417221684
-8587965872417061674
-8587965872416891564
-8587965872416721408
-8587965872416550808
-8587965872416390207
-8587965872416220184
-8587965872416050182
-8587965872415894627
-8587965872415733711
-8587965872415560842
-8587965872415391290
-8587965872415231116
-8587965872415061247
-8587965872414901014
-8587965872414740475
-8587965872414570664
-8587965872414410656
-8587965872414238596
-8587965872414077882
-8587965872413908430
-8587965872413737670
-8587965872413571258
-8587965872413410855
-8587965872413250830
-8587965872413080602
-8587965872412910582
-8587965872412748313
-8587965872412582734
-8587965872412420704
-8587965872412249181
-8587965872412087788
-8587965872411917023
-8587965872411756777
-8587965872411586353
-8587965872411425621
-8587965872411255631
-8587965872411095597
-8587965872410925613
-8587965872410755584
-8587965872410590635
-8587965872410420416
-8587965872410260617
-8587965872410094084
-8587965872409933485
-8587965872409761476
-8587965872409602102
-8587965872409431337
-8587965872409261332
-8587965872409101334
-8587965872408941121
-8587965872408770286
-8587965872408599596
-8587965872408438050
-8587965872408277566
-8587965872408106100
-8587965872407946080
-8587965872407774765
-8587965872407614861
-8587965872407442308
-8587965872407282090
-8587965872407112526
-8587965872406952515
-8587965872406782517
-8587965872406612116
-8587965872406450657
-8587965872406280320
-8587965872406119604
-8587965872405954217
-8587965872405793643
-8587965872405622379
-8587965872405452383
-8587965872405292131
-8587965872405132363
-8587965872404961854
-8587965872404801551
-8587965872404635533
-8587965872404465508
-8587965872404305500
-8587965872404125362
-8587965872403965032
-8587965872403805471
-8587965872403633704
-8587965872403472839
-8587965872403303049
-8587965872403142661
-8587965872402973033
-8587965872402802920
-8587965872402641283
-8587965872402469965
-8587965872402309372
-8587965872402147656
-8587965872401976670
-8587965872401815241
-8587965872401645252
-8587965872401484991
-8587965872401314974
-8587965872401145211
-8587965872400985218
-8587965872400824940
-8587965872400655188
0.5633758,-0.7703618,1.055583,0,0,0,1,0.05,0.05,0.05
0.5633758,-0.7703618,1.055583,0,0,0,1,0.05,0.05,0.05
0.5633758,-0.7703618,1.055583,0,0,0,1,0.05,0.05,0.05
0.5633758,-0.7703618,1.055583,0,0,0,1,0.05,0.05,0.05
0.5633758,-0.7703618,1.055583,0,0,0,1,0.05,0.05,0.05
0.6709759,-0.7703618,0.505583,0,0,0,1,0.05,0.05,0.05
0.5633758,-0.7703618,1.055583,0,0,0,1,0.05,0.05,0.05
0.5633758,-0.7703618,1.055583,0,0,0,1,0.05,0.05,0.05
0.5633758,-0.7703618,1.055583,0,0,0,1,0.05,0.05,0.05
0.5633758,-0.7703618,1.055583,0,0,0,1,0.05,0.05,0.05
0.5633758,-0.7703618,1.055583,0,0,0,1,0.05,0.05,0.05
0.3785758,-0.7703618,0.505583,0,0,0,1,0.05,0.05,0.05
0.5633758,-0.7703618,1.055583,0,0,0,1,0.05,0.05,0.05
0.5633758,-0.7703618,1.055583,0,0,0,1,0.05,0.05,0.05
0.2323758,-0.7703618,0.505583,0,0,0,1,0.05,0.05,0.05
0.8171759,-0.7703618,0.505583,0,0,0,1,0.05,0.05,0.05
0.5633758,-0.7703618,1.055583,0,0,0,1,0.05,0.05,0.05
0.5247759,-0.7703618,0.505583,0,0,0,1,0.05,0.05,0.05
-8587965872400485177
-8587965872400324418
-8587965872400154670
-8587965872399993057
-8587965872399821778
-8587965872399661820
-8587965872399491615
-8587965872399321595
-8587965872399161241
-8587965872399001240
-8587965872398831564
-8587965872398671554
-8587965872398501178
-8587965872398341545
-8587965872398168307
-8587965872397998520
-8587965872397828774
-8587965872397668514
-8587965872397508512
-8587965872397338501
-8587965872397168445
-8587965872397007472
-8587965872396837968
-8587965872396677943
-8587965872396507419
-8587965872396347617
-8587965872396177431
-8587965872396016787
-8587965872395846788
-8587965872395686829
-8587965872395516740
-8587965872395346723
-8587965872395186414
-8587965872395026467
-8587965872394856695
-8587965872394686451
-8587965872394526329
-8587965872394354945
-8587965872394185245
-8587965872394024296
-8587965872393854798
-8587965872393694281
-8587965872393523051
-8587965872393363502
-8587965872393193470
-8587965872393033240
-8587965872392863247
-8587965872392703228
-8587965872392533217
-8587965872392363203
-8587965872392203193
-8587965872392042403
-8587965872391872384
-8587965872391712376
-8587965872391542151
-8587965872391373960
-8587965872391203928
-8587965872391043933
-8587965872390883938
-8587965872390713622
-8587965872390552513
-8587965872390382255
-8587965872390220249
-8587965872390048663
-8587965872389878652
-8587965872389717531
-8587965872389556295
-8587965872389393142
-8587965872389223150
-8587965872389052894
-8587965872388882530
-8587965872388727549
-8587965872388558054
-8587965872388388282
-8587965872388228284
-8587965872388057231
-8587965872387897239
-8587965872387736882
-8587965872387568782
-8587965872387398792
-8587965872387228787
-8587965872387068783
-8587965872386908450
-8587965872386738768
-8587965872386568739
-8587965872386397759
-8587965872386243647
-8587965872386071837
-8587965872385908802
-8587965872385738121
-8587965872385578543
-8587965872385418309
-8587965872385248301
-8587965872385088536
-8587965872384918389
-8587965872384747741
-8587965872384587740
-8587965872384417732
-8587965872384247468
-8587965872384086579
-8587965872383918292
-8587965872383758266
-8587965872383588243
-8587965872383418915
-8587965872383258551
-8587965872383088888
-8587965872382928844
-8587965872382757064
-8587965872382597063
-8587965872382426500
-8587965872382259731
-8587965872382098737
-8587965872381928659
-8587965872381768806
-8587965872381606420
-8587965872381437843
-8587965872381268095
-8587965872381108070
-8587965872380938071
-8587965872380778036
-8587965872380608019
-8587965872380448030
-8587965872380282873
-8587965872380112700
-8587965872379952315
-8587965872379782805
-8587965872379611886
-8587965872379450913
-8587965872379280884
-8587965872379110894
-8587965872378950648
-8587965872378781938
-8587965872378621916
-8587965872378451507
-8587965872378291490
-8587965872378114446
-8587965872377954680
-8587965872377787918
-8587965872377617907
-8587965872377457664
-8587965872377287886
-8587965872377127637
-8587965872376967406
-8587965872376797622
-8587965872376637249
-8587965872376467000
-8587965872376296868
-8587965872376137217
-8587965872375969087
-8587965872375798161
-8587965872375637964
-8587965872375467778
-8587965872375308009
-8587965872375137660
-8587965872374977747
-8587965872374806178
-8587965872374636198
-8587965872374486239
-8587965872374315368
-8587965872374145710
-8587965872373985069
-8587965872373810132
-8587965872373650122
-8587965872373480117
-8587965872373310103
-8587965872373150081
-8587965872372989575
-8587965872372819619
-8587965872372658148
-8587965872372488131
-8587965872372328157
-8587965872372163081
-8587965872371991356
-8587965872371827844
-8587965872371657833
-8587965872371497823
-8587965872371327812
-8587965872371167793
-8587965872370997344
-8587965872370827321
-8587965872370667251
-8587965872370504397
-8587965872370333094
-8587965872370173057
-8587965872370002671
-8587965872369833056
-8587965872369682080
-8587965872369511245
-8587965872369339659
-8587965872369179630
-8587965872369009647
-8587965872368849624
-8587965872368678826
-8587965872368517234
-8587965872368347184
-8587965872368177173
-8587965872368017685
-8587965872367856820
-8587965872367686435
-8587965872367516421
-8587965872367356420
-8587965872367186044
-8587965872367026417
-8587965872366856086
-8587965872366686374
-8587965872366526050
-8587965872366363942
-8587965872366193252
-8587965872366032653
-8587965872365862886
-8587965872365691804
-8587965872365532047
-8587965872365361218
-8587965872365201051
-8587965872365040757
-8587965872364871181
-8587965872364701055
-8587965872364541139
-8587965872364370753
-8587965872364210456
-8587965872364040385
-8587965872363880149
-8587965872363710174
-8587965872363540151
-8587965872363370382
-8587965872363210136
-8587965872363050123
-8587965872362879843
-8587965872362720225
-8587965872362550722
-8587965872362380705
-8587965872362209486
-8587965872362049479
-8587965872361888304
-8587965872361728284
-8587965872361558144
-8587965872361390216
-8587965872361220217
-8587965872361060210
-8587965872360890169
-8587965872360729684
-8587965872360559667
-8587965872360399651
-8587965872360229674
-8587965872360069591
-8587965872359898448
-8587965872359736403
-8587965872359566456
-8587965872359403937
-8587965872359233890
-8587965872359073940
-8587965872358904681
-8587965872358735141
-8587965872358574768
-8587965872358414791
-8587965872358244418
-8587965872358079509
-8587965872357908650
-8587965872357738587
-8587965872357586933
-8587965872357415899
-8587965872357245652
-8587965872357085899
-8587965872356915643
-8587965872356745548
-8587965872356585864
-8587965872356414681
-8587965872356254695
-8587965872356091473
-8587965872355921499
-8587965872355760284
-8587965872355588927
-8587965872355428624
-8587965872355258682
-8587965872355098920
-8587965872354928450
-8587965872354758421
-8587965872354596759
-8587965872354435641
-8587965872354265631
-8587965872354105367
-8587965872353938305
-8587965872353777314
-8587965872353602941
-8587965872353432637
-8587965872353272935
-8587965872353102933
-8587965872352942905
-8587965872352774548
-8587965872352614559
-8587965872352444461
-8587965872352281229
-8587965872352114575
-8587965872351943768
-8587965872351783893
-8587965872351614332
-8587965872351453984
-8587965872351284308
-8587965872351124280
-8587965872350954299
-8587965872350784285
-8587965872350624033
-8587965872350453995
-8587965872350294100
-8587965872350123995
-8587965872349953990
-8587965872349793793
-8587965872349623761
-8587965872349463953
-8587965872349294178
-8587965872349134146
-8587965872348964181
-8587965872348794182
-8587965872348633927
-8587965872348464010
-8587965872348304144
