-8587996717428704426
3.306041,-4,19.71805,0,0,0,1,1,0.5,1
-14.67969,-4,-10.22116,0,0,0,1,0.5,0.5,0.5
21.41992,-4,9.638551,0,0.5,0,0.8660254,1,1,1
4.024243,-4,-21.28512,0,0,0,1,1,1,1
21.67084,-4,-9.919243,0.3535534,-0.1464466,0.3535534,0.8535534,1,1,1
-15.54788,-0.5670886,-30.79661,0,0,0,1,1,1,1
-8587996717428604421
3.306041,-4,19.71805,0,0,0,1,1,0.5,1
-14.67969,-4,-10.22116,0,0,0,1,0.5,0.5,0.5
21.41992,-4,9.638551,0,0.5,0,0.8660254,1,1,1
4.024243,-4,-21.28512,0,0,0,1,1,1,1
21.67084,-4,-9.919243,0.3535534,-0.1464466,0.3535534,0.8535534,1,1,1
-15.54788,-0.5670886,-30.79661,0,0,0,1,1,1,1
-8587996717426784316
3.306041,-4,19.71805,0,0,0,1,1,0.5,1
-14.67969,-4,-10.22116,0,0,0,1,0.5,0.5,0.5
21.41992,-4,9.638551,0,0.5,0,0.8660254,1,1,1
4.024243,-4,-21.28512,0,0,0,1,1,1,1
21.67084,-4,-9.919243,0.3535534,-0.1464466,0.3535534,0.8535534,1,1,1
-15.54788,-0.5670886,-30.79661,0,0,0,1,1,1,1
-8587996717426434296
3.306041,-4,19.71805,0,0,0,1,1,0.5,1
-14.67969,-4,-10.22116,0,0,0,1,0.5,0.5,0.5
21.41992,-4,9.638551,0,0.5,0,0.8660254,1,1,1
4.024243,-4,-21.28512,0,0,0,1,1,1,1
21.67084,-4,-9.919243,0.3535534,-0.1464466,0.3535534,0.8535534,1,1,1
-15.54788,-0.5670886,-30.79661,0,0,0,1,1,1,1
-8587996717426264287
3.306041,-4,19.71805,0,0,0,1,1,0.5,1
-14.67969,-4,-10.22116,0,0,0,1,0.5,0.5,0.5
21.41992,-4,9.638551,0,0.5,0,0.8660254,1,1,1
4.024243,-4,-21.28512,0,0,0,1,1,1,1
21.67084,-4,-9.919243,0.3535534,-0.1464466,0.3535534,0.8535534,1,1,1
-15.54788,-0.5670886,-30.79661,0,0,0,1,1,1,1
-8587996717426104278
3.306041,-4,19.71805,0,0,0,1,1,0.5,1
-14.67969,-4,-10.22116,0,0,0,1,0.5,0.5,0.5
21.41992,-4,9.638551,0,0.5,0,0.8660254,1,1,1
4.024243,-4,-21.28512,0,0,0,1,1,1,1
21.67084,-4,-9.919243,0.3535534,-0.1464466,0.3535534,0.8535534,1,1,1
-15.54788,-0.5670886,-30.79661,0,0,0,1,1,1,1
-8587996717425934268
3.306041,-4,19.71805,0,0,0,1,1,0.5,1
-14.67969,-4,-10.22116,0,0,0,1,0.5,0.5,0.5
21.41992,-4,9.638551,0,0.5,0,0.8660254,1,1,1
4.024243,-4,-21.28512,0,0,0,1,1,1,1
21.67084,-4,-9.919243,0.3535534,-0.1464466,0.3535534,0.8535534,1,1,1
-15.54788,-0.5670886,-30.79661,0,0,0,1,1,1,1
-8587996717425774259
3.306041,-4,19.71805,0,0,0,1,1,0.5,1
-14.67969,-4,-10.22116,0,0,0,1,0.5,0.5,0.5
21.41992,-4,9.638551,0,0.5,0,0.8660254,1,1,1
4.024243,-4,-21.28512,0,0,0,1,1,1,1
21.67084,-4,-9.919243,0.3535534,-0.1464466,0.3535534,0.8535534,1,1,1
-15.54788,-0.5670886,-30.79661,0,0,0,1,1,1,1
-8587996717425604249
3.306041,-4,19.71805,0,0,0,1,1,0.5,1
-14.67969,-4,-10.22116,0,0,0,1,0.5,0.5,0.5
21.41992,-4,9.638551,0,0.5,0,0.8660254,1,1,1
4.024243,-4,-21.28512,0,0,0,1,1,1,1
21.67084,-4,-9.919243,0.3535534,-0.1464466,0.3535534,0.8535534,1,1,1
-15.54788,-0.5670886,-30.79661,0,0,0,1,1,1,1
-8587996717425444240
3.306041,-4,19.71805,0,0,0,1,1,0.5,1
-14.67969,-4,-10.22116,0,0,0,1,0.5,0.5,0.5
21.41992,-4,9.638551,0,0.5,0,0.8660254,1,1,1
4.024243,-4,-21.28512,0,0,0,1,1,1,1
21.67084,-4,-9.919243,0.3535534,-0.1464466,0.3535534,0.8535534,1,1,1
-15.54788,-0.5670886,-30.79661,0,0,0,1,1,1,1
-8587996717425274230
3.306041,-4,19.71805,0,0,0,1,1,0.5,1
-14.67969,-4,-10.22116,0,0,0,1,0.5,0.5,0.5
21.41992,-4,9.638551,0,0.5,0,0.8660254,1,1,1
4.024243,-4,-21.28512,0,0,0,1,1,1,1
21.67084,-4,-9.919243,0.3535534,-0.1464466,0.3535534,0.8535534,1,1,1
-15.54788,-0.5670886,-30.79661,0,0,0,1,1,1,1
-8587996717425114221
3.306041,-4,19.71805,0,0,0,1,1,0.5,1
-14.67969,-4,-10.22116,0,0,0,1,0.5,0.5,0.5
21.41992,-4,9.638551,0,0.5,0,0.8660254,1,1,1
4.024243,-4,-21.28512,0,0,0,1,1,1,1
21.67084,-4,-9.919243,0.3535534,-0.1464466,0.3535534,0.8535534,1,1,1
-15.54788,-0.5670886,-30.79661,0,0,0,1,1,1,1
-8587996717424944211
3.306041,-4,19.71805,0,0,0,1,1,0.5,1
-14.67969,-4,-10.22116,0,0,0,1,0.5,0.5,0.5
21.41992,-4,9.638551,0,0.5,0,0.8660254,1,1,1
4.024243,-4,-21.28512,0,0,0,1,1,1,1
21.67084,-4,-9.919243,0.3535534,-0.1464466,0.3535534,0.8535534,1,1,1
-15.54788,-0.5670886,-30.79661,0,0,0,1,1,1,1
-8587996717424774202
3.306041,-4,19.71805,0,0,0,1,1,0.5,1
-14.67969,-4,-10.22116,0,0,0,1,0.5,0.5,0.5
21.41992,-4,9.638551,0,0.5,0,0.8660254,1,1,1
4.024243,-4,-21.28512,0,0,0,1,1,1,1
21.67084,-4,-9.919243,0.3535534,-0.1464466,0.3535534,0.8535534,1,1,1
-15.54788,-0.5670886,-30.79661,0,0,0,1,1,1,1
-8587996717424614192
3.306041,-4,19.71805,0,0,0,1,1,0.5,1
-14.67969,-4,-10.22116,0,0,0,1,0.5,0.5,0.5
21.41992,-4,9.638551,0,0.5,0,0.8660254,1,1,1
4.024243,-4,-21.28512,0,0,0,1,1,1,1
21.67084,-4,-9.919243,0.3535534,-0.1464466,0.3535534,0.8535534,1,1,1
-15.54788,-0.5670886,-30.79661,0,0,0,1,1,1,1
-8587996717424444183
3.306041,-4,19.71805,0,0,0,1,1,0.5,1
-14.67969,-4,-10.22116,0,0,0,1,0.5,0.5,0.5
21.41992,-4,9.638551,0,0.5,0,0.8660254,1,1,1
4.024243,-4,-21.28512,0,0,0,1,1,1,1
21.67084,-4,-9.919243,0.3535534,-0.1464466,0.3535534,0.8535534,1,1,1
-15.54788,-0.5670886,-30.79661,0,0,0,1,1,1,1
-8587996717424284173
3.306041,-4,19.71805,0,0,0,1,1,0.5,1
-14.67969,-4,-10.22116,0,0,0,1,0.5,0.5,0.5
21.41992,-4,9.638551,0,0.5,0,0.8660254,1,1,1
4.024243,-4,-21.28512,0,0,0,1,1,1,1
21.67084,-4,-9.919243,0.3535534,-0.1464466,0.3535534,0.8535534,1,1,1
-15.54788,-0.5670886,-30.79661,0,0,0,1,1,1,1
-8587996717424114164
3.306041,-4,19.71805,0,0,0,1,1,0.5,1
-14.67969,-4,-10.22116,0,0,0,1,0.5,0.5,0.5
21.41992,-4,9.638551,0,0.5,0,0.8660254,1,1,1
4.024243,-4,-21.28512,0,0,0,1,1,1,1
21.67084,-4,-9.919243,0.3535534,-0.1464466,0.3535534,0.8535534,1,1,1
-15.54788,-0.5670886,-30.79661,0,0,0,1,1,1,1
-8587996717423954155
3.306041,-4,19.71805,0,0,0,1,1,0.5,1
-14.67969,-4,-10.22116,0,0,0,1,0.5,0.5,0.5
21.41992,-4,9.638551,0,0.5,0,0.8660254,1,1,1
4.024243,-4,-21.28512,0,0,0,1,1,1,1
21.67084,-4,-9.919243,0.3535534,-0.1464466,0.3535534,0.8535534,1,1,1
-15.54788,-0.5670886,-30.79661,0,0,0,1,1,1,1
-8587996717423784145
3.306041,-4,19.71805,0,0,0,1,1,0.5,1
-14.67969,-4,-10.22116,0,0,0,1,0.5,0.5,0.5
21.41992,-4,9.638551,0,0.5,0,0.8660254,1,1,1
4.024243,-4,-21.28512,0,0,0,1,1,1,1
21.67084,-4,-9.919243,0.3535534,-0.1464466,0.3535534,0.8535534,1,1,1
-15.54788,-0.5670886,-30.79661,0,0,0,1,1,1,1
-8587996717423614135
3.306041,-4,19.71805,0,0,0,1,1,0.5,1
-14.67969,-4,-10.22116,0,0,0,1,0.5,0.5,0.5
21.41992,-4,9.638551,0,0.5,0,0.8660254,1,1,1
4.024243,-4,-21.28512,0,0,0,1,1,1,1
21.67084,-4,-9.919243,0.3535534,-0.1464466,0.3535534,0.8535534,1,1,1
-15.54788,-0.5670886,-30.79661,0,0,0,1,1,1,1
-8587996717423454126
3.306041,-4,19.71805,0,0,0,1,1,0.5,1
-14.67969,-4,-10.22116,0,0,0,1,0.5,0.5,0.5
21.41992,-4,9.638551,0,0.5,0,0.8660254,1,1,1
4.024243,-4,-21.28512,0,0,0,1,1,1,1
21.67084,-4,-9.919243,0.3535534,-0.1464466,0.3535534,0.8535534,1,1,1
-15.54788,-0.5670886,-30.79661,0,0,0,1,1,1,1
-8587996717423284116
3.306041,-4,19.71805,0,0,0,1,1,0.5,1
-14.67969,-4,-10.22116,0,0,0,1,0.5,0.5,0.5
21.41992,-4,9.638551,0,0.5,0,0.8660254,1,1,1
4.024243,-4,-21.28512,0,0,0,1,1,1,1
21.67084,-4,-9.919243,0.3535534,-0.1464466,0.3535534,0.8535534,1,1,1
-15.54788,-0.5670886,-30.79661,0,0,0,1,1,1,1
-8587996717423124107
3.306041,-4,19.71805,0,0,0,1,1,0.5,1
-14.67969,-4,-10.22116,0,0,0,1,0.5,0.5,0.5
21.41992,-4,9.638551,0,0.5,0,0.8660254,1,1,1
4.024243,-4,-21.28512,0,0,0,1,1,1,1
21.67084,-4,-9.919243,0.3535534,-0.1464466,0.3535534,0.8535534,1,1,1
-15.54788,-0.5670886,-30.79661,0,0,0,1,1,1,1
-8587996717422954097
3.306041,-4,19.71805,0,0,0,1,1,0.5,1
-14.67969,-4,-10.22116,0,0,0,1,0.5,0.5,0.5
21.41992,-4,9.638551,0,0.5,0,0.8660254,1,1,1
4.024243,-4,-21.28512,0,0,0,1,1,1,1
21.67084,-4,-9.919243,0.3535534,-0.1464466,0.3535534,0.8535534,1,1,1
-15.54788,-0.5670886,-30.79661,0,0,0,1,1,1,1
-8587996717422794088
3.306041,-4,19.71805,0,0,0,1,1,0.5,1
-14.67969,-4,-10.22116,0,0,0,1,0.5,0.5,0.5
21.41992,-4,9.638551,0,0.5,0,0.8660254,1,1,1
4.024243,-4,-21.28512,0,0,0,1,1,1,1
21.67084,-4,-9.919243,0.3535534,-0.1464466,0.3535534,0.8535534,1,1,1
-15.54788,-0.5670886,-30.79661,0,0,0,1,1,1,1
-8587996717422624079
3.306041,-4,19.71805,0,0,0,1,1,0.5,1
-14.67969,-4,-10.22116,0,0,0,1,0.5,0.5,0.5
21.41992,-4,9.638551,0,0.5,0,0.8660254,1,1,1
4.024243,-4,-21.28512,0,0,0,1,1,1,1
21.67084,-4,-9.919243,0.3535534,-0.1464466,0.3535534,0.8535534,1,1,1
-15.54788,-0.5670886,-30.79661,0,0,0,1,1,1,1
-8587996717422454069
3.306041,-4,19.71805,0,0,0,1,1,0.5,1
-14.67969,-4,-10.22116,0,0,0,1,0.5,0.5,0.5
21.41992,-4,9.638551,0,0.5,0,0.8660254,1,1,1
4.024243,-4,-21.28512,0,0,0,1,1,1,1
21.67084,-4,-9.919243,0.3535534,-0.1464466,0.3535534,0.8535534,1,1,1
-15.54788,-0.5670886,-30.79661,0,0,0,1,1,1,1
-8587996717422294060
3.306041,-4,19.71805,0,0,0,1,1,0.5,1
-14.67969,-4,-10.22116,0,0,0,1,0.5,0.5,0.5
21.41992,-4,9.638551,0,0.5,0,0.8660254,1,1,1
4.024243,-4,-21.28512,0,0,0,1,1,1,1
21.67084,-4,-9.919243,0.3535534,-0.1464466,0.3535534,0.8535534,1,1,1
-15.54788,-0.5670886,-30.79661,0,0,0,1,1,1,1
-8587996717422124050
3.306041,-4,19.71805,0,0,0,1,1,0.5,1
-14.67969,-4,-10.22116,0,0,0,1,0.5,0.5,0.5
21.41992,-4,9.638551,0,0.5,0,0.8660254,1,1,1
4.024243,-4,-21.28512,0,0,0,1,1,1,1
21.67084,-4,-9.919243,0.3535534,-0.1464466,0.3535534,0.8535534,1,1,1
-15.54788,-0.5670886,-30.79661,0,0,0,1,1,1,1
-8587996717421964041
3.306041,-4,19.71805,0,0,0,1,1,0.5,1
-14.67969,-4,-10.22116,0,0,0,1,0.5,0.5,0.5
21.41992,-4,9.638551,0,0.5,0,0.8660254,1,1,1
4.024243,-4,-21.28512,0,0,0,1,1,1,1
21.67084,-4,-9.919243,0.3535534,-0.1464466,0.3535534,0.8535534,1,1,1
-15.54788,-0.5670886,-30.79661,0,0,0,1,1,1,1
-8587996717421794031
3.306041,-4,19.71805,0,0,0,1,1,0.5,1
-14.67969,-4,-10.22116,0,0,0,1,0.5,0.5,0.5
21.41992,-4,9.638551,0,0.5,0,0.8660254,1,1,1
4.024243,-4,-21.28512,0,0,0,1,1,1,1
21.67084,-4,-9.919243,0.3535534,-0.1464466,0.3535534,0.8535534,1,1,1
-15.54788,-0.5670886,-30.79661,0,0,0,1,1,1,1
-8587996717421634022
3.306041,-4,19.71805,0,0,0,1,1,0.5,1
-14.67969,-4,-10.22116,0,0,0,1,0.5,0.5,0.5
21.41992,-4,9.638551,0,0.5,0,0.8660254,1,1,1
4.024243,-4,-21.28512,0,0,0,1,1,1,1
21.67084,-4,-9.919243,0.3535534,-0.1464466,0.3535534,0.8535534,1,1,1
-15.54788,-0.5670886,-30.79661,0,0,0,1,1,1,1
-8587996717421464012
3.306041,-4,19.71805,0,0,0,1,1,0.5,1
-14.67969,-4,-10.22116,0,0,0,1,0.5,0.5,0.5
21.41992,-4,9.638551,0,0.5,0,0.8660254,1,1,1
4.024243,-4,-21.28512,0,0,0,1,1,1,1
21.67084,-4,-9.919243,0.3535534,-0.1464466,0.3535534,0.8535534,1,1,1
-15.54788,-0.5670886,-30.79661,0,0,0,1,1,1,1
-8587996717421304003
3.306041,-4,19.71805,0,0,0,1,1,0.5,1
-14.67969,-4,-10.22116,0,0,0,1,0.5,0.5,0.5
21.41992,-4,9.638551,0,0.5,0,0.8660254,1,1,1
4.024243,-4,-21.28512,0,0,0,1,1,1,1
21.67084,-4,-9.919243,0.3535534,-0.1464466,0.3535534,0.8535534,1,1,1
-15.54788,-0.5670886,-30.79661,0,0,0,1,1,1,1
-8587996717421133993
3.306041,-4,19.71805,0,0,0,1,1,0.5,1
-14.67969,-4,-10.22116,0,0,0,1,0.5,0.5,0.5
21.41992,-4,9.638551,0,0.5,0,0.8660254,1,1,1
4.024243,-4,-21.28512,0,0,0,1,1,1,1
21.67084,-4,-9.919243,0.3535534,-0.1464466,0.3535534,0.8535534,1,1,1
-15.54788,-0.5670886,-30.79661,0,0,0,1,1,1,1
-8587996717420963984
3.306041,-4,19.71805,0,0,0,1,1,0.5,1
-14.67969,-4,-10.22116,0,0,0,1,0.5,0.5,0.5
21.41992,-4,9.638551,0,0.5,0,0.8660254,1,1,1
4.024243,-4,-21.28512,0,0,0,1,1,1,1
21.67084,-4,-9.919243,0.3535534,-0.1464466,0.3535534,0.8535534,1,1,1
-15.54788,-0.5670886,-30.79661,0,0,0,1,1,1,1
-8587996717420803974
3.306041,-4,19.71805,0,0,0,1,1,0.5,1
-14.67969,-4,-10.22116,0,0,0,1,0.5,0.5,0.5
21.41992,-4,9.638551,0,0.5,0,0.8660254,1,1,1
4.024243,-4,-21.28512,0,0,0,1,1,1,1
21.67084,-4,-9.919243,0.3535534,-0.1464466,0.3535534,0.8535534,1,1,1
-15.54788,-0.5670886,-30.79661,0,0,0,1,1,1,1
-8587996717420633965
3.306041,-4,19.71805,0,0,0,1,1,0.5,1
-14.67969,-4,-10.22116,0,0,0,1,0.5,0.5,0.5
21.41992,-4,9.638551,0,0.5,0,0.8660254,1,1,1
4.024243,-4,-21.28512,0,0,0,1,1,1,1
21.67084,-4,-9.919243,0.3535534,-0.1464466,0.3535534,0.8535534,1,1,1
-15.54788,-0.5670886,-30.79661,0,0,0,1,1,1,1
-8587996717420473956
3.306041,-4,19.71805,0,0,0,1,1,0.5,1
-14.67969,-4,-10.22116,0,0,0,1,0.5,0.5,0.5
21.41992,-4,9.638551,0,0.5,0,0.8660254,1,1,1
4.024243,-4,-21.28512,0,0,0,1,1,1,1
21.67084,-4,-9.919243,0.3535534,-0.1464466,0.3535534,0.8535534,1,1,1
-15.54788,-0.5670886,-30.79661,0,0,0,1,1,1,1
-8587996717420303946
3.306041,-4,19.71805,0,0,0,1,1,0.5,1
-14.67969,-4,-10.22116,0,0,0,1,0.5,0.5,0.5
21.41992,-4,9.638551,0,0.5,0,0.8660254,1,1,1
4.024243,-4,-21.28512,0,0,0,1,1,1,1
21.67084,-4,-9.919243,0.3535534,-0.1464466,0.3535534,0.8535534,1,1,1
-15.54788,-0.5670886,-30.79661,0,0,0,1,1,1,1
-8587996717420143937
3.306041,-4,19.71805,0,0,0,1,1,0.5,1
-14.67969,-4,-10.22116,0,0,0,1,0.5,0.5,0.5
21.41992,-4,9.638551,0,0.5,0,0.8660254,1,1,1
4.024243,-4,-21.28512,0,0,0,1,1,1,1
21.67084,-4,-9.919243,0.3535534,-0.1464466,0.3535534,0.8535534,1,1,1
-15.54788,-0.5670886,-30.79661,0,0,0,1,1,1,1
-8587996717419973927
3.306041,-4,19.71805,0,0,0,1,1,0.5,1
-14.67969,-4,-10.22116,0,0,0,1,0.5,0.5,0.5
21.41992,-4,9.638551,0,0.5,0,0.8660254,1,1,1
4.024243,-4,-21.28512,0,0,0,1,1,1,1
21.67084,-4,-9.919243,0.3535534,-0.1464466,0.3535534,0.8535534,1,1,1
-15.54788,-0.5670886,-30.79661,0,0,0,1,1,1,1
-8587996717419803917
3.306041,-4,19.71805,0,0,0,1,1,0.5,1
-14.67969,-4,-10.22116,0,0,0,1,0.5,0.5,0.5
21.41992,-4,9.638551,0,0.5,0,0.8660254,1,1,1
4.024243,-4,-21.28512,0,0,0,1,1,1,1
21.67084,-4,-9.919243,0.3535534,-0.1464466,0.3535534,0.8535534,1,1,1
-15.54788,-0.5670886,-30.79661,0,0,0,1,1,1,1
-8587996717419643908
3.306041,-4,19.71805,0,0,0,1,1,0.5,1
-14.67969,-4,-10.22116,0,0,0,1,0.5,0.5,0.5
21.41992,-4,9.638551,0,0.5,0,0.8660254,1,1,1
4.024243,-4,-21.28512,0,0,0,1,1,1,1
21.67084,-4,-9.919243,0.3535534,-0.1464466,0.3535534,0.8535534,1,1,1
-15.54788,-0.5670886,-30.79661,0,0,0,1,1,1,1
-8587996717419473898
3.306041,-4,19.71805,0,0,0,1,1,0.5,1
-14.67969,-4,-10.22116,0,0,0,1,0.5,0.5,0.5
21.41992,-4,9.638551,0,0.5,0,0.8660254,1,1,1
4.024243,-4,-21.28512,0,0,0,1,1,1,1
21.67084,-4,-9.919243,0.3535534,-0.1464466,0.3535534,0.8535534,1,1,1
-15.54788,-0.5670886,-30.79661,0,0,0,1,1,1,1
-8587996717419313889
3.306041,-4,19.71805,0,0,0,1,1,0.5,1
-14.67969,-4,-10.22116,0,0,0,1,0.5,0.5,0.5
21.41992,-4,9.638551,0,0.5,0,0.8660254,1,1,1
4.024243,-4,-21.28512,0,0,0,1,1,1,1
21.67084,-4,-9.919243,0.3535534,-0.1464466,0.3535534,0.8535534,1,1,1
-15.54788,-0.5670886,-30.79661,0,0,0,1,1,1,1
-8587996717419143879
3.306041,-4,19.71805,0,0,0,1,1,0.5,1
-14.67969,-4,-10.22116,0,0,0,1,0.5,0.5,0.5
21.41992,-4,9.638551,0,0.5,0,0.8660254,1,1,1
4.024243,-4,-21.28512,0,0,0,1,1,1,1
21.67084,-4,-9.919243,0.3535534,-0.1464466,0.3535534,0.8535534,1,1,1
-15.54788,-0.5670886,-30.79661,0,0,0,1,1,1,1
-8587996717418983870
3.306041,-4,19.71805,0,0,0,1,1,0.5,1
-14.67969,-4,-10.22116,0,0,0,1,0.5,0.5,0.5
21.41992,-4,9.638551,0,0.5,0,0.8660254,1,1,1
4.024243,-4,-21.28512,0,0,0,1,1,1,1
21.67084,-4,-9.919243,0.3535534,-0.1464466,0.3535534,0.8535534,1,1,1
-15.54788,-0.5670886,-30.79661,0,0,0,1,1,1,1
-8587996717418813861
3.306041,-4,19.71805,0,0,0,1,1,0.5,1
-14.67969,-4,-10.22116,0,0,0,1,0.5,0.5,0.5
21.41992,-4,9.638551,0,0.5,0,0.8660254,1,1,1
4.024243,-4,-21.28512,0,0,0,1,1,1,1
21.67084,-4,-9.919243,0.3535534,-0.1464466,0.3535534,0.8535534,1,1,1
-15.54788,-0.5670886,-30.79661,0,0,0,1,1,1,1
-8587996717418643851
3.306041,-4,19.71805,0,0,0,1,1,0.5,1
-14.67969,-4,-10.22116,0,0,0,1,0.5,0.5,0.5
21.41992,-4,9.638551,0,0.5,0,0.8660254,1,1,1
4.024243,-4,-21.28512,0,0,0,1,1,1,1
21.67084,-4,-9.919243,0.3535534,-0.1464466,0.3535534,0.8535534,1,1,1
-15.54788,-0.5670886,-30.79661,0,0,0,1,1,1,1
-8587996717418503843
3.306041,-4,19.71805,0,0,0,1,1,0.5,1
-14.67969,-4,-10.22116,0,0,0,1,0.5,0.5,0.5
21.41992,-4,9.638551,0,0.5,0,0.8660254,1,1,1
4.024243,-4,-21.28512,0,0,0,1,1,1,1
21.67084,-4,-9.919243,0.3535534,-0.1464466,0.3535534,0.8535534,1,1,1
-15.54788,-0.5670886,-30.79661,0,0,0,1,1,1,1
-8587996717418333833
3.306041,-4,19.71805,0,0,0,1,1,0.5,1
-14.67969,-4,-10.22116,0,0,0,1,0.5,0.5,0.5
21.41992,-4,9.638551,0,0.5,0,0.8660254,1,1,1
4.024243,-4,-21.28512,0,0,0,1,1,1,1
21.67084,-4,-9.919243,0.3535534,-0.1464466,0.3535534,0.8535534,1,1,1
-15.54788,-0.5670886,-30.79661,0,0,0,1,1,1,1
-8587996717418163823
3.306041,-4,19.71805,0,0,0,1,1,0.5,1
-14.67969,-4,-10.22116,0,0,0,1,0.5,0.5,0.5
21.41992,-4,9.638551,0,0.5,0,0.8660254,1,1,1
4.024243,-4,-21.28512,0,0,0,1,1,1,1
21.67084,-4,-9.919243,0.3535534,-0.1464466,0.3535534,0.8535534,1,1,1
-15.54788,-0.5670886,-30.79661,0,0,0,1,1,1,1
-8587996717418003814
3.306041,-4,19.71805,0,0,0,1,1,0.5,1
-14.67969,-4,-10.22116,0,0,0,1,0.5,0.5,0.5
21.41992,-4,9.638551,0,0.5,0,0.8660254,1,1,1
4.024243,-4,-21.28512,0,0,0,1,1,1,1
21.67084,-4,-9.919243,0.3535534,-0.1464466,0.3535534,0.8535534,1,1,1
-15.54788,-0.5670886,-30.79661,0,0,0,1,1,1,1
-8587996717417833805
3.306041,-4,19.71805,0,0,0,1,1,0.5,1
-14.67969,-4,-10.22116,0,0,0,1,0.5,0.5,0.5
21.41992,-4,9.638551,0,0.5,0,0.8660254,1,1,1
4.024243,-4,-21.28512,0,0,0,1,1,1,1
21.67084,-4,-9.919243,0.3535534,-0.1464466,0.3535534,0.8535534,1,1,1
-15.54788,-0.5670886,-30.79661,0,0,0,1,1,1,1
-8587996717417673795
3.306041,-4,19.71805,0,0,0,1,1,0.5,1
-14.67969,-4,-10.22116,0,0,0,1,0.5,0.5,0.5
21.41992,-4,9.638551,0,0.5,0,0.8660254,1,1,1
4.024243,-4,-21.28512,0,0,0,1,1,1,1
21.67084,-4,-9.919243,0.3535534,-0.1464466,0.3535534,0.8535534,1,1,1
-15.54788,-0.5670886,-30.79661,0,0,0,1,1,1,1
-8587996717417503786
3.306041,-4,19.71805,0,0,0,1,1,0.5,1
-14.67969,-4,-10.22116,0,0,0,1,0.5,0.5,0.5
21.41992,-4,9.638551,0,0.5,0,0.8660254,1,1,1
4.024243,-4,-21.28512,0,0,0,1,1,1,1
21.67084,-4,-9.919243,0.3535534,-0.1464466,0.3535534,0.8535534,1,1,1
-15.54788,-0.5670886,-30.79661,0,0,0,1,1,1,1
-8587996717417333776
3.306041,-4,19.71805,0,0,0,1,1,0.5,1
-14.67969,-4,-10.22116,0,0,0,1,0.5,0.5,0.5
21.41992,-4,9.638551,0,0.5,0,0.8660254,1,1,1
4.024243,-4,-21.28512,0,0,0,1,1,1,1
21.67084,-4,-9.919243,0.3535534,-0.1464466,0.3535534,0.8535534,1,1,1
-15.54788,-0.5670886,-30.79661,0,0,0,1,1,1,1
-8587996717417173767
3.306041,-4,19.71805,0,0,0,1,1,0.5,1
-14.67969,-4,-10.22116,0,0,0,1,0.5,0.5,0.5
21.41992,-4,9.638551,0,0.5,0,0.8660254,1,1,1
4.024243,-4,-21.28512,0,0,0,1,1,1,1
21.67084,-4,-9.919243,0.3535534,-0.1464466,0.3535534,0.8535534,1,1,1
-15.54788,-0.5670886,-30.79661,0,0,0,1,1,1,1
-8587996717417013758
3.306041,-4,19.71805,0,0,0,1,1,0.5,1
-14.67969,-4,-10.22116,0,0,0,1,0.5,0.5,0.5
21.41992,-4,9.638551,0,0.5,0,0.8660254,1,1,1
4.024243,-4,-21.28512,0,0,0,1,1,1,1
21.67084,-4,-9.919243,0.3535534,-0.1464466,0.3535534,0.8535534,1,1,1
-15.54788,-0.5670886,-30.79661,0,0,0,1,1,1,1
-8587996717416843748
3.306041,-4,19.71805,0,0,0,1,1,0.5,1
-14.67969,-4,-10.22116,0,0,0,1,0.5,0.5,0.5
21.41992,-4,9.638551,0,0.5,0,0.8660254,1,1,1
4.024243,-4,-21.28512,0,0,0,1,1,1,1
21.67084,-4,-9.919243,0.3535534,-0.1464466,0.3535534,0.8535534,1,1,1
-15.54788,-0.5670886,-30.79661,0,0,0,1,1,1,1
-8587996717416673738
3.306041,-4,19.71805,0,0,0,1,1,0.5,1
-14.67969,-4,-10.22116,0,0,0,1,0.5,0.5,0.5
21.41992,-4,9.638551,0,0.5,0,0.8660254,1,1,1
4.024243,-4,-21.28512,0,0,0,1,1,1,1
21.67084,-4,-9.919243,0.3535534,-0.1464466,0.3535534,0.8535534,1,1,1
-15.54788,-0.5670886,-30.79661,0,0,0,1,1,1,1
-8587996717416513729
3.306041,-4,19.71805,0,0,0,1,1,0.5,1
-14.67969,-4,-10.22116,0,0,0,1,0.5,0.5,0.5
21.41992,-4,9.638551,0,0.5,0,0.8660254,1,1,1
4.024243,-4,-21.28512,0,0,0,1,1,1,1
21.67084,-4,-9.919243,0.3535534,-0.1464466,0.3535534,0.8535534,1,1,1
-15.54788,-0.5670886,-30.79661,0,0,0,1,1,1,1
-8587996717416343719
3.306041,-4,19.71805,0,0,0,1,1,0.5,1
-14.67969,-4,-10.22116,0,0,0,1,0.5,0.5,0.5
21.41992,-4,9.638551,0,0.5,0,0.8660254,1,1,1
4.024243,-4,-21.28512,0,0,0,1,1,1,1
21.67084,-4,-9.919243,0.3535534,-0.1464466,0.3535534,0.8535534,1,1,1
-15.54788,-0.5670886,-30.79661,0,0,0,1,1,1,1
-8587996717416183710
3.306041,-4,19.71805,0,0,0,1,1,0.5,1
-14.67969,-4,-10.22116,0,0,0,1,0.5,0.5,0.5
21.41992,-4,9.638551,0,0.5,0,0.8660254,1,1,1
4.024243,-4,-21.28512,0,0,0,1,1,1,1
21.67084,-4,-9.919243,0.3535534,-0.1464466,0.3535534,0.8535534,1,1,1
-15.54788,-0.5670886,-30.79661,0,0,0,1,1,1,1
-8587996717416013700
3.306041,-4,19.71805,0,0,0,1,1,0.5,1
-14.67969,-4,-10.22116,0,0,0,1,0.5,0.5,0.5
21.41992,-4,9.638551,0,0.5,0,0.8660254,1,1,1
4.024243,-4,-21.28512,0,0,0,1,1,1,1
21.67084,-4,-9.919243,0.3535534,-0.1464466,0.3535534,0.8535534,1,1,1
-15.54788,-0.5670886,-30.79661,0,0,0,1,1,1,1
-8587996717415853691
3.306041,-4,19.71805,0,0,0,1,1,0.5,1
-14.67969,-4,-10.22116,0,0,0,1,0.5,0.5,0.5
21.41992,-4,9.638551,0,0.5,0,0.8660254,1,1,1
4.024243,-4,-21.28512,0,0,0,1,1,1,1
21.67084,-4,-9.919243,0.3535534,-0.1464466,0.3535534,0.8535534,1,1,1
-15.54788,-0.5670886,-30.79661,0,0,0,1,1,1,1
-8587996717415683682
3.306041,-4,19.71805,0,0,0,1,1,0.5,1
-14.67969,-4,-10.22116,0,0,0,1,0.5,0.5,0.5
21.41992,-4,9.638551,0,0.5,0,0.8660254,1,1,1
4.024243,-4,-21.28512,0,0,0,1,1,1,1
21.67084,-4,-9.919243,0.3535534,-0.1464466,0.3535534,0.8535534,1,1,1
-15.54788,-0.5670886,-30.79661,0,0,0,1,1,1,1
-8587996717415513672
3.306041,-4,19.71805,0,0,0,1,1,0.5,1
-14.67969,-4,-10.22116,0,0,0,1,0.5,0.5,0.5
21.41992,-4,9.638551,0,0.5,0,0.8660254,1,1,1
4.024243,-4,-21.28512,0,0,0,1,1,1,1
21.67084,-4,-9.919243,0.3535534,-0.1464466,0.3535534,0.8535534,1,1,1
-15.54788,-0.5670886,-30.79661,0,0,0,1,1,1,1
-8587996717415353663
3.306041,-4,19.71805,0,0,0,1,1,0.5,1
-14.67969,-4,-10.22116,0,0,0,1,0.5,0.5,0.5
21.41992,-4,9.638551,0,0.5,0,0.8660254,1,1,1
4.024243,-4,-21.28512,0,0,0,1,1,1,1
21.67084,-4,-9.919243,0.3535534,-0.1464466,0.3535534,0.8535534,1,1,1
-15.54788,-0.5670886,-30.79661,0,0,0,1,1,1,1
-8587996717415183653
3.306041,-4,19.71805,0,0,0,1,1,0.5,1
-14.67969,-4,-10.22116,0,0,0,1,0.5,0.5,0.5
21.41992,-4,9.638551,0,0.5,0,0.8660254,1,1,1
4.024243,-4,-21.28512,0,0,0,1,1,1,1
21.67084,-4,-9.919243,0.3535534,-0.1464466,0.3535534,0.8535534,1,1,1
-15.54788,-0.5670886,-30.79661,0,0,0,1,1,1,1
-8587996717415023644
3.306041,-4,19.71805,0,0,0,1,1,0.5,1
-14.67969,-4,-10.22116,0,0,0,1,0.5,0.5,0.5
21.41992,-4,9.638551,0,0.5,0,0.8660254,1,1,1
4.024243,-4,-21.28512,0,0,0,1,1,1,1
21.67084,-4,-9.919243,0.3535534,-0.1464466,0.3535534,0.8535534,1,1,1
-15.54788,-0.5670886,-30.79661,0,0,0,1,1,1,1
-8587996717414853634
3.306041,-4,19.71805,0,0,0,1,1,0.5,1
-14.67969,-4,-10.22116,0,0,0,1,0.5,0.5,0.5
21.41992,-4,9.638551,0,0.5,0,0.8660254,1,1,1
4.024243,-4,-21.28512,0,0,0,1,1,1,1
21.67084,-4,-9.919243,0.3535534,-0.1464466,0.3535534,0.8535534,1,1,1
-15.54788,-0.5670886,-30.79661,0,0,0,1,1,1,1
-8587996717414683624
3.306041,-4,19.71805,0,0,0,1,1,0.5,1
-14.67969,-4,-10.22116,0,0,0,1,0.5,0.5,0.5
21.41992,-4,9.638551,0,0.5,0,0.8660254,1,1,1
4.024243,-4,-21.28512,0,0,0,1,1,1,1
21.67084,-4,-9.919243,0.3535534,-0.1464466,0.3535534,0.8535534,1,1,1
-15.54788,-0.5670886,-30.79661,0,0,0,1,1,1,1
-8587996717414523615
3.306041,-4,19.71805,0,0,0,1,1,0.5,1
-14.67969,-4,-10.22116,0,0,0,1,0.5,0.5,0.5
21.41992,-4,9.638551,0,0.5,0,0.8660254,1,1,1
4.024243,-4,-21.28512,0,0,0,1,1,1,1
21.67084,-4,-9.919243,0.3535534,-0.1464466,0.3535534,0.8535534,1,1,1
-15.54788,-0.5670886,-30.79661,0,0,0,1,1,1,1
-8587996717414353605
3.306041,-4,19.71805,0,0,0,1,1,0.5,1
-14.67969,-4,-10.22116,0,0,0,1,0.5,0.5,0.5
21.41992,-4,9.638551,0,0.5,0,0.8660254,1,1,1
4.024243,-4,-21.28512,0,0,0,1,1,1,1
21.67084,-4,-9.919243,0.3535534,-0.1464466,0.3535534,0.8535534,1,1,1
-15.54788,-0.5670886,-30.79661,0,0,0,1,1,1,1
-8587996717414193596
3.306041,-4,19.71805,0,0,0,1,1,0.5,1
-14.67969,-4,-10.22116,0,0,0,1,0.5,0.5,0.5
21.41992,-4,9.638551,0,0.5,0,0.8660254,1,1,1
4.024243,-4,-21.28512,0,0,0,1,1,1,1
21.67084,-4,-9.919243,0.3535534,-0.1464466,0.3535534,0.8535534,1,1,1
-15.54788,-0.5670886,-30.79661,0,0,0,1,1,1,1
-8587996717414023587
3.306041,-4,19.71805,0,0,0,1,1,0.5,1
-14.67969,-4,-10.22116,0,0,0,1,0.5,0.5,0.5
21.41992,-4,9.638551,0,0.5,0,0.8660254,1,1,1
4.024243,-4,-21.28512,0,0,0,1,1,1,1
21.67084,-4,-9.919243,0.3535534,-0.1464466,0.3535534,0.8535534,1,1,1
-15.54788,-0.5670886,-30.79661,0,0,0,1,1,1,1
-8587996717413853577
3.306041,-4,19.71805,0,0,0,1,1,0.5,1
-14.67969,-4,-10.22116,0,0,0,1,0.5,0.5,0.5
21.41992,-4,9.638551,0,0.5,0,0.8660254,1,1,1
4.024243,-4,-21.28512,0,0,0,1,1,1,1
21.67084,-4,-9.919243,0.3535534,-0.1464466,0.3535534,0.8535534,1,1,1
-15.54788,-0.5670886,-30.79661,0,0,0,1,1,1,1
-8587996717413693568
3.306041,-4,19.71805,0,0,0,1,1,0.5,1
-14.67969,-4,-10.22116,0,0,0,1,0.5,0.5,0.5
21.41992,-4,9.638551,0,0.5,0,0.8660254,1,1,1
4.024243,-4,-21.28512,0,0,0,1,1,1,1
21.67084,-4,-9.919243,0.3535534,-0.1464466,0.3535534,0.8535534,1,1,1
-15.54788,-0.5670886,-30.79661,0,0,0,1,1,1,1
-8587996717413533559
3.306041,-4,19.71805,0,0,0,1,1,0.5,1
-14.67969,-4,-10.22116,0,0,0,1,0.5,0.5,0.5
21.41992,-4,9.638551,0,0.5,0,0.8660254,1,1,1
4.024243,-4,-21.28512,0,0,0,1,1,1,1
21.67084,-4,-9.919243,0.3535534,-0.1464466,0.3535534,0.8535534,1,1,1
-15.54788,-0.5670886,-30.79661,0,0,0,1,1,1,1
-8587996717413363549
3.306041,-4,19.71805,0,0,0,1,1,0.5,1
-14.67969,-4,-10.22116,0,0,0,1,0.5,0.5,0.5
21.41992,-4,9.638551,0,0.5,0,0.8660254,1,1,1
4.024243,-4,-21.28512,0,0,0,1,1,1,1
21.67084,-4,-9.919243,0.3535534,-0.1464466,0.3535534,0.8535534,1,1,1
-15.54788,-0.5670886,-30.79661,0,0,0,1,1,1,1
-8587996717413193539
3.306041,-4,19.71805,0,0,0,1,1,0.5,1
-14.67969,-4,-10.22116,0,0,0,1,0.5,0.5,0.5
21.41992,-4,9.638551,0,0.5,0,0.8660254,1,1,1
4.024243,-4,-21.28512,0,0,0,1,1,1,1
21.67084,-4,-9.919243,0.3535534,-0.1464466,0.3535534,0.8535534,1,1,1
-15.54788,-0.5670886,-30.79661,0,0,0,1,1,1,1
-8587996717413033530
3.306041,-4,19.71805,0,0,0,1,1,0.5,1
-14.67969,-4,-10.22116,0,0,0,1,0.5,0.5,0.5
21.41992,-4,9.638551,0,0.5,0,0.8660254,1,1,1
4.024243,-4,-21.28512,0,0,0,1,1,1,1
21.67084,-4,-9.919243,0.3535534,-0.1464466,0.3535534,0.8535534,1,1,1
-15.54788,-0.5670886,-30.79661,0,0,0,1,1,1,1
-8587996717412863520
3.306041,-4,19.71805,0,0,0,1,1,0.5,1
-14.67969,-4,-10.22116,0,0,0,1,0.5,0.5,0.5
21.41992,-4,9.638551,0,0.5,0,0.8660254,1,1,1
4.024243,-4,-21.28512,0,0,0,1,1,1,1
21.67084,-4,-9.919243,0.3535534,-0.1464466,0.3535534,0.8535534,1,1,1
-15.54788,-0.5670886,-30.79661,0,0,0,1,1,1,1
-8587996717412703511
3.306041,-4,19.71805,0,0,0,1,1,0.5,1
-14.67969,-4,-10.22116,0,0,0,1,0.5,0.5,0.5
21.41992,-4,9.638551,0,0.5,0,0.8660254,1,1,1
4.024243,-4,-21.28512,0,0,0,1,1,1,1
21.67084,-4,-9.919243,0.3535534,-0.1464466,0.3535534,0.8535534,1,1,1
-15.54788,-0.5670886,-30.79661,0,0,0,1,1,1,1
-8587996717412533501
3.306041,-4,19.71805,0,0,0,1,1,0.5,1
-14.67969,-4,-10.22116,0,0,0,1,0.5,0.5,0.5
21.41992,-4,9.638551,0,0.5,0,0.8660254,1,1,1
4.024243,-4,-21.28512,0,0,0,1,1,1,1
21.67084,-4,-9.919243,0.3535534,-0.1464466,0.3535534,0.8535534,1,1,1
-15.54788,-0.5670886,-30.79661,0,0,0,1,1,1,1
-8587996717412373492
3.306041,-4,19.71805,0,0,0,1,1,0.5,1
-14.67969,-4,-10.22116,0,0,0,1,0.5,0.5,0.5
21.41992,-4,9.638551,0,0.5,0,0.8660254,1,1,1
4.024243,-4,-21.28512,0,0,0,1,1,1,1
21.67084,-4,-9.919243,0.3535534,-0.1464466,0.3535534,0.8535534,1,1,1
-15.54788,-0.5670886,-30.79661,0,0,0,1,1,1,1
-8587996717412203483
3.306041,-4,19.71805,0,0,0,1,1,0.5,1
-14.67969,-4,-10.22116,0,0,0,1,0.5,0.5,0.5
21.41992,-4,9.638551,0,0.5,0,0.8660254,1,1,1
4.024243,-4,-21.28512,0,0,0,1,1,1,1
21.67084,-4,-9.919243,0.3535534,-0.1464466,0.3535534,0.8535534,1,1,1
-15.54788,-0.5670886,-30.79661,0,0,0,1,1,1,1
-8587996717412033473
3.306041,-4,19.71805,0,0,0,1,1,0.5,1
-14.67969,-4,-10.22116,0,0,0,1,0.5,0.5,0.5
21.41992,-4,9.638551,0,0.5,0,0.8660254,1,1,1
4.024243,-4,-21.28512,0,0,0,1,1,1,1
21.67084,-4,-9.919243,0.3535534,-0.1464466,0.3535534,0.8535534,1,1,1
-15.54788,-0.5670886,-30.79661,0,0,0,1,1,1,1
-8587996717411873464
3.306041,-4,19.71805,0,0,0,1,1,0.5,1
-14.67969,-4,-10.22116,0,0,0,1,0.5,0.5,0.5
21.41992,-4,9.638551,0,0.5,0,0.8660254,1,1,1
4.024243,-4,-21.28512,0,0,0,1,1,1,1
21.67084,-4,-9.919243,0.3535534,-0.1464466,0.3535534,0.8535534,1,1,1
-15.54788,-0.5670886,-30.79661,0,0,0,1,1,1,1
-8587996717411703454
3.306041,-4,19.71805,0,0,0,1,1,0.5,1
-14.67969,-4,-10.22116,0,0,0,1,0.5,0.5,0.5
21.41992,-4,9.638551,0,0.5,0,0.8660254,1,1,1
4.024243,-4,-21.28512,0,0,0,1,1,1,1
21.67084,-4,-9.919243,0.3535534,-0.1464466,0.3535534,0.8535534,1,1,1
-15.54788,-0.5670886,-30.79661,0,0,0,1,1,1,1
-8587996717411543445
3.306041,-4,19.71805,0,0,0,1,1,0.5,1
-14.67969,-4,-10.22116,0,0,0,1,0.5,0.5,0.5
21.41992,-4,9.638551,0,0.5,0,0.8660254,1,1,1
4.024243,-4,-21.28512,0,0,0,1,1,1,1
21.67084,-4,-9.919243,0.3535534,-0.1464466,0.3535534,0.8535534,1,1,1
-15.54788,-0.5670886,-30.79661,0,0,0,1,1,1,1
-8587996717411373435
3.306041,-4,19.71805,0,0,0,1,1,0.5,1
-14.67969,-4,-10.22116,0,0,0,1,0.5,0.5,0.5
21.41992,-4,9.638551,0,0.5,0,0.8660254,1,1,1
4.024243,-4,-21.28512,0,0,0,1,1,1,1
21.67084,-4,-9.919243,0.3535534,-0.1464466,0.3535534,0.8535534,1,1,1
-15.54788,-0.5670886,-30.79661,0,0,0,1,1,1,1
-8587996717411213426
3.306041,-4,19.71805,0,0,0,1,1,0.5,1
-14.67969,-4,-10.22116,0,0,0,1,0.5,0.5,0.5
21.41992,-4,9.638551,0,0.5,0,0.8660254,1,1,1
4.024243,-4,-21.28512,0,0,0,1,1,1,1
21.67084,-4,-9.919243,0.3535534,-0.1464466,0.3535534,0.8535534,1,1,1
-15.54788,-0.5670886,-30.79661,0,0,0,1,1,1,1
-8587996717411043416
3.306041,-4,19.71805,0,0,0,1,1,0.5,1
-14.67969,-4,-10.22116,0,0,0,1,0.5,0.5,0.5
21.41992,-4,9.638551,0,0.5,0,0.8660254,1,1,1
4.024243,-4,-21.28512,0,0,0,1,1,1,1
21.67084,-4,-9.919243,0.3535534,-0.1464466,0.3535534,0.8535534,1,1,1
-15.54788,-0.5670886,-30.79661,0,0,0,1,1,1,1
-8587996717410873406
3.306041,-4,19.71805,0,0,0,1,1,0.5,1
-14.67969,-4,-10.22116,0,0,0,1,0.5,0.5,0.5
21.41992,-4,9.638551,0,0.5,0,0.8660254,1,1,1
4.024243,-4,-21.28512,0,0,0,1,1,1,1
21.67084,-4,-9.919243,0.3535534,-0.1464466,0.3535534,0.8535534,1,1,1
-15.54788,-0.5670886,-30.79661,0,0,0,1,1,1,1
-8587996717410713397
3.306041,-4,19.71805,0,0,0,1,1,0.5,1
-14.67969,-4,-10.22116,0,0,0,1,0.5,0.5,0.5
21.41992,-4,9.638551,0,0.5,0,0.8660254,1,1,1
4.024243,-4,-21.28512,0,0,0,1,1,1,1
21.67084,-4,-9.919243,0.3535534,-0.1464466,0.3535534,0.8535534,1,1,1
-15.54788,-0.5670886,-30.79661,0,0,0,1,1,1,1
-8587996717410543388
3.306041,-4,19.71805,0,0,0,1,1,0.5,1
-14.67969,-4,-10.22116,0,0,0,1,0.5,0.5,0.5
21.41992,-4,9.638551,0,0.5,0,0.8660254,1,1,1
4.024243,-4,-21.28512,0,0,0,1,1,1,1
21.67084,-4,-9.919243,0.3535534,-0.1464466,0.3535534,0.8535534,1,1,1
-15.54788,-0.5670886,-30.79661,0,0,0,1,1,1,1
-8587996717410373378
3.306041,-4,19.71805,0,0,0,1,1,0.5,1
-14.67969,-4,-10.22116,0,0,0,1,0.5,0.5,0.5
21.41992,-4,9.638551,0,0.5,0,0.8660254,1,1,1
4.024243,-4,-21.28512,0,0,0,1,1,1,1
21.67084,-4,-9.919243,0.3535534,-0.1464466,0.3535534,0.8535534,1,1,1
-15.54788,-0.5670886,-30.79661,0,0,0,1,1,1,1
-8587996717410213369
3.306041,-4,19.71805,0,0,0,1,1,0.5,1
-14.67969,-4,-10.22116,0,0,0,1,0.5,0.5,0.5
21.41992,-4,9.638551,0,0.5,0,0.8660254,1,1,1
4.024243,-4,-21.28512,0,0,0,1,1,1,1
21.67084,-4,-9.919243,0.3535534,-0.1464466,0.3535534,0.8535534,1,1,1
-15.54788,-0.5670886,-30.79661,0,0,0,1,1,1,1
-8587996717410053360
3.306041,-4,19.71805,0,0,0,1,1,0.5,1
-14.67969,-4,-10.22116,0,0,0,1,0.5,0.5,0.5
21.41992,-4,9.638551,0,0.5,0,0.8660254,1,1,1
4.024243,-4,-21.28512,0,0,0,1,1,1,1
21.67084,-4,-9.919243,0.3535534,-0.1464466,0.3535534,0.8535534,1,1,1
-15.54788,-0.5670886,-30.79661,0,0,0,1,1,1,1
-8587996717409883350
3.306041,-4,19.71805,0,0,0,1,1,0.5,1
-14.67969,-4,-10.22116,0,0,0,1,0.5,0.5,0.5
21.41992,-4,9.638551,0,0.5,0,0.8660254,1,1,1
4.024243,-4,-21.28512,0,0,0,1,1,1,1
21.67084,-4,-9.919243,0.3535534,-0.1464466,0.3535534,0.8535534,1,1,1
-15.54788,-0.5670886,-30.79661,0,0,0,1,1,1,1
-8587996717409723341
3.306041,-4,19.71805,0,0,0,1,1,0.5,1
-14.67969,-4,-10.22116,0,0,0,1,0.5,0.5,0.5
21.41992,-4,9.638551,0,0.5,0,0.8660254,1,1,1
4.024243,-4,-21.28512,0,0,0,1,1,1,1
21.67084,-4,-9.919243,0.3535534,-0.1464466,0.3535534,0.8535534,1,1,1
-15.54788,-0.5670886,-30.79661,0,0,0,1,1,1,1
-8587996717409553331
3.306041,-4,19.71805,0,0,0,1,1,0.5,1
-14.67969,-4,-10.22116,0,0,0,1,0.5,0.5,0.5
21.41992,-4,9.638551,0,0.5,0,0.8660254,1,1,1
4.024243,-4,-21.28512,0,0,0,1,1,1,1
21.67084,-4,-9.919243,0.3535534,-0.1464466,0.3535534,0.8535534,1,1,1
-15.54788,-0.5670886,-30.79661,0,0,0,1,1,1,1
-8587996717409383321
3.306041,-4,19.71805,0,0,0,1,1,0.5,1
-14.67969,-4,-10.22116,0,0,0,1,0.5,0.5,0.5
21.41992,-4,9.638551,0,0.5,0,0.8660254,1,1,1
4.024243,-4,-21.28512,0,0,0,1,1,1,1
21.67084,-4,-9.919243,0.3535534,-0.1464466,0.3535534,0.8535534,1,1,1
-15.54788,-0.5670886,-30.79661,0,0,0,1,1,1,1
-8587996717409223312
3.306041,-4,19.71805,0,0,0,1,1,0.5,1
-14.67969,-4,-10.22116,0,0,0,1,0.5,0.5,0.5
21.41992,-4,9.638551,0,0.5,0,0.8660254,1,1,1
4.024243,-4,-21.28512,0,0,0,1,1,1,1
21.67084,-4,-9.919243,0.3535534,-0.1464466,0.3535534,0.8535534,1,1,1
-15.54788,-0.5670886,-30.79661,0,0,0,1,1,1,1
-8587996717409053302
3.306041,-4,19.71805,0,0,0,1,1,0.5,1
-14.67969,-4,-10.22116,0,0,0,1,0.5,0.5,0.5
21.41992,-4,9.638551,0,0.5,0,0.8660254,1,1,1
4.024243,-4,-21.28512,0,0,0,1,1,1,1
21.67084,-4,-9.919243,0.3535534,-0.1464466,0.3535534,0.8535534,1,1,1
-15.54788,-0.5670886,-30.79661,0,0,0,1,1,1,1
-8587996717408893293
3.306041,-4,19.71805,0,0,0,1,1,0.5,1
-14.67969,-4,-10.22116,0,0,0,1,0.5,0.5,0.5
21.41992,-4,9.638551,0,0.5,0,0.8660254,1,1,1
4.024243,-4,-21.28512,0,0,0,1,1,1,1
21.67084,-4,-9.919243,0.3535534,-0.1464466,0.3535534,0.8535534,1,1,1
-15.54788,-0.5670886,-30.79661,0,0,0,1,1,1,1
-8587996717408723283
3.306041,-4,19.71805,0,0,0,1,1,0.5,1
-14.67969,-4,-10.22116,0,0,0,1,0.5,0.5,0.5
21.41992,-4,9.638551,0,0.5,0,0.8660254,1,1,1
4.024243,-4,-21.28512,0,0,0,1,1,1,1
21.67084,-4,-9.919243,0.3535534,-0.1464466,0.3535534,0.8535534,1,1,1
-15.54788,-0.5670886,-30.79661,0,0,0,1,1,1,1
-8587996717408563274
3.306041,-4,19.71805,0,0,0,1,1,0.5,1
-14.67969,-4,-10.22116,0,0,0,1,0.5,0.5,0.5
21.41992,-4,9.638551,0,0.5,0,0.8660254,1,1,1
4.024243,-4,-21.28512,0,0,0,1,1,1,1
21.67084,-4,-9.919243,0.3535534,-0.1464466,0.3535534,0.8535534,1,1,1
-15.54788,-0.5670886,-30.79661,0,0,0,1,1,1,1
-8587996717408393265
3.306041,-4,19.71805,0,0,0,1,1,0.5,1
-14.67969,-4,-10.22116,0,0,0,1,0.5,0.5,0.5
21.41992,-4,9.638551,0,0.5,0,0.8660254,1,1,1
4.024243,-4,-21.28512,0,0,0,1,1,1,1
21.67084,-4,-9.919243,0.3535534,-0.1464466,0.3535534,0.8535534,1,1,1
-15.54788,-0.5670886,-30.79661,0,0,0,1,1,1,1
-8587996717408223255
3.306041,-4,19.71805,0,0,0,1,1,0.5,1
-14.67969,-4,-10.22116,0,0,0,1,0.5,0.5,0.5
21.41992,-4,9.638551,0,0.5,0,0.8660254,1,1,1
4.024243,-4,-21.28512,0,0,0,1,1,1,1
21.67084,-4,-9.919243,0.3535534,-0.1464466,0.3535534,0.8535534,1,1,1
-15.54788,-0.5670886,-30.79661,0,0,0,1,1,1,1
-8587996717408063246
3.306041,-4,19.71805,0,0,0,1,1,0.5,1
-14.67969,-4,-10.22116,0,0,0,1,0.5,0.5,0.5
21.41992,-4,9.638551,0,0.5,0,0.8660254,1,1,1
4.024243,-4,-21.28512,0,0,0,1,1,1,1
21.67084,-4,-9.919243,0.3535534,-0.1464466,0.3535534,0.8535534,1,1,1
-15.54788,-0.5670886,-30.79661,0,0,0,1,1,1,1
-8587996717407893236
3.306041,-4,19.71805,0,0,0,1,1,0.5,1
-14.67969,-4,-10.22116,0,0,0,1,0.5,0.5,0.5
21.41992,-4,9.638551,0,0.5,0,0.8660254,1,1,1
4.024243,-4,-21.28512,0,0,0,1,1,1,1
21.67084,-4,-9.919243,0.3535534,-0.1464466,0.3535534,0.8535534,1,1,1
-15.54788,-0.5670886,-30.79661,0,0,0,1,1,1,1
-8587996717407733227
3.306041,-4,19.71805,0,0,0,1,1,0.5,1
-14.67969,-4,-10.22116,0,0,0,1,0.5,0.5,0.5
21.41992,-4,9.638551,0,0.5,0,0.8660254,1,1,1
4.024243,-4,-21.28512,0,0,0,1,1,1,1
21.67084,-4,-9.919243,0.3535534,-0.1464466,0.3535534,0.8535534,1,1,1
-15.54788,-0.5670886,-30.79661,0,0,0,1,1,1,1
-8587996717407563217
3.306041,-4,19.71805,0,0,0,1,1,0.5,1
-14.67969,-4,-10.22116,0,0,0,1,0.5,0.5,0.5
21.41992,-4,9.638551,0,0.5,0,0.8660254,1,1,1
4.024243,-4,-21.28512,0,0,0,1,1,1,1
21.67084,-4,-9.919243,0.3535534,-0.1464466,0.3535534,0.8535534,1,1,1
-15.54788,-0.5670886,-30.79661,0,0,0,1,1,1,1
-8587996717407403208
3.306041,-4,19.71805,0,0,0,1,1,0.5,1
-14.67969,-4,-10.22116,0,0,0,1,0.5,0.5,0.5
21.41992,-4,9.638551,0,0.5,0,0.8660254,1,1,1
4.024243,-4,-21.28512,0,0,0,1,1,1,1
21.67084,-4,-9.919243,0.3535534,-0.1464466,0.3535534,0.8535534,1,1,1
-15.54788,-0.5670886,-30.79661,0,0,0,1,1,1,1
-8587996717407233198
3.306041,-4,19.71805,0,0,0,1,1,0.5,1
-14.67969,-4,-10.22116,0,0,0,1,0.5,0.5,0.5
21.41992,-4,9.638551,0,0.5,0,0.8660254,1,1,1
4.024243,-4,-21.28512,0,0,0,1,1,1,1
21.67084,-4,-9.919243,0.3535534,-0.1464466,0.3535534,0.8535534,1,1,1
-15.54788,-0.5670886,-30.79661,0,0,0,1,1,1,1
-8587996717407063188
3.306041,-4,19.71805,0,0,0,1,1,0.5,1
-14.67969,-4,-10.22116,0,0,0,1,0.5,0.5,0.5
21.41992,-4,9.638551,0,0.5,0,0.8660254,1,1,1
4.024243,-4,-21.28512,0,0,0,1,1,1,1
21.67084,-4,-9.919243,0.3535534,-0.1464466,0.3535534,0.8535534,1,1,1
-15.54788,-0.5670886,-30.79661,0,0,0,1,1,1,1
-8587996717406903179
3.306041,-4,19.71805,0,0,0,1,1,0.5,1
-14.67969,-4,-10.22116,0,0,0,1,0.5,0.5,0.5
21.41992,-4,9.638551,0,0.5,0,0.8660254,1,1,1
4.024243,-4,-21.28512,0,0,0,1,1,1,1
21.67084,-4,-9.919243,0.3535534,-0.1464466,0.3535534,0.8535534,1,1,1
-15.54788,-0.5670886,-30.79661,0,0,0,1,1,1,1
-8587996717406733170
3.306041,-4,19.71805,0,0,0,1,1,0.5,1
-14.67969,-4,-10.22116,0,0,0,1,0.5,0.5,0.5
21.41992,-4,9.638551,0,0.5,0,0.8660254,1,1,1
4.024243,-4,-21.28512,0,0,0,1,1,1,1
21.67084,-4,-9.919243,0.3535534,-0.1464466,0.3535534,0.8535534,1,1,1
-15.54788,-0.5670886,-30.79661,0,0,0,1,1,1,1
-8587996717406573160
3.306041,-4,19.71805,0,0,0,1,1,0.5,1
-14.67969,-4,-10.22116,0,0,0,1,0.5,0.5,0.5
21.41992,-4,9.638551,0,0.5,0,0.8660254,1,1,1
4.024243,-4,-21.28512,0,0,0,1,1,1,1
21.67084,-4,-9.919243,0.3535534,-0.1464466,0.3535534,0.8535534,1,1,1
-15.54788,-0.5670886,-30.79661,0,0,0,1,1,1,1
-8587996717406403151
3.306041,-4,19.71805,0,0,0,1,1,0.5,1
-14.67969,-4,-10.22116,0,0,0,1,0.5,0.5,0.5
21.41992,-4,9.638551,0,0.5,0,0.8660254,1,1,1
4.024243,-4,-21.28512,0,0,0,1,1,1,1
21.67084,-4,-9.919243,0.3535534,-0.1464466,0.3535534,0.8535534,1,1,1
-15.54788,-0.5670886,-30.79661,0,0,0,1,1,1,1
-8587996717406243142
3.306041,-4,19.71805,0,0,0,1,1,0.5,1
-14.67969,-4,-10.22116,0,0,0,1,0.5,0.5,0.5
21.41992,-4,9.638551,0,0.5,0,0.8660254,1,1,1
4.024243,-4,-21.28512,0,0,0,1,1,1,1
21.67084,-4,-9.919243,0.3535534,-0.1464466,0.3535534,0.8535534,1,1,1
-15.54788,-0.5670886,-30.79661,0,0,0,1,1,1,1
-8587996717406073132
3.306041,-4,19.71805,0,0,0,1,1,0.5,1
-14.67969,-4,-10.22116,0,0,0,1,0.5,0.5,0.5
21.41992,-4,9.638551,0,0.5,0,0.8660254,1,1,1
4.024243,-4,-21.28512,0,0,0,1,1,1,1
21.67084,-4,-9.919243,0.3535534,-0.1464466,0.3535534,0.8535534,1,1,1
-15.54788,-0.5670886,-30.79661,0,0,0,1,1,1,1
-8587996717405903122
3.306041,-4,19.71805,0,0,0,1,1,0.5,1
-14.67969,-4,-10.22116,0,0,0,1,0.5,0.5,0.5
21.41992,-4,9.638551,0,0.5,0,0.8660254,1,1,1
4.024243,-4,-21.28512,0,0,0,1,1,1,1
21.67084,-4,-9.919243,0.3535534,-0.1464466,0.3535534,0.8535534,1,1,1
-15.54788,-0.5670886,-30.79661,0,0,0,1,1,1,1
-8587996717405743113
3.306041,-4,19.71805,0,0,0,1,1,0.5,1
-14.67969,-4,-10.22116,0,0,0,1,0.5,0.5,0.5
21.41992,-4,9.638551,0,0.5,0,0.8660254,1,1,1
4.024243,-4,-21.28512,0,0,0,1,1,1,1
21.67084,-4,-9.919243,0.3535534,-0.1464466,0.3535534,0.8535534,1,1,1
-15.54788,-0.5670886,-30.79661,0,0,0,1,1,1,1
-8587996717405573103
3.306041,-4,19.71805,0,0,0,1,1,0.5,1
-14.67969,-4,-10.22116,0,0,0,1,0.5,0.5,0.5
21.41992,-4,9.638551,0,0.5,0,0.8660254,1,1,1
4.024243,-4,-21.28512,0,0,0,1,1,1,1
21.67084,-4,-9.919243,0.3535534,-0.1464466,0.3535534,0.8535534,1,1,1
-15.54788,-0.5670886,-30.79661,0,0,0,1,1,1,1
-8587996717405413094
3.306041,-4,19.71805,0,0,0,1,1,0.5,1
-14.67969,-4,-10.22116,0,0,0,1,0.5,0.5,0.5
21.41992,-4,9.638551,0,0.5,0,0.8660254,1,1,1
4.024243,-4,-21.28512,0,0,0,1,1,1,1
21.67084,-4,-9.919243,0.3535534,-0.1464466,0.3535534,0.8535534,1,1,1
-15.54788,-0.5670886,-30.79661,0,0,0,1,1,1,1
-8587996717405243084
3.306041,-4,19.71805,0,0,0,1,1,0.5,1
-14.67969,-4,-10.22116,0,0,0,1,0.5,0.5,0.5
21.41992,-4,9.638551,0,0.5,0,0.8660254,1,1,1
4.024243,-4,-21.28512,0,0,0,1,1,1,1
21.67084,-4,-9.919243,0.3535534,-0.1464466,0.3535534,0.8535534,1,1,1
-15.54788,-0.5670886,-30.79661,0,0,0,1,1,1,1
-8587996717405083075
3.306041,-4,19.71805,0,0,0,1,1,0.5,1
-14.67969,-4,-10.22116,0,0,0,1,0.5,0.5,0.5
21.41992,-4,9.638551,0,0.5,0,0.8660254,1,1,1
4.024243,-4,-21.28512,0,0,0,1,1,1,1
21.67084,-4,-9.919243,0.3535534,-0.1464466,0.3535534,0.8535534,1,1,1
-15.54788,-0.5670886,-30.79661,0,0,0,1,1,1,1
-8587996717404913066
3.306041,-4,19.71805,0,0,0,1,1,0.5,1
-14.67969,-4,-10.22116,0,0,0,1,0.5,0.5,0.5
21.41992,-4,9.638551,0,0.5,0,0.8660254,1,1,1
4.024243,-4,-21.28512,0,0,0,1,1,1,1
21.67084,-4,-9.919243,0.3535534,-0.1464466,0.3535534,0.8535534,1,1,1
-15.54788,-0.5670886,-30.79661,0,0,0,1,1,1,1
-8587996717404753056
3.306041,-4,19.71805,0,0,0,1,1,0.5,1
-14.67969,-4,-10.22116,0,0,0,1,0.5,0.5,0.5
21.41992,-4,9.638551,0,0.5,0,0.8660254,1,1,1
4.024243,-4,-21.28512,0,0,0,1,1,1,1
21.67084,-4,-9.919243,0.3535534,-0.1464466,0.3535534,0.8535534,1,1,1
-15.54788,-0.5670886,-30.79661,0,0,0,1,1,1,1
-8587996717404583047
3.306041,-4,19.71805,0,0,0,1,1,0.5,1
-14.67969,-4,-10.22116,0,0,0,1,0.5,0.5,0.5
21.41992,-4,9.638551,0,0.5,0,0.8660254,1,1,1
4.024243,-4,-21.28512,0,0,0,1,1,1,1
21.67084,-4,-9.919243,0.3535534,-0.1464466,0.3535534,0.8535534,1,1,1
-15.54788,-0.5670886,-30.79661,0,0,0,1,1,1,1
-8587996717404413037
3.306041,-4,19.71805,0,0,0,1,1,0.5,1
-14.67969,-4,-10.22116,0,0,0,1,0.5,0.5,0.5
21.41992,-4,9.638551,0,0.5,0,0.8660254,1,1,1
4.024243,-4,-21.28512,0,0,0,1,1,1,1
21.67084,-4,-9.919243,0.3535534,-0.1464466,0.3535534,0.8535534,1,1,1
-15.54788,-0.5670886,-30.79661,0,0,0,1,1,1,1
-8587996717404253028
3.306041,-4,19.71805,0,0,0,1,1,0.5,1
-14.67969,-4,-10.22116,0,0,0,1,0.5,0.5,0.5
21.41992,-4,9.638551,0,0.5,0,0.8660254,1,1,1
4.024243,-4,-21.28512,0,0,0,1,1,1,1
21.67084,-4,-9.919243,0.3535534,-0.1464466,0.3535534,0.8535534,1,1,1
-15.54788,-0.5670886,-30.79661,0,0,0,1,1,1,1
-8587996717404083018
3.306041,-4,19.71805,0,0,0,1,1,0.5,1
-14.67969,-4,-10.22116,0,0,0,1,0.5,0.5,0.5
21.41992,-4,9.638551,0,0.5,0,0.8660254,1,1,1
4.024243,-4,-21.28512,0,0,0,1,1,1,1
21.67084,-4,-9.919243,0.3535534,-0.1464466,0.3535534,0.8535534,1,1,1
-15.54788,-0.5670886,-30.79661,0,0,0,1,1,1,1
-8587996717403923009
3.306041,-4,19.71805,0,0,0,1,1,0.5,1
-14.67969,-4,-10.22116,0,0,0,1,0.5,0.5,0.5
21.41992,-4,9.638551,0,0.5,0,0.8660254,1,1,1
4.024243,-4,-21.28512,0,0,0,1,1,1,1
21.67084,-4,-9.919243,0.3535534,-0.1464466,0.3535534,0.8535534,1,1,1
-15.54788,-0.5670886,-30.79661,0,0,0,1,1,1,1
-8587996717403752999
3.306041,-4,19.71805,0,0,0,1,1,0.5,1
-14.67969,-4,-10.22116,0,0,0,1,0.5,0.5,0.5
21.41992,-4,9.638551,0,0.5,0,0.8660254,1,1,1
4.024243,-4,-21.28512,0,0,0,1,1,1,1
21.67084,-4,-9.919243,0.3535534,-0.1464466,0.3535534,0.8535534,1,1,1
-15.54788,-0.5670886,-30.79661,0,0,0,1,1,1,1
-8587996717403592990
3.306041,-4,19.71805,0,0,0,1,1,0.5,1
-14.67969,-4,-10.22116,0,0,0,1,0.5,0.5,0.5
21.41992,-4,9.638551,0,0.5,0,0.8660254,1,1,1
4.024243,-4,-21.28512,0,0,0,1,1,1,1
21.67084,-4,-9.919243,0.3535534,-0.1464466,0.3535534,0.8535534,1,1,1
-15.54788,-0.5670886,-30.79661,0,0,0,1,1,1,1
-8587996717403422980
3.306041,-4,19.71805,0,0,0,1,1,0.5,1
-14.67969,-4,-10.22116,0,0,0,1,0.5,0.5,0.5
21.41992,-4,9.638551,0,0.5,0,0.8660254,1,1,1
4.024243,-4,-21.28512,0,0,0,1,1,1,1
21.67084,-4,-9.919243,0.3535534,-0.1464466,0.3535534,0.8535534,1,1,1
-15.54788,-0.5670886,-30.79661,0,0,0,1,1,1,1
-8587996717403252971
3.306041,-4,19.71805,0,0,0,1,1,0.5,1
-14.67969,-4,-10.22116,0,0,0,1,0.5,0.5,0.5
21.41992,-4,9.638551,0,0.5,0,0.8660254,1,1,1
4.024243,-4,-21.28512,0,0,0,1,1,1,1
21.67084,-4,-9.919243,0.3535534,-0.1464466,0.3535534,0.8535534,1,1,1
-15.54788,-0.5670886,-30.79661,0,0,0,1,1,1,1
-8587996717403092961
3.306041,-4,19.71805,0,0,0,1,1,0.5,1
-14.67969,-4,-10.22116,0,0,0,1,0.5,0.5,0.5
21.41992,-4,9.638551,0,0.5,0,0.8660254,1,1,1
4.024243,-4,-21.28512,0,0,0,1,1,1,1
21.67084,-4,-9.919243,0.3535534,-0.1464466,0.3535534,0.8535534,1,1,1
-15.54788,-0.5670886,-30.79661,0,0,0,1,1,1,1
-8587996717402922952
3.306041,-4,19.71805,0,0,0,1,1,0.5,1
-14.67969,-4,-10.22116,0,0,0,1,0.5,0.5,0.5
21.41992,-4,9.638551,0,0.5,0,0.8660254,1,1,1
4.024243,-4,-21.28512,0,0,0,1,1,1,1
21.67084,-4,-9.919243,0.3535534,-0.1464466,0.3535534,0.8535534,1,1,1
-15.54788,-0.5670886,-30.79661,0,0,0,1,1,1,1
-8587996717402762943
3.306041,-4,19.71805,0,0,0,1,1,0.5,1
-14.67969,-4,-10.22116,0,0,0,1,0.5,0.5,0.5
21.41992,-4,9.638551,0,0.5,0,0.8660254,1,1,1
4.024243,-4,-21.28512,0,0,0,1,1,1,1
21.67084,-4,-9.919243,0.3535534,-0.1464466,0.3535534,0.8535534,1,1,1
-15.54788,-0.5670886,-30.79661,0,0,0,1,1,1,1
-8587996717402592933
3.306041,-4,19.71805,0,0,0,1,1,0.5,1
-14.67969,-4,-10.22116,0,0,0,1,0.5,0.5,0.5
21.41992,-4,9.638551,0,0.5,0,0.8660254,1,1,1
4.024243,-4,-21.28512,0,0,0,1,1,1,1
21.67084,-4,-9.919243,0.3535534,-0.1464466,0.3535534,0.8535534,1,1,1
-15.54788,-0.5670886,-30.79661,0,0,0,1,1,1,1
-8587996717402432924
3.306041,-4,19.71805,0,0,0,1,1,0.5,1
-14.67969,-4,-10.22116,0,0,0,1,0.5,0.5,0.5
21.41992,-4,9.638551,0,0.5,0,0.8660254,1,1,1
4.024243,-4,-21.28512,0,0,0,1,1,1,1
21.67084,-4,-9.919243,0.3535534,-0.1464466,0.3535534,0.8535534,1,1,1
-15.54788,-0.5670886,-30.79661,0,0,0,1,1,1,1
-8587996717402262914
3.306041,-4,19.71805,0,0,0,1,1,0.5,1
-14.67969,-4,-10.22116,0,0,0,1,0.5,0.5,0.5
21.41992,-4,9.638551,0,0.5,0,0.8660254,1,1,1
4.024243,-4,-21.28512,0,0,0,1,1,1,1
21.67084,-4,-9.919243,0.3535534,-0.1464466,0.3535534,0.8535534,1,1,1
-15.54788,-0.5670886,-30.79661,0,0,0,1,1,1,1
-8587996717402092904
3.306041,-4,19.71805,0,0,0,1,1,0.5,1
-14.67969,-4,-10.22116,0,0,0,1,0.5,0.5,0.5
21.41992,-4,9.638551,0,0.5,0,0.8660254,1,1,1
4.024243,-4,-21.28512,0,0,0,1,1,1,1
21.67084,-4,-9.919243,0.3535534,-0.1464466,0.3535534,0.8535534,1,1,1
-15.54788,-0.5670886,-30.79661,0,0,0,1,1,1,1
-8587996717401932895
3.306041,-4,19.71805,0,0,0,1,1,0.5,1
-14.67969,-4,-10.22116,0,0,0,1,0.5,0.5,0.5
21.41992,-4,9.638551,0,0.5,0,0.8660254,1,1,1
4.024243,-4,-21.28512,0,0,0,1,1,1,1
21.67084,-4,-9.919243,0.3535534,-0.1464466,0.3535534,0.8535534,1,1,1
-15.54788,-0.5670886,-30.79661,0,0,0,1,1,1,1
-8587996717401762885
3.306041,-4,19.71805,0,0,0,1,1,0.5,1
-14.67969,-4,-10.22116,0,0,0,1,0.5,0.5,0.5
21.41992,-4,9.638551,0,0.5,0,0.8660254,1,1,1
4.024243,-4,-21.28512,0,0,0,1,1,1,1
21.67084,-4,-9.919243,0.3535534,-0.1464466,0.3535534,0.8535534,1,1,1
-15.54788,-0.5670886,-30.79661,0,0,0,1,1,1,1
-8587996717401602876
3.306041,-4,19.71805,0,0,0,1,1,0.5,1
-14.67969,-4,-10.22116,0,0,0,1,0.5,0.5,0.5
21.41992,-4,9.638551,0,0.5,0,0.8660254,1,1,1
4.024243,-4,-21.28512,0,0,0,1,1,1,1
21.67084,-4,-9.919243,0.3535534,-0.1464466,0.3535534,0.8535534,1,1,1
-15.54788,-0.5670886,-30.79661,0,0,0,1,1,1,1
-8587996717401432866
3.306041,-4,19.71805,0,0,0,1,1,0.5,1
-14.67969,-4,-10.22116,0,0,0,1,0.5,0.5,0.5
21.41992,-4,9.638551,0,0.5,0,0.8660254,1,1,1
4.024243,-4,-21.28512,0,0,0,1,1,1,1
21.67084,-4,-9.919243,0.3535534,-0.1464466,0.3535534,0.8535534,1,1,1
-15.54788,-0.5670886,-30.79661,0,0,0,1,1,1,1
-8587996717401272857
3.306041,-4,19.71805,0,0,0,1,1,0.5,1
-14.67969,-4,-10.22116,0,0,0,1,0.5,0.5,0.5
21.41992,-4,9.638551,0,0.5,0,0.8660254,1,1,1
4.024243,-4,-21.28512,0,0,0,1,1,1,1
21.67084,-4,-9.919243,0.3535534,-0.1464466,0.3535534,0.8535534,1,1,1
-15.54788,-0.5670886,-30.79661,0,0,0,1,1,1,1
-8587996717401102848
3.306041,-4,19.71805,0,0,0,1,1,0.5,1
-14.67969,-4,-10.22116,0,0,0,1,0.5,0.5,0.5
21.41992,-4,9.638551,0,0.5,0,0.8660254,1,1,1
4.024243,-4,-21.28512,0,0,0,1,1,1,1
21.67084,-4,-9.919243,0.3535534,-0.1464466,0.3535534,0.8535534,1,1,1
-15.54788,-0.5670886,-30.79661,0,0,0,1,1,1,1
-8587996717400932838
3.306041,-4,19.71805,0,0,0,1,1,0.5,1
-14.67969,-4,-10.22116,0,0,0,1,0.5,0.5,0.5
21.41992,-4,9.638551,0,0.5,0,0.8660254,1,1,1
4.024243,-4,-21.28512,0,0,0,1,1,1,1
21.67084,-4,-9.919243,0.3535534,-0.1464466,0.3535534,0.8535534,1,1,1
-15.54788,-0.5670886,-30.79661,0,0,0,1,1,1,1
-8587996717400772829
3.306041,-4,19.71805,0,0,0,1,1,0.5,1
-14.67969,-4,-10.22116,0,0,0,1,0.5,0.5,0.5
21.41992,-4,9.638551,0,0.5,0,0.8660254,1,1,1
4.024243,-4,-21.28512,0,0,0,1,1,1,1
21.67084,-4,-9.919243,0.3535534,-0.1464466,0.3535534,0.8535534,1,1,1
-15.54788,-0.5670886,-30.79661,0,0,0,1,1,1,1
-8587996717400602819
3.306041,-4,19.71805,0,0,0,1,1,0.5,1
-14.67969,-4,-10.22116,0,0,0,1,0.5,0.5,0.5
21.41992,-4,9.638551,0,0.5,0,0.8660254,1,1,1
4.024243,-4,-21.28512,0,0,0,1,1,1,1
21.67084,-4,-9.919243,0.3535534,-0.1464466,0.3535534,0.8535534,1,1,1
-15.54788,-0.5670886,-30.79661,0,0,0,1,1,1,1
-8587996717400442810
3.306041,-4,19.71805,0,0,0,1,1,0.5,1
-14.67969,-4,-10.22116,0,0,0,1,0.5,0.5,0.5
21.41992,-4,9.638551,0,0.5,0,0.8660254,1,1,1
4.024243,-4,-21.28512,0,0,0,1,1,1,1
21.67084,-4,-9.919243,0.3535534,-0.1464466,0.3535534,0.8535534,1,1,1
-15.54788,-0.5670886,-30.79661,0,0,0,1,1,1,1
-8587996717400272800
3.306041,-4,19.71805,0,0,0,1,1,0.5,1
-14.67969,-4,-10.22116,0,0,0,1,0.5,0.5,0.5
21.41992,-4,9.638551,0,0.5,0,0.8660254,1,1,1
4.024243,-4,-21.28512,0,0,0,1,1,1,1
21.67084,-4,-9.919243,0.3535534,-0.1464466,0.3535534,0.8535534,1,1,1
-15.54788,-0.5670886,-30.79661,0,0,0,1,1,1,1
-8587996717400112791
3.306041,-4,19.71805,0,0,0,1,1,0.5,1
-14.67969,-4,-10.22116,0,0,0,1,0.5,0.5,0.5
21.41992,-4,9.638551,0,0.5,0,0.8660254,1,1,1
4.024243,-4,-21.28512,0,0,0,1,1,1,1
21.67084,-4,-9.919243,0.3535534,-0.1464466,0.3535534,0.8535534,1,1,1
-15.54788,-0.5670886,-30.79661,0,0,0,1,1,1,1
-8587996717399942781
3.306041,-4,19.71805,0,0,0,1,1,0.5,1
-14.67969,-4,-10.22116,0,0,0,1,0.5,0.5,0.5
21.41992,-4,9.638551,0,0.5,0,0.8660254,1,1,1
4.024243,-4,-21.28512,0,0,0,1,1,1,1
21.67084,-4,-9.919243,0.3535534,-0.1464466,0.3535534,0.8535534,1,1,1
-15.54788,-0.5670886,-30.79661,0,0,0,1,1,1,1
-8587996717399782772
3.306041,-4,19.71805,0,0,0,1,1,0.5,1
-14.67969,-4,-10.22116,0,0,0,1,0.5,0.5,0.5
21.41992,-4,9.638551,0,0.5,0,0.8660254,1,1,1
4.024243,-4,-21.28512,0,0,0,1,1,1,1
21.67084,-4,-9.919243,0.3535534,-0.1464466,0.3535534,0.8535534,1,1,1
-15.54788,-0.5670886,-30.79661,0,0,0,1,1,1,1
-8587996717399612762
3.306041,-4,19.71805,0,0,0,1,1,0.5,1
-14.67969,-4,-10.22116,0,0,0,1,0.5,0.5,0.5
21.41992,-4,9.638551,0,0.5,0,0.8660254,1,1,1
4.024243,-4,-21.28512,0,0,0,1,1,1,1
21.67084,-4,-9.919243,0.3535534,-0.1464466,0.3535534,0.8535534,1,1,1
-15.54788,-0.5670886,-30.79661,0,0,0,1,1,1,1
-8587996717399442753
3.306041,-4,19.71805,0,0,0,1,1,0.5,1
-14.67969,-4,-10.22116,0,0,0,1,0.5,0.5,0.5
21.41992,-4,9.638551,0,0.5,0,0.8660254,1,1,1
4.024243,-4,-21.28512,0,0,0,1,1,1,1
21.67084,-4,-9.919243,0.3535534,-0.1464466,0.3535534,0.8535534,1,1,1
-15.54788,-0.5670886,-30.79661,0,0,0,1,1,1,1
-8587996717399282743
3.306041,-4,19.71805,0,0,0,1,1,0.5,1
-14.67969,-4,-10.22116,0,0,0,1,0.5,0.5,0.5
21.41992,-4,9.638551,0,0.5,0,0.8660254,1,1,1
4.024243,-4,-21.28512,0,0,0,1,1,1,1
21.67084,-4,-9.919243,0.3535534,-0.1464466,0.3535534,0.8535534,1,1,1
-15.54788,-0.5670886,-30.79661,0,0,0,1,1,1,1
-8587996717399112734
3.306041,-4,19.71805,0,0,0,1,1,0.5,1
-14.67969,-4,-10.22116,0,0,0,1,0.5,0.5,0.5
21.41992,-4,9.638551,0,0.5,0,0.8660254,1,1,1
4.024243,-4,-21.28512,0,0,0,1,1,1,1
21.67084,-4,-9.919243,0.3535534,-0.1464466,0.3535534,0.8535534,1,1,1
-15.54788,-0.5670886,-30.79661,0,0,0,1,1,1,1
-8587996717398952725
3.306041,-4,19.71805,0,0,0,1,1,0.5,1
-14.67969,-4,-10.22116,0,0,0,1,0.5,0.5,0.5
21.41992,-4,9.638551,0,0.5,0,0.8660254,1,1,1
4.024243,-4,-21.28512,0,0,0,1,1,1,1
21.67084,-4,-9.919243,0.3535534,-0.1464466,0.3535534,0.8535534,1,1,1
-15.54788,-0.5670886,-30.79661,0,0,0,1,1,1,1
-8587996717398782715
3.306041,-4,19.71805,0,0,0,1,1,0.5,1
-14.67969,-4,-10.22116,0,0,0,1,0.5,0.5,0.5
21.41992,-4,9.638551,0,0.5,0,0.8660254,1,1,1
4.024243,-4,-21.28512,0,0,0,1,1,1,1
21.67084,-4,-9.919243,0.3535534,-0.1464466,0.3535534,0.8535534,1,1,1
-15.54788,-0.5670886,-30.79661,0,0,0,1,1,1,1
-8587996717398622706
3.306041,-4,19.71805,0,0,0,1,1,0.5,1
-14.67969,-4,-10.22116,0,0,0,1,0.5,0.5,0.5
21.41992,-4,9.638551,0,0.5,0,0.8660254,1,1,1
4.024243,-4,-21.28512,0,0,0,1,1,1,1
21.67084,-4,-9.919243,0.3535534,-0.1464466,0.3535534,0.8535534,1,1,1
-15.54788,-0.5670886,-30.79661,0,0,0,1,1,1,1
-8587996717398452696
3.306041,-4,19.71805,0,0,0,1,1,0.5,1
-14.67969,-4,-10.22116,0,0,0,1,0.5,0.5,0.5
21.41992,-4,9.638551,0,0.5,0,0.8660254,1,1,1
4.024243,-4,-21.28512,0,0,0,1,1,1,1
21.67084,-4,-9.919243,0.3535534,-0.1464466,0.3535534,0.8535534,1,1,1
-15.54788,-0.5670886,-30.79661,0,0,0,1,1,1,1
-8587996717398282686
3.306041,-4,19.71805,0,0,0,1,1,0.5,1
-14.67969,-4,-10.22116,0,0,0,1,0.5,0.5,0.5
21.41992,-4,9.638551,0,0.5,0,0.8660254,1,1,1
4.024243,-4,-21.28512,0,0,0,1,1,1,1
21.67084,-4,-9.919243,0.3535534,-0.1464466,0.3535534,0.8535534,1,1,1
-15.54788,-0.5670886,-30.79661,0,0,0,1,1,1,1
-8587996717398122677
3.306041,-4,19.71805,0,0,0,1,1,0.5,1
-14.67969,-4,-10.22116,0,0,0,1,0.5,0.5,0.5
21.41992,-4,9.638551,0,0.5,0,0.8660254,1,1,1
4.024243,-4,-21.28512,0,0,0,1,1,1,1
21.67084,-4,-9.919243,0.3535534,-0.1464466,0.3535534,0.8535534,1,1,1
-15.54788,-0.5670886,-30.79661,0,0,0,1,1,1,1
-8587996717397952667
3.306041,-4,19.71805,0,0,0,1,1,0.5,1
-14.67969,-4,-10.22116,0,0,0,1,0.5,0.5,0.5
21.41992,-4,9.638551,0,0.5,0,0.8660254,1,1,1
4.024243,-4,-21.28512,0,0,0,1,1,1,1
21.67084,-4,-9.919243,0.3535534,-0.1464466,0.3535534,0.8535534,1,1,1
-15.54788,-0.5670886,-30.79661,0,0,0,1,1,1,1
-8587996717397782658
3.306041,-4,19.71805,0,0,0,1,1,0.5,1
-14.67969,-4,-10.22116,0,0,0,1,0.5,0.5,0.5
21.41992,-4,9.638551,0,0.5,0,0.8660254,1,1,1
4.024243,-4,-21.28512,0,0,0,1,1,1,1
21.67084,-4,-9.919243,0.3535534,-0.1464466,0.3535534,0.8535534,1,1,1
-15.54788,-0.5670886,-30.79661,0,0,0,1,1,1,1
-8587996717397622649
3.306041,-4,19.71805,0,0,0,1,1,0.5,1
-14.67969,-4,-10.22116,0,0,0,1,0.5,0.5,0.5
21.41992,-4,9.638551,0,0.5,0,0.8660254,1,1,1
4.024243,-4,-21.28512,0,0,0,1,1,1,1
21.67084,-4,-9.919243,0.3535534,-0.1464466,0.3535534,0.8535534,1,1,1
-15.54788,-0.5670886,-30.79661,0,0,0,1,1,1,1
-8587996717397282629
3.306041,-4,19.71805,0,0,0,1,1,0.5,1
-14.67969,-4,-10.22116,0,0,0,1,0.5,0.5,0.5
21.41992,-4,9.638551,0,0.5,0,0.8660254,1,1,1
4.024243,-4,-21.28512,0,0,0,1,1,1,1
21.67084,-4,-9.919243,0.3535534,-0.1464466,0.3535534,0.8535534,1,1,1
-15.54788,-0.5670886,-30.79661,0,0,0,1,1,1,1
-8587996717397242627
3.306041,-4,19.71805,0,0,0,1,1,0.5,1
-14.67969,-4,-10.22116,0,0,0,1,0.5,0.5,0.5
21.41992,-4,9.638551,0,0.5,0,0.8660254,1,1,1
4.024243,-4,-21.28512,0,0,0,1,1,1,1
21.67084,-4,-9.919243,0.3535534,-0.1464466,0.3535534,0.8535534,1,1,1
-15.54788,-0.5670886,-30.79661,0,0,0,1,1,1,1
-8587996717397082618
3.306041,-4,19.71805,0,0,0,1,1,0.5,1
-14.67969,-4,-10.22116,0,0,0,1,0.5,0.5,0.5
21.41992,-4,9.638551,0,0.5,0,0.8660254,1,1,1
4.024243,-4,-21.28512,0,0,0,1,1,1,1
21.67084,-4,-9.919243,0.3535534,-0.1464466,0.3535534,0.8535534,1,1,1
-15.54788,-0.5670886,-30.79661,0,0,0,1,1,1,1
-8587996717396912608
3.306041,-4,19.71805,0,0,0,1,1,0.5,1
-14.67969,-4,-10.22116,0,0,0,1,0.5,0.5,0.5
21.41992,-4,9.638551,0,0.5,0,0.8660254,1,1,1
4.024243,-4,-21.28512,0,0,0,1,1,1,1
21.67084,-4,-9.919243,0.3535534,-0.1464466,0.3535534,0.8535534,1,1,1
-15.54788,-0.5670886,-30.79661,0,0,0,1,1,1,1
-8587996717396752599
3.306041,-4,19.71805,0,0,0,1,1,0.5,1
-14.67969,-4,-10.22116,0,0,0,1,0.5,0.5,0.5
21.41992,-4,9.638551,0,0.5,0,0.8660254,1,1,1
4.024243,-4,-21.28512,0,0,0,1,1,1,1
21.67084,-4,-9.919243,0.3535534,-0.1464466,0.3535534,0.8535534,1,1,1
-15.54788,-0.5670886,-30.79661,0,0,0,1,1,1,1
-8587996717396582589
3.306041,-4,19.71805,0,0,0,1,1,0.5,1
-14.67969,-4,-10.22116,0,0,0,1,0.5,0.5,0.5
21.41992,-4,9.638551,0,0.5,0,0.8660254,1,1,1
4.024243,-4,-21.28512,0,0,0,1,1,1,1
21.67084,-4,-9.919243,0.3535534,-0.1464466,0.3535534,0.8535534,1,1,1
-15.54788,-0.5670886,-30.79661,0,0,0,1,1,1,1
-8587996717396432580
3.306041,-4,19.71805,0,0,0,1,1,0.5,1
-14.67969,-4,-10.22116,0,0,0,1,0.5,0.5,0.5
21.41992,-4,9.638551,0,0.5,0,0.8660254,1,1,1
4.024243,-4,-21.28512,0,0,0,1,1,1,1
21.67084,-4,-9.919243,0.3535534,-0.1464466,0.3535534,0.8535534,1,1,1
-15.54788,-0.5670886,-30.79661,0,0,0,1,1,1,1
-8587996717396252570
3.306041,-4,19.71805,0,0,0,1,1,0.5,1
-14.67969,-4,-10.22116,0,0,0,1,0.5,0.5,0.5
21.41992,-4,9.638551,0,0.5,0,0.8660254,1,1,1
4.024243,-4,-21.28512,0,0,0,1,1,1,1
21.67084,-4,-9.919243,0.3535534,-0.1464466,0.3535534,0.8535534,1,1,1
-15.54788,-0.5670886,-30.79661,0,0,0,1,1,1,1
-8587996717396082560
3.306041,-4,19.71805,0,0,0,1,1,0.5,1
-14.67969,-4,-10.22116,0,0,0,1,0.5,0.5,0.5
21.41992,-4,9.638551,0,0.5,0,0.8660254,1,1,1
4.024243,-4,-21.28512,0,0,0,1,1,1,1
21.67084,-4,-9.919243,0.3535534,-0.1464466,0.3535534,0.8535534,1,1,1
-15.54788,-0.5670886,-30.79661,0,0,0,1,1,1,1
-8587996717395922551
3.306041,-4,19.71805,0,0,0,1,1,0.5,1
-14.67969,-4,-10.22116,0,0,0,1,0.5,0.5,0.5
21.41992,-4,9.638551,0,0.5,0,0.8660254,1,1,1
4.024243,-4,-21.28512,0,0,0,1,1,1,1
21.67084,-4,-9.919243,0.3535534,-0.1464466,0.3535534,0.8535534,1,1,1
-15.54788,-0.5670886,-30.79661,0,0,0,1,1,1,1
-8587996717395752542
3.306041,-4,19.71805,0,0,0,1,1,0.5,1
-14.67969,-4,-10.22116,0,0,0,1,0.5,0.5,0.5
21.41992,-4,9.638551,0,0.5,0,0.8660254,1,1,1
4.024243,-4,-21.28512,0,0,0,1,1,1,1
21.67084,-4,-9.919243,0.3535534,-0.1464466,0.3535534,0.8535534,1,1,1
-15.54788,-0.5670886,-30.79661,0,0,0,1,1,1,1
-8587996717395592532
3.306041,-4,19.71805,0,0,0,1,1,0.5,1
-14.67969,-4,-10.22116,0,0,0,1,0.5,0.5,0.5
21.41992,-4,9.638551,0,0.5,0,0.8660254,1,1,1
4.024243,-4,-21.28512,0,0,0,1,1,1,1
21.67084,-4,-9.919243,0.3535534,-0.1464466,0.3535534,0.8535534,1,1,1
-15.54788,-0.5670886,-30.79661,0,0,0,1,1,1,1
-8587996717395442524
3.306041,-4,19.71805,0,0,0,1,1,0.5,1
-14.67969,-4,-10.22116,0,0,0,1,0.5,0.5,0.5
21.41992,-4,9.638551,0,0.5,0,0.8660254,1,1,1
4.024243,-4,-21.28512,0,0,0,1,1,1,1
21.67084,-4,-9.919243,0.3535534,-0.1464466,0.3535534,0.8535534,1,1,1
-15.54788,-0.5670886,-30.79661,0,0,0,1,1,1,1
-8587996717395242512
3.306041,-4,19.71805,0,0,0,1,1,0.5,1
-14.67969,-4,-10.22116,0,0,0,1,0.5,0.5,0.5
21.41992,-4,9.638551,0,0.5,0,0.8660254,1,1,1
4.024243,-4,-21.28512,0,0,0,1,1,1,1
21.67084,-4,-9.919243,0.3535534,-0.1464466,0.3535534,0.8535534,1,1,1
-15.54788,-0.5670886,-30.79661,0,0,0,1,1,1,1
-8587996717395072503
3.306041,-4,19.71805,0,0,0,1,1,0.5,1
-14.67969,-4,-10.22116,0,0,0,1,0.5,0.5,0.5
21.41992,-4,9.638551,0,0.5,0,0.8660254,1,1,1
4.024243,-4,-21.28512,0,0,0,1,1,1,1
21.67084,-4,-9.919243,0.3535534,-0.1464466,0.3535534,0.8535534,1,1,1
-15.54788,-0.5670886,-30.79661,0,0,0,1,1,1,1
-8587996717394922494
3.306041,-4,19.71805,0,0,0,1,1,0.5,1
-14.67969,-4,-10.22116,0,0,0,1,0.5,0.5,0.5
21.41992,-4,9.638551,0,0.5,0,0.8660254,1,1,1
4.024243,-4,-21.28512,0,0,0,1,1,1,1
21.67084,-4,-9.919243,0.3535534,-0.1464466,0.3535534,0.8535534,1,1,1
-15.54788,-0.5670886,-30.79661,0,0,0,1,1,1,1
-8587996717394762485
3.306041,-4,19.71805,0,0,0,1,1,0.5,1
-14.67969,-4,-10.22116,0,0,0,1,0.5,0.5,0.5
21.41992,-4,9.638551,0,0.5,0,0.8660254,1,1,1
4.024243,-4,-21.28512,0,0,0,1,1,1,1
21.67084,-4,-9.919243,0.3535534,-0.1464466,0.3535534,0.8535534,1,1,1
-15.54788,-0.5670886,-30.79661,0,0,0,1,1,1,1
-8587996717394612476
3.306041,-4,19.71805,0,0,0,1,1,0.5,1
-14.67969,-4,-10.22116,0,0,0,1,0.5,0.5,0.5
21.41992,-4,9.638551,0,0.5,0,0.8660254,1,1,1
4.024243,-4,-21.28512,0,0,0,1,1,1,1
21.67084,-4,-9.919243,0.3535534,-0.1464466,0.3535534,0.8535534,1,1,1
-15.54788,-0.5670886,-30.79661,0,0,0,1,1,1,1
-8587996717394432466
3.306041,-4,19.71805,0,0,0,1,1,0.5,1
-14.67969,-4,-10.22116,0,0,0,1,0.5,0.5,0.5
21.41992,-4,9.638551,0,0.5,0,0.8660254,1,1,1
4.024243,-4,-21.28512,0,0,0,1,1,1,1
21.67084,-4,-9.919243,0.3535534,-0.1464466,0.3535534,0.8535534,1,1,1
-15.54788,-0.5670886,-30.79661,0,0,0,1,1,1,1
-8587996717394262456
3.306041,-4,19.71805,0,0,0,1,1,0.5,1
-14.67969,-4,-10.22116,0,0,0,1,0.5,0.5,0.5
21.41992,-4,9.638551,0,0.5,0,0.8660254,1,1,1
4.024243,-4,-21.28512,0,0,0,1,1,1,1
21.67084,-4,-9.919243,0.3535534,-0.1464466,0.3535534,0.8535534,1,1,1
-15.54788,-0.5670886,-30.79661,0,0,0,1,1,1,1
-8587996717394102447
3.306041,-4,19.71805,0,0,0,1,1,0.5,1
-14.67969,-4,-10.22116,0,0,0,1,0.5,0.5,0.5
21.41992,-4,9.638551,0,0.5,0,0.8660254,1,1,1
4.024243,-4,-21.28512,0,0,0,1,1,1,1
21.67084,-4,-9.919243,0.3535534,-0.1464466,0.3535534,0.8535534,1,1,1
-15.54788,-0.5670886,-30.79661,0,0,0,1,1,1,1
-8587996717393932437
3.306041,-4,19.71805,0,0,0,1,1,0.5,1
-14.67969,-4,-10.22116,0,0,0,1,0.5,0.5,0.5
21.41992,-4,9.638551,0,0.5,0,0.8660254,1,1,1
4.024243,-4,-21.28512,0,0,0,1,1,1,1
21.67084,-4,-9.919243,0.3535534,-0.1464466,0.3535534,0.8535534,1,1,1
-15.54788,-0.5670886,-30.79661,0,0,0,1,1,1,1
-8587996717393772428
3.306041,-4,19.71805,0,0,0,1,1,0.5,1
-14.67969,-4,-10.22116,0,0,0,1,0.5,0.5,0.5
21.41992,-4,9.638551,0,0.5,0,0.8660254,1,1,1
4.024243,-4,-21.28512,0,0,0,1,1,1,1
21.67084,-4,-9.919243,0.3535534,-0.1464466,0.3535534,0.8535534,1,1,1
-15.54788,-0.5670886,-30.79661,0,0,0,1,1,1,1
-8587996717393622420
3.306041,-4,19.71805,0,0,0,1,1,0.5,1
-14.67969,-4,-10.22116,0,0,0,1,0.5,0.5,0.5
21.41992,-4,9.638551,0,0.5,0,0.8660254,1,1,1
4.024243,-4,-21.28512,0,0,0,1,1,1,1
21.67084,-4,-9.919243,0.3535534,-0.1464466,0.3535534,0.8535534,1,1,1
-15.54788,-0.5670886,-30.79661,0,0,0,1,1,1,1
-8587996717393432409
3.306041,-4,19.71805,0,0,0,1,1,0.5,1
-14.67969,-4,-10.22116,0,0,0,1,0.5,0.5,0.5
21.41992,-4,9.638551,0,0.5,0,0.8660254,1,1,1
4.024243,-4,-21.28512,0,0,0,1,1,1,1
21.67084,-4,-9.919243,0.3535534,-0.1464466,0.3535534,0.8535534,1,1,1
-15.54788,-0.5670886,-30.79661,0,0,0,1,1,1,1
-8587996717393272400
3.306041,-4,19.71805,0,0,0,1,1,0.5,1
-14.67969,-4,-10.22116,0,0,0,1,0.5,0.5,0.5
21.41992,-4,9.638551,0,0.5,0,0.8660254,1,1,1
4.024243,-4,-21.28512,0,0,0,1,1,1,1
21.67084,-4,-9.919243,0.3535534,-0.1464466,0.3535534,0.8535534,1,1,1
-15.54788,-0.5670886,-30.79661,0,0,0,1,1,1,1
-8587996717393102390
3.306041,-4,19.71805,0,0,0,1,1,0.5,1
-14.67969,-4,-10.22116,0,0,0,1,0.5,0.5,0.5
21.41992,-4,9.638551,0,0.5,0,0.8660254,1,1,1
4.024243,-4,-21.28512,0,0,0,1,1,1,1
21.67084,-4,-9.919243,0.3535534,-0.1464466,0.3535534,0.8535534,1,1,1
-15.54788,-0.5670886,-30.79661,0,0,0,1,1,1,1
-8587996717392942381
3.306041,-4,19.71805,0,0,0,1,1,0.5,1
-14.67969,-4,-10.22116,0,0,0,1,0.5,0.5,0.5
21.41992,-4,9.638551,0,0.5,0,0.8660254,1,1,1
4.024243,-4,-21.28512,0,0,0,1,1,1,1
21.67084,-4,-9.919243,0.3535534,-0.1464466,0.3535534,0.8535534,1,1,1
-15.54788,-0.5670886,-30.79661,0,0,0,1,1,1,1
-8587996717392772371
3.306041,-4,19.71805,0,0,0,1,1,0.5,1
-14.67969,-4,-10.22116,0,0,0,1,0.5,0.5,0.5
21.41992,-4,9.638551,0,0.5,0,0.8660254,1,1,1
4.024243,-4,-21.28512,0,0,0,1,1,1,1
21.67084,-4,-9.919243,0.3535534,-0.1464466,0.3535534,0.8535534,1,1,1
-15.54788,-0.5670886,-30.79661,0,0,0,1,1,1,1
-8587996717392622363
3.306041,-4,19.71805,0,0,0,1,1,0.5,1
-14.67969,-4,-10.22116,0,0,0,1,0.5,0.5,0.5
21.41992,-4,9.638551,0,0.5,0,0.8660254,1,1,1
4.024243,-4,-21.28512,0,0,0,1,1,1,1
21.67084,-4,-9.919243,0.3535534,-0.1464466,0.3535534,0.8535534,1,1,1
-15.54788,-0.5670886,-30.79661,0,0,0,1,1,1,1
-8587996717392442352
3.306041,-4,19.71805,0,0,0,1,1,0.5,1
-14.67969,-4,-10.22116,0,0,0,1,0.5,0.5,0.5
21.41992,-4,9.638551,0,0.5,0,0.8660254,1,1,1
4.024243,-4,-21.28512,0,0,0,1,1,1,1
21.67084,-4,-9.919243,0.3535534,-0.1464466,0.3535534,0.8535534,1,1,1
-15.54788,-0.5670886,-30.79661,0,0,0,1,1,1,1
-8587996717392272343
3.306041,-4,19.71805,0,0,0,1,1,0.5,1
-14.67969,-4,-10.22116,0,0,0,1,0.5,0.5,0.5
21.41992,-4,9.638551,0,0.5,0,0.8660254,1,1,1
4.024243,-4,-21.28512,0,0,0,1,1,1,1
21.67084,-4,-9.919243,0.3535534,-0.1464466,0.3535534,0.8535534,1,1,1
-15.54788,-0.5670886,-30.79661,0,0,0,1,1,1,1
-8587996717392112333
3.306041,-4,19.71805,0,0,0,1,1,0.5,1
-14.67969,-4,-10.22116,0,0,0,1,0.5,0.5,0.5
21.41992,-4,9.638551,0,0.5,0,0.8660254,1,1,1
4.024243,-4,-21.28512,0,0,0,1,1,1,1
21.67084,-4,-9.919243,0.3535534,-0.1464466,0.3535534,0.8535534,1,1,1
-15.54788,-0.5670886,-30.79661,0,0,0,1,1,1,1
-8587996717391942324
3.306041,-4,19.71805,0,0,0,1,1,0.5,1
-14.67969,-4,-10.22116,0,0,0,1,0.5,0.5,0.5
21.41992,-4,9.638551,0,0.5,0,0.8660254,1,1,1
4.024243,-4,-21.28512,0,0,0,1,1,1,1
21.67084,-4,-9.919243,0.3535534,-0.1464466,0.3535534,0.8535534,1,1,1
-15.54788,-0.5670886,-30.79661,0,0,0,1,1,1,1
-8587996717391782314
3.306041,-4,19.71805,0,0,0,1,1,0.5,1
-14.67969,-4,-10.22116,0,0,0,1,0.5,0.5,0.5
21.41992,-4,9.638551,0,0.5,0,0.8660254,1,1,1
4.024243,-4,-21.28512,0,0,0,1,1,1,1
21.67084,-4,-9.919243,0.3535534,-0.1464466,0.3535534,0.8535534,1,1,1
-15.54788,-0.5670886,-30.79661,0,0,0,1,1,1,1
-8587996717391632306
3.306041,-4,19.71805,0,0,0,1,1,0.5,1
-14.67969,-4,-10.22116,0,0,0,1,0.5,0.5,0.5
21.41992,-4,9.638551,0,0.5,0,0.8660254,1,1,1
4.024243,-4,-21.28512,0,0,0,1,1,1,1
21.67084,-4,-9.919243,0.3535534,-0.1464466,0.3535534,0.8535534,1,1,1
-15.54788,-0.5670886,-30.79661,0,0,0,1,1,1,1
-8587996717391452296
3.306041,-4,19.71805,0,0,0,1,1,0.5,1
-14.67969,-4,-10.22116,0,0,0,1,0.5,0.5,0.5
21.41992,-4,9.638551,0,0.5,0,0.8660254,1,1,1
4.024243,-4,-21.28512,0,0,0,1,1,1,1
21.67084,-4,-9.919243,0.3535534,-0.1464466,0.3535534,0.8535534,1,1,1
-15.54788,-0.5670886,-30.79661,0,0,0,1,1,1,1
-8587996717391282286
3.306041,-4,19.71805,0,0,0,1,1,0.5,1
-14.67969,-4,-10.22116,0,0,0,1,0.5,0.5,0.5
21.41992,-4,9.638551,0,0.5,0,0.8660254,1,1,1
4.024243,-4,-21.28512,0,0,0,1,1,1,1
21.67084,-4,-9.919243,0.3535534,-0.1464466,0.3535534,0.8535534,1,1,1
-15.54788,-0.5670886,-30.79661,0,0,0,1,1,1,1
-8587996717391122277
3.306041,-4,19.71805,0,0,0,1,1,0.5,1
-14.67969,-4,-10.22116,0,0,0,1,0.5,0.5,0.5
21.41992,-4,9.638551,0,0.5,0,0.8660254,1,1,1
4.024243,-4,-21.28512,0,0,0,1,1,1,1
21.67084,-4,-9.919243,0.3535534,-0.1464466,0.3535534,0.8535534,1,1,1
-15.54788,-0.5670886,-30.79661,0,0,0,1,1,1,1
-8587996717390932266
3.306041,-4,19.71805,0,0,0,1,1,0.5,1
-14.67969,-4,-10.22116,0,0,0,1,0.5,0.5,0.5
21.41992,-4,9.638551,0,0.5,0,0.8660254,1,1,1
4.024243,-4,-21.28512,0,0,0,1,1,1,1
21.67084,-4,-9.919243,0.3535534,-0.1464466,0.3535534,0.8535534,1,1,1
-15.54788,-0.5670886,-30.79661,0,0,0,1,1,1,1
-8587996717390772257
3.306041,-4,19.71805,0,0,0,1,1,0.5,1
-14.67969,-4,-10.22116,0,0,0,1,0.5,0.5,0.5
21.41992,-4,9.638551,0,0.5,0,0.8660254,1,1,1
4.024243,-4,-21.28512,0,0,0,1,1,1,1
21.67084,-4,-9.919243,0.3535534,-0.1464466,0.3535534,0.8535534,1,1,1
-15.54788,-0.5670886,-30.79661,0,0,0,1,1,1,1
-8587996717390632249
3.306041,-4,19.71805,0,0,0,1,1,0.5,1
-14.67969,-4,-10.22116,0,0,0,1,0.5,0.5,0.5
21.41992,-4,9.638551,0,0.5,0,0.8660254,1,1,1
4.024243,-4,-21.28512,0,0,0,1,1,1,1
21.67084,-4,-9.919243,0.3535534,-0.1464466,0.3535534,0.8535534,1,1,1
-15.54788,-0.5670886,-30.79661,0,0,0,1,1,1,1
-8587996717390442238
3.306041,-4,19.71805,0,0,0,1,1,0.5,1
-14.67969,-4,-10.22116,0,0,0,1,0.5,0.5,0.5
21.41992,-4,9.638551,0,0.5,0,0.8660254,1,1,1
4.024243,-4,-21.28512,0,0,0,1,1,1,1
21.67084,-4,-9.919243,0.3535534,-0.1464466,0.3535534,0.8535534,1,1,1
-15.54788,-0.5670886,-30.79661,0,0,0,1,1,1,1
-8587996717390272228
3.306041,-4,19.71805,0,0,0,1,1,0.5,1
-14.67969,-4,-10.22116,0,0,0,1,0.5,0.5,0.5
21.41992,-4,9.638551,0,0.5,0,0.8660254,1,1,1
4.024243,-4,-21.28512,0,0,0,1,1,1,1
21.67084,-4,-9.919243,0.3535534,-0.1464466,0.3535534,0.8535534,1,1,1
-15.54788,-0.5670886,-30.79661,0,0,0,1,1,1,1
-8587996717390112219
3.306041,-4,19.71805,0,0,0,1,1,0.5,1
-14.67969,-4,-10.22116,0,0,0,1,0.5,0.5,0.5
21.41992,-4,9.638551,0,0.5,0,0.8660254,1,1,1
4.024243,-4,-21.28512,0,0,0,1,1,1,1
21.67084,-4,-9.919243,0.3535534,-0.1464466,0.3535534,0.8535534,1,1,1
-15.54788,-0.5670886,-30.79661,0,0,0,1,1,1,1
-8587996717389942209
3.306041,-4,19.71805,0,0,0,1,1,0.5,1
-14.67969,-4,-10.22116,0,0,0,1,0.5,0.5,0.5
21.41992,-4,9.638551,0,0.5,0,0.8660254,1,1,1
4.024243,-4,-21.28512,0,0,0,1,1,1,1
21.67084,-4,-9.919243,0.3535534,-0.1464466,0.3535534,0.8535534,1,1,1
-15.54788,-0.5670886,-30.79661,0,0,0,1,1,1,1
-8587996717389792201
3.306041,-4,19.71805,0,0,0,1,1,0.5,1
-14.67969,-4,-10.22116,0,0,0,1,0.5,0.5,0.5
21.41992,-4,9.638551,0,0.5,0,0.8660254,1,1,1
4.024243,-4,-21.28512,0,0,0,1,1,1,1
21.67084,-4,-9.919243,0.3535534,-0.1464466,0.3535534,0.8535534,1,1,1
-15.54788,-0.5670886,-30.79661,0,0,0,1,1,1,1
-8587996717389642192
3.306041,-4,19.71805,0,0,0,1,1,0.5,1
-14.67969,-4,-10.22116,0,0,0,1,0.5,0.5,0.5
21.41992,-4,9.638551,0,0.5,0,0.8660254,1,1,1
4.024243,-4,-21.28512,0,0,0,1,1,1,1
21.67084,-4,-9.919243,0.3535534,-0.1464466,0.3535534,0.8535534,1,1,1
-15.54788,-0.5670886,-30.79661,0,0,0,1,1,1,1
-8587996717389462182
3.306041,-4,19.71805,0,0,0,1,1,0.5,1
-14.67969,-4,-10.22116,0,0,0,1,0.5,0.5,0.5
21.41992,-4,9.638551,0,0.5,0,0.8660254,1,1,1
4.024243,-4,-21.28512,0,0,0,1,1,1,1
21.67084,-4,-9.919243,0.3535534,-0.1464466,0.3535534,0.8535534,1,1,1
-15.54788,-0.5670886,-30.79661,0,0,0,1,1,1,1
-8587996717389292172
3.306041,-4,19.71805,0,0,0,1,1,0.5,1
-14.67969,-4,-10.22116,0,0,0,1,0.5,0.5,0.5
21.41992,-4,9.638551,0,0.5,0,0.8660254,1,1,1
4.024243,-4,-21.28512,0,0,0,1,1,1,1
21.67084,-4,-9.919243,0.3535534,-0.1464466,0.3535534,0.8535534,1,1,1
-15.54788,-0.5670886,-30.79661,0,0,0,1,1,1,1
-8587996717389122162
3.306041,-4,19.71805,0,0,0,1,1,0.5,1
-14.67969,-4,-10.22116,0,0,0,1,0.5,0.5,0.5
21.41992,-4,9.638551,0,0.5,0,0.8660254,1,1,1
4.024243,-4,-21.28512,0,0,0,1,1,1,1
21.67084,-4,-9.919243,0.3535534,-0.1464466,0.3535534,0.8535534,1,1,1
-15.54788,-0.5670886,-30.79661,0,0,0,1,1,1,1
-8587996717388912150
3.306041,-4,19.71805,0,0,0,1,1,0.5,1
-14.67969,-4,-10.22116,0,0,0,1,0.5,0.5,0.5
21.41992,-4,9.638551,0,0.5,0,0.8660254,1,1,1
4.024243,-4,-21.28512,0,0,0,1,1,1,1
21.67084,-4,-9.919243,0.3535534,-0.1464466,0.3535534,0.8535534,1,1,1
-15.54788,-0.5670886,-30.79661,0,0,0,1,1,1,1
-8587996717388812145
3.306041,-4,19.71805,0,0,0,1,1,0.5,1
-14.67969,-4,-10.22116,0,0,0,1,0.5,0.5,0.5
21.41992,-4,9.638551,0,0.5,0,0.8660254,1,1,1
4.024243,-4,-21.28512,0,0,0,1,1,1,1
21.67084,-4,-9.919243,0.3535534,-0.1464466,0.3535534,0.8535534,1,1,1
-15.54788,-0.5670886,-30.79661,0,0,0,1,1,1,1
-8587996717388632134
3.306041,-4,19.71805,0,0,0,1,1,0.5,1
-14.67969,-4,-10.22116,0,0,0,1,0.5,0.5,0.5
21.41992,-4,9.638551,0,0.5,0,0.8660254,1,1,1
4.024243,-4,-21.28512,0,0,0,1,1,1,1
21.67084,-4,-9.919243,0.3535534,-0.1464466,0.3535534,0.8535534,1,1,1
-15.54788,-0.5670886,-30.79661,0,0,0,1,1,1,1
-8587996717388462125
3.306041,-4,19.71805,0,0,0,1,1,0.5,1
-14.67969,-4,-10.22116,0,0,0,1,0.5,0.5,0.5
21.41992,-4,9.638551,0,0.5,0,0.8660254,1,1,1
4.024243,-4,-21.28512,0,0,0,1,1,1,1
21.67084,-4,-9.919243,0.3535534,-0.1464466,0.3535534,0.8535534,1,1,1
-15.54788,-0.5670886,-30.79661,0,0,0,1,1,1,1
-8587996717388302115
3.306041,-4,19.71805,0,0,0,1,1,0.5,1
-14.67969,-4,-10.22116,0,0,0,1,0.5,0.5,0.5
21.41992,-4,9.638551,0,0.5,0,0.8660254,1,1,1
4.024243,-4,-21.28512,0,0,0,1,1,1,1
21.67084,-4,-9.919243,0.3535534,-0.1464466,0.3535534,0.8535534,1,1,1
-15.54788,-0.5670886,-30.79661,0,0,0,1,1,1,1
-8587996717388132106
3.306041,-4,19.71805,0,0,0,1,1,0.5,1
-14.67969,-4,-10.22116,0,0,0,1,0.5,0.5,0.5
21.41992,-4,9.638551,0,0.5,0,0.8660254,1,1,1
4.024243,-4,-21.28512,0,0,0,1,1,1,1
21.67084,-4,-9.919243,0.3535534,-0.1464466,0.3535534,0.8535534,1,1,1
-15.54788,-0.5670886,-30.79661,0,0,0,1,1,1,1
-8587996717387972097
3.306041,-4,19.71805,0,0,0,1,1,0.5,1
-14.67969,-4,-10.22116,0,0,0,1,0.5,0.5,0.5
21.41992,-4,9.638551,0,0.5,0,0.8660254,1,1,1
4.024243,-4,-21.28512,0,0,0,1,1,1,1
21.67084,-4,-9.919243,0.3535534,-0.1464466,0.3535534,0.8535534,1,1,1
-15.54788,-0.5670886,-30.79661,0,0,0,1,1,1,1
-8587996717387822088
3.306041,-4,19.71805,0,0,0,1,1,0.5,1
-14.67969,-4,-10.22116,0,0,0,1,0.5,0.5,0.5
21.41992,-4,9.638551,0,0.5,0,0.8660254,1,1,1
4.024243,-4,-21.28512,0,0,0,1,1,1,1
21.67084,-4,-9.919243,0.3535534,-0.1464466,0.3535534,0.8535534,1,1,1
-15.54788,-0.5670886,-30.79661,0,0,0,1,1,1,1
-8587996717387632077
3.306041,-4,19.71805,0,0,0,1,1,0.5,1
-14.67969,-4,-10.22116,0,0,0,1,0.5,0.5,0.5
21.41992,-4,9.638551,0,0.5,0,0.8660254,1,1,1
4.024243,-4,-21.28512,0,0,0,1,1,1,1
21.67084,-4,-9.919243,0.3535534,-0.1464466,0.3535534,0.8535534,1,1,1
-15.54788,-0.5670886,-30.79661,0,0,0,1,1,1,1
-8587996717387472068
3.306041,-4,19.71805,0,0,0,1,1,0.5,1
-14.67969,-4,-10.22116,0,0,0,1,0.5,0.5,0.5
21.41992,-4,9.638551,0,0.5,0,0.8660254,1,1,1
4.024243,-4,-21.28512,0,0,0,1,1,1,1
21.67084,-4,-9.919243,0.3535534,-0.1464466,0.3535534,0.8535534,1,1,1
-15.54788,-0.5670886,-30.79661,0,0,0,1,1,1,1
-8587996717387302058
3.306041,-4,19.71805,0,0,0,1,1,0.5,1
-14.67969,-4,-10.22116,0,0,0,1,0.5,0.5,0.5
21.41992,-4,9.638551,0,0.5,0,0.8660254,1,1,1
4.024243,-4,-21.28512,0,0,0,1,1,1,1
21.67084,-4,-9.919243,0.3535534,-0.1464466,0.3535534,0.8535534,1,1,1
-15.54788,-0.5670886,-30.79661,0,0,0,1,1,1,1
-8587996717387142049
3.306041,-4,19.71805,0,0,0,1,1,0.5,1
-14.67969,-4,-10.22116,0,0,0,1,0.5,0.5,0.5
21.41992,-4,9.638551,0,0.5,0,0.8660254,1,1,1
4.024243,-4,-21.28512,0,0,0,1,1,1,1
21.67084,-4,-9.919243,0.3535534,-0.1464466,0.3535534,0.8535534,1,1,1
-15.54788,-0.5670886,-30.79661,0,0,0,1,1,1,1
-8587996717386972039
3.306041,-4,19.71805,0,0,0,1,1,0.5,1
-14.67969,-4,-10.22116,0,0,0,1,0.5,0.5,0.5
21.41992,-4,9.638551,0,0.5,0,0.8660254,1,1,1
4.024243,-4,-21.28512,0,0,0,1,1,1,1
21.67084,-4,-9.919243,0.3535534,-0.1464466,0.3535534,0.8535534,1,1,1
-15.54788,-0.5670886,-30.79661,0,0,0,1,1,1,1
-8587996717386832031
3.306041,-4,19.71805,0,0,0,1,1,0.5,1
-14.67969,-4,-10.22116,0,0,0,1,0.5,0.5,0.5
21.41992,-4,9.638551,0,0.5,0,0.8660254,1,1,1
4.024243,-4,-21.28512,0,0,0,1,1,1,1
21.67084,-4,-9.919243,0.3535534,-0.1464466,0.3535534,0.8535534,1,1,1
-15.54788,-0.5670886,-30.79661,0,0,0,1,1,1,1
-8587996717386642020
3.306041,-4,19.71805,0,0,0,1,1,0.5,1
-14.67969,-4,-10.22116,0,0,0,1,0.5,0.5,0.5
21.41992,-4,9.638551,0,0.5,0,0.8660254,1,1,1
4.024243,-4,-21.28512,0,0,0,1,1,1,1
21.67084,-4,-9.919243,0.3535534,-0.1464466,0.3535534,0.8535534,1,1,1
-15.54788,-0.5670886,-30.79661,0,0,0,1,1,1,1
-8587996717386482011
3.306041,-4,19.71805,0,0,0,1,1,0.5,1
-14.67969,-4,-10.22116,0,0,0,1,0.5,0.5,0.5
21.41992,-4,9.638551,0,0.5,0,0.8660254,1,1,1
4.024243,-4,-21.28512,0,0,0,1,1,1,1
21.67084,-4,-9.919243,0.3535534,-0.1464466,0.3535534,0.8535534,1,1,1
-15.54788,-0.5670886,-30.79661,0,0,0,1,1,1,1
-8587996717386312002
3.306041,-4,19.71805,0,0,0,1,1,0.5,1
-14.67969,-4,-10.22116,0,0,0,1,0.5,0.5,0.5
21.41992,-4,9.638551,0,0.5,0,0.8660254,1,1,1
4.024243,-4,-21.28512,0,0,0,1,1,1,1
21.67084,-4,-9.919243,0.3535534,-0.1464466,0.3535534,0.8535534,1,1,1
-15.54788,-0.5670886,-30.79661,0,0,0,1,1,1,1
-8587996717386151992
3.306041,-4,19.71805,0,0,0,1,1,0.5,1
-14.67969,-4,-10.22116,0,0,0,1,0.5,0.5,0.5
21.41992,-4,9.638551,0,0.5,0,0.8660254,1,1,1
4.024243,-4,-21.28512,0,0,0,1,1,1,1
21.67084,-4,-9.919243,0.3535534,-0.1464466,0.3535534,0.8535534,1,1,1
-15.54788,-0.5670886,-30.79661,0,0,0,1,1,1,1
-8587996717385981983
3.306041,-4,19.71805,0,0,0,1,1,0.5,1
-14.67969,-4,-10.22116,0,0,0,1,0.5,0.5,0.5
21.41992,-4,9.638551,0,0.5,0,0.8660254,1,1,1
4.024243,-4,-21.28512,0,0,0,1,1,1,1
21.67084,-4,-9.919243,0.3535534,-0.1464466,0.3535534,0.8535534,1,1,1
-15.54788,-0.5670886,-30.79661,0,0,0,1,1,1,1
-8587996717385831974
3.306041,-4,19.71805,0,0,0,1,1,0.5,1
-14.67969,-4,-10.22116,0,0,0,1,0.5,0.5,0.5
21.41992,-4,9.638551,0,0.5,0,0.8660254,1,1,1
4.024243,-4,-21.28512,0,0,0,1,1,1,1
21.67084,-4,-9.919243,0.3535534,-0.1464466,0.3535534,0.8535534,1,1,1
-15.54788,-0.5670886,-30.79661,0,0,0,1,1,1,1
-8587996717385651964
3.306041,-4,19.71805,0,0,0,1,1,0.5,1
-14.67969,-4,-10.22116,0,0,0,1,0.5,0.5,0.5
21.41992,-4,9.638551,0,0.5,0,0.8660254,1,1,1
4.024243,-4,-21.28512,0,0,0,1,1,1,1
21.67084,-4,-9.919243,0.3535534,-0.1464466,0.3535534,0.8535534,1,1,1
-15.54788,-0.5670886,-30.79661,0,0,0,1,1,1,1
-8587996717385481954
3.306041,-4,19.71805,0,0,0,1,1,0.5,1
-14.67969,-4,-10.22116,0,0,0,1,0.5,0.5,0.5
21.41992,-4,9.638551,0,0.5,0,0.8660254,1,1,1
4.024243,-4,-21.28512,0,0,0,1,1,1,1
21.67084,-4,-9.919243,0.3535534,-0.1464466,0.3535534,0.8535534,1,1,1
-15.54788,-0.5670886,-30.79661,0,0,0,1,1,1,1
-8587996717385321945
3.306041,-4,19.71805,0,0,0,1,1,0.5,1
-14.67969,-4,-10.22116,0,0,0,1,0.5,0.5,0.5
21.41992,-4,9.638551,0,0.5,0,0.8660254,1,1,1
4.024243,-4,-21.28512,0,0,0,1,1,1,1
21.67084,-4,-9.919243,0.3535534,-0.1464466,0.3535534,0.8535534,1,1,1
-15.54788,-0.5670886,-30.79661,0,0,0,1,1,1,1
-8587996717385151935
3.306041,-4,19.71805,0,0,0,1,1,0.5,1
-14.67969,-4,-10.22116,0,0,0,1,0.5,0.5,0.5
21.41992,-4,9.638551,0,0.5,0,0.8660254,1,1,1
4.024243,-4,-21.28512,0,0,0,1,1,1,1
21.67084,-4,-9.919243,0.3535534,-0.1464466,0.3535534,0.8535534,1,1,1
-15.54788,-0.5670886,-30.79661,0,0,0,1,1,1,1
-8587996717384991926
3.306041,-4,19.71805,0,0,0,1,1,0.5,1
-14.67969,-4,-10.22116,0,0,0,1,0.5,0.5,0.5
21.41992,-4,9.638551,0,0.5,0,0.8660254,1,1,1
4.024243,-4,-21.28512,0,0,0,1,1,1,1
21.67084,-4,-9.919243,0.3535534,-0.1464466,0.3535534,0.8535534,1,1,1
-15.54788,-0.5670886,-30.79661,0,0,0,1,1,1,1
-8587996717384841918
3.306041,-4,19.71805,0,0,0,1,1,0.5,1
-14.67969,-4,-10.22116,0,0,0,1,0.5,0.5,0.5
21.41992,-4,9.638551,0,0.5,0,0.8660254,1,1,1
4.024243,-4,-21.28512,0,0,0,1,1,1,1
21.67084,-4,-9.919243,0.3535534,-0.1464466,0.3535534,0.8535534,1,1,1
-15.54788,-0.5670886,-30.79661,0,0,0,1,1,1,1
-8587996717384651907
3.306041,-4,19.71805,0,0,0,1,1,0.5,1
-14.67969,-4,-10.22116,0,0,0,1,0.5,0.5,0.5
21.41992,-4,9.638551,0,0.5,0,0.8660254,1,1,1
4.024243,-4,-21.28512,0,0,0,1,1,1,1
21.67084,-4,-9.919243,0.3535534,-0.1464466,0.3535534,0.8535534,1,1,1
-15.54788,-0.5670886,-30.79661,0,0,0,1,1,1,1
-8587996717384491897
3.306041,-4,19.71805,0,0,0,1,1,0.5,1
-14.67969,-4,-10.22116,0,0,0,1,0.5,0.5,0.5
21.41992,-4,9.638551,0,0.5,0,0.8660254,1,1,1
4.024243,-4,-21.28512,0,0,0,1,1,1,1
21.67084,-4,-9.919243,0.3535534,-0.1464466,0.3535534,0.8535534,1,1,1
-15.54788,-0.5670886,-30.79661,0,0,0,1,1,1,1
-8587996717384321888
3.306041,-4,19.71805,0,0,0,1,1,0.5,1
-14.67969,-4,-10.22116,0,0,0,1,0.5,0.5,0.5
21.41992,-4,9.638551,0,0.5,0,0.8660254,1,1,1
4.024243,-4,-21.28512,0,0,0,1,1,1,1
21.67084,-4,-9.919243,0.3535534,-0.1464466,0.3535534,0.8535534,1,1,1
-15.54788,-0.5670886,-30.79661,0,0,0,1,1,1,1
-8587996717384161879
3.306041,-4,19.71805,0,0,0,1,1,0.5,1
-14.67969,-4,-10.22116,0,0,0,1,0.5,0.5,0.5
21.41992,-4,9.638551,0,0.5,0,0.8660254,1,1,1
4.024243,-4,-21.28512,0,0,0,1,1,1,1
21.67084,-4,-9.919243,0.3535534,-0.1464466,0.3535534,0.8535534,1,1,1
-15.54788,-0.5670886,-30.79661,0,0,0,1,1,1,1
-8587996717384011870
3.306041,-4,19.71805,0,0,0,1,1,0.5,1
-14.67969,-4,-10.22116,0,0,0,1,0.5,0.5,0.5
21.41992,-4,9.638551,0,0.5,0,0.8660254,1,1,1
4.024243,-4,-21.28512,0,0,0,1,1,1,1
21.67084,-4,-9.919243,0.3535534,-0.1464466,0.3535534,0.8535534,1,1,1
-15.54788,-0.5670886,-30.79661,0,0,0,1,1,1,1
-8587996717383831860
3.306041,-4,19.71805,0,0,0,1,1,0.5,1
-14.67969,-4,-10.22116,0,0,0,1,0.5,0.5,0.5
21.41992,-4,9.638551,0,0.5,0,0.8660254,1,1,1
4.024243,-4,-21.28512,0,0,0,1,1,1,1
21.67084,-4,-9.919243,0.3535534,-0.1464466,0.3535534,0.8535534,1,1,1
-15.54788,-0.5670886,-30.79661,0,0,0,1,1,1,1
-8587996717383661850
3.306041,-4,19.71805,0,0,0,1,1,0.5,1
-14.67969,-4,-10.22116,0,0,0,1,0.5,0.5,0.5
21.41992,-4,9.638551,0,0.5,0,0.8660254,1,1,1
4.024243,-4,-21.28512,0,0,0,1,1,1,1
21.67084,-4,-9.919243,0.3535534,-0.1464466,0.3535534,0.8535534,1,1,1
-15.54788,-0.5670886,-30.79661,0,0,0,1,1,1,1
-8587996717383491840
3.306041,-4,19.71805,0,0,0,1,1,0.5,1
-14.67969,-4,-10.22116,0,0,0,1,0.5,0.5,0.5
21.41992,-4,9.638551,0,0.5,0,0.8660254,1,1,1
4.024243,-4,-21.28512,0,0,0,1,1,1,1
21.67084,-4,-9.919243,0.3535534,-0.1464466,0.3535534,0.8535534,1,1,1
-15.54788,-0.5670886,-30.79661,0,0,0,1,1,1,1
-8587996717383331831
3.306041,-4,19.71805,0,0,0,1,1,0.5,1
-14.67969,-4,-10.22116,0,0,0,1,0.5,0.5,0.5
21.41992,-4,9.638551,0,0.5,0,0.8660254,1,1,1
4.024243,-4,-21.28512,0,0,0,1,1,1,1
21.67084,-4,-9.919243,0.3535534,-0.1464466,0.3535534,0.8535534,1,1,1
-15.54788,-0.5670886,-30.79661,0,0,0,1,1,1,1
-8587996717383161821
3.306041,-4,19.71805,0,0,0,1,1,0.5,1
-14.67969,-4,-10.22116,0,0,0,1,0.5,0.5,0.5
21.41992,-4,9.638551,0,0.5,0,0.8660254,1,1,1
4.024243,-4,-21.28512,0,0,0,1,1,1,1
21.67084,-4,-9.919243,0.3535534,-0.1464466,0.3535534,0.8535534,1,1,1
-15.54788,-0.5670886,-30.79661,0,0,0,1,1,1,1
-8587996717383011813
3.306041,-4,19.71805,0,0,0,1,1,0.5,1
-14.67969,-4,-10.22116,0,0,0,1,0.5,0.5,0.5
21.41992,-4,9.638551,0,0.5,0,0.8660254,1,1,1
4.024243,-4,-21.28512,0,0,0,1,1,1,1
21.67084,-4,-9.919243,0.3535534,-0.1464466,0.3535534,0.8535534,1,1,1
-15.54788,-0.5670886,-30.79661,0,0,0,1,1,1,1
-8587996717382831803
3.306041,-4,19.71805,0,0,0,1,1,0.5,1
-14.67969,-4,-10.22116,0,0,0,1,0.5,0.5,0.5
21.41992,-4,9.638551,0,0.5,0,0.8660254,1,1,1
4.024243,-4,-21.28512,0,0,0,1,1,1,1
21.67084,-4,-9.919243,0.3535534,-0.1464466,0.3535534,0.8535534,1,1,1
-15.54788,-0.5670886,-30.79661,0,0,0,1,1,1,1
-8587996717382671793
3.306041,-4,19.71805,0,0,0,1,1,0.5,1
-14.67969,-4,-10.22116,0,0,0,1,0.5,0.5,0.5
21.41992,-4,9.638551,0,0.5,0,0.8660254,1,1,1
4.024243,-4,-21.28512,0,0,0,1,1,1,1
21.67084,-4,-9.919243,0.3535534,-0.1464466,0.3535534,0.8535534,1,1,1
-15.54788,-0.5670886,-30.79661,0,0,0,1,1,1,1
-8587996717382501784
3.306041,-4,19.71805,0,0,0,1,1,0.5,1
-14.67969,-4,-10.22116,0,0,0,1,0.5,0.5,0.5
21.41992,-4,9.638551,0,0.5,0,0.8660254,1,1,1
4.024243,-4,-21.28512,0,0,0,1,1,1,1
21.67084,-4,-9.919243,0.3535534,-0.1464466,0.3535534,0.8535534,1,1,1
-15.54788,-0.5670886,-30.79661,0,0,0,1,1,1,1
-8587996717382341775
3.306041,-4,19.71805,0,0,0,1,1,0.5,1
-14.67969,-4,-10.22116,0,0,0,1,0.5,0.5,0.5
21.41992,-4,9.638551,0,0.5,0,0.8660254,1,1,1
4.024243,-4,-21.28512,0,0,0,1,1,1,1
21.67084,-4,-9.919243,0.3535534,-0.1464466,0.3535534,0.8535534,1,1,1
-15.54788,-0.5670886,-30.79661,0,0,0,1,1,1,1
-8587996717382171765
3.306041,-4,19.71805,0,0,0,1,1,0.5,1
-14.67969,-4,-10.22116,0,0,0,1,0.5,0.5,0.5
21.41992,-4,9.638551,0,0.5,0,0.8660254,1,1,1
4.024243,-4,-21.28512,0,0,0,1,1,1,1
21.67084,-4,-9.919243,0.3535534,-0.1464466,0.3535534,0.8535534,1,1,1
-15.54788,-0.5670886,-30.79661,0,0,0,1,1,1,1
-8587996717382021756
3.306041,-4,19.71805,0,0,0,1,1,0.5,1
-14.67969,-4,-10.22116,0,0,0,1,0.5,0.5,0.5
21.41992,-4,9.638551,0,0.5,0,0.8660254,1,1,1
4.024243,-4,-21.28512,0,0,0,1,1,1,1
21.67084,-4,-9.919243,0.3535534,-0.1464466,0.3535534,0.8535534,1,1,1
-15.54788,-0.5670886,-30.79661,0,0,0,1,1,1,1
-8587996717381841746
3.306041,-4,19.71805,0,0,0,1,1,0.5,1
-14.67969,-4,-10.22116,0,0,0,1,0.5,0.5,0.5
21.41992,-4,9.638551,0,0.5,0,0.8660254,1,1,1
4.024243,-4,-21.28512,0,0,0,1,1,1,1
21.67084,-4,-9.919243,0.3535534,-0.1464466,0.3535534,0.8535534,1,1,1
-15.54788,-0.5670886,-30.79661,0,0,0,1,1,1,1
-8587996717381671736
3.306041,-4,19.71805,0,0,0,1,1,0.5,1
-14.67969,-4,-10.22116,0,0,0,1,0.5,0.5,0.5
21.41992,-4,9.638551,0,0.5,0,0.8660254,1,1,1
4.024243,-4,-21.28512,0,0,0,1,1,1,1
21.67084,-4,-9.919243,0.3535534,-0.1464466,0.3535534,0.8535534,1,1,1
-15.54788,-0.5670886,-30.79661,0,0,0,1,1,1,1
-8587996717381511727
3.306041,-4,19.71805,0,0,0,1,1,0.5,1
-14.67969,-4,-10.22116,0,0,0,1,0.5,0.5,0.5
21.41992,-4,9.638551,0,0.5,0,0.8660254,1,1,1
4.024243,-4,-21.28512,0,0,0,1,1,1,1
21.67084,-4,-9.919243,0.3535534,-0.1464466,0.3535534,0.8535534,1,1,1
-15.54788,-0.5670886,-30.79661,0,0,0,1,1,1,1
-8587996717381341717
3.306041,-4,19.71805,0,0,0,1,1,0.5,1
-14.67969,-4,-10.22116,0,0,0,1,0.5,0.5,0.5
21.41992,-4,9.638551,0,0.5,0,0.8660254,1,1,1
4.024243,-4,-21.28512,0,0,0,1,1,1,1
21.67084,-4,-9.919243,0.3535534,-0.1464466,0.3535534,0.8535534,1,1,1
-15.54788,-0.5670886,-30.79661,0,0,0,1,1,1,1
-8587996717381181708
3.306041,-4,19.71805,0,0,0,1,1,0.5,1
-14.67969,-4,-10.22116,0,0,0,1,0.5,0.5,0.5
21.41992,-4,9.638551,0,0.5,0,0.8660254,1,1,1
4.024243,-4,-21.28512,0,0,0,1,1,1,1
21.67084,-4,-9.919243,0.3535534,-0.1464466,0.3535534,0.8535534,1,1,1
-15.54788,-0.5670886,-30.79661,0,0,0,1,1,1,1
-8587996717381031700
3.306041,-4,19.71805,0,0,0,1,1,0.5,1
-14.67969,-4,-10.22116,0,0,0,1,0.5,0.5,0.5
21.41992,-4,9.638551,0,0.5,0,0.8660254,1,1,1
4.024243,-4,-21.28512,0,0,0,1,1,1,1
21.67084,-4,-9.919243,0.3535534,-0.1464466,0.3535534,0.8535534,1,1,1
-15.54788,-0.5670886,-30.79661,0,0,0,1,1,1,1
-8587996717380841689
3.306041,-4,19.71805,0,0,0,1,1,0.5,1
-14.67969,-4,-10.22116,0,0,0,1,0.5,0.5,0.5
21.41992,-4,9.638551,0,0.5,0,0.8660254,1,1,1
4.024243,-4,-21.28512,0,0,0,1,1,1,1
21.67084,-4,-9.919243,0.3535534,-0.1464466,0.3535534,0.8535534,1,1,1
-15.54788,-0.5670886,-30.79661,0,0,0,1,1,1,1
-8587996717380681680
3.306041,-4,19.71805,0,0,0,1,1,0.5,1
-14.67969,-4,-10.22116,0,0,0,1,0.5,0.5,0.5
21.41992,-4,9.638551,0,0.5,0,0.8660254,1,1,1
4.024243,-4,-21.28512,0,0,0,1,1,1,1
21.67084,-4,-9.919243,0.3535534,-0.1464466,0.3535534,0.8535534,1,1,1
-15.54788,-0.5670886,-30.79661,0,0,0,1,1,1,1
-8587996717380511670
3.306041,-4,19.71805,0,0,0,1,1,0.5,1
-14.67969,-4,-10.22116,0,0,0,1,0.5,0.5,0.5
21.41992,-4,9.638551,0,0.5,0,0.8660254,1,1,1
4.024243,-4,-21.28512,0,0,0,1,1,1,1
21.67084,-4,-9.919243,0.3535534,-0.1464466,0.3535534,0.8535534,1,1,1
-15.54788,-0.5670886,-30.79661,0,0,0,1,1,1,1
-8587996717380351661
3.306041,-4,19.71805,0,0,0,1,1,0.5,1
-14.67969,-4,-10.22116,0,0,0,1,0.5,0.5,0.5
21.41992,-4,9.638551,0,0.5,0,0.8660254,1,1,1
4.024243,-4,-21.28512,0,0,0,1,1,1,1
21.67084,-4,-9.919243,0.3535534,-0.1464466,0.3535534,0.8535534,1,1,1
-15.54788,-0.5670886,-30.79661,0,0,0,1,1,1,1
-8587996717380181651
3.306041,-4,19.71805,0,0,0,1,1,0.5,1
-14.67969,-4,-10.22116,0,0,0,1,0.5,0.5,0.5
21.41992,-4,9.638551,0,0.5,0,0.8660254,1,1,1
4.024243,-4,-21.28512,0,0,0,1,1,1,1
21.67084,-4,-9.919243,0.3535534,-0.1464466,0.3535534,0.8535534,1,1,1
-15.54788,-0.5670886,-30.79661,0,0,0,1,1,1,1
-8587996717380031642
3.306041,-4,19.71805,0,0,0,1,1,0.5,1
-14.67969,-4,-10.22116,0,0,0,1,0.5,0.5,0.5
21.41992,-4,9.638551,0,0.5,0,0.8660254,1,1,1
4.024243,-4,-21.28512,0,0,0,1,1,1,1
21.67084,-4,-9.919243,0.3535534,-0.1464466,0.3535534,0.8535534,1,1,1
-15.54788,-0.5670886,-30.79661,0,0,0,1,1,1,1
-8587996717379851632
3.306041,-4,19.71805,0,0,0,1,1,0.5,1
-14.67969,-4,-10.22116,0,0,0,1,0.5,0.5,0.5
21.41992,-4,9.638551,0,0.5,0,0.8660254,1,1,1
4.024243,-4,-21.28512,0,0,0,1,1,1,1
21.67084,-4,-9.919243,0.3535534,-0.1464466,0.3535534,0.8535534,1,1,1
-15.54788,-0.5670886,-30.79661,0,0,0,1,1,1,1
-8587996717379681622
3.306041,-4,19.71805,0,0,0,1,1,0.5,1
-14.67969,-4,-10.22116,0,0,0,1,0.5,0.5,0.5
21.41992,-4,9.638551,0,0.5,0,0.8660254,1,1,1
4.024243,-4,-21.28512,0,0,0,1,1,1,1
21.67084,-4,-9.919243,0.3535534,-0.1464466,0.3535534,0.8535534,1,1,1
-15.54788,-0.5670886,-30.79661,0,0,0,1,1,1,1
-8587996717379501612
3.306041,-4,19.71805,0,0,0,1,1,0.5,1
-14.67969,-4,-10.22116,0,0,0,1,0.5,0.5,0.5
21.41992,-4,9.638551,0,0.5,0,0.8660254,1,1,1
4.024243,-4,-21.28512,0,0,0,1,1,1,1
21.67084,-4,-9.919243,0.3535534,-0.1464466,0.3535534,0.8535534,1,1,1
-15.54788,-0.5670886,-30.79661,0,0,0,1,1,1,1
-8587996717379351603
3.306041,-4,19.71805,0,0,0,1,1,0.5,1
-14.67969,-4,-10.22116,0,0,0,1,0.5,0.5,0.5
21.41992,-4,9.638551,0,0.5,0,0.8660254,1,1,1
4.024243,-4,-21.28512,0,0,0,1,1,1,1
21.67084,-4,-9.919243,0.3535534,-0.1464466,0.3535534,0.8535534,1,1,1
-15.54788,-0.5670886,-30.79661,0,0,0,1,1,1,1
-8587996717379191594
3.306041,-4,19.71805,0,0,0,1,1,0.5,1
-14.67969,-4,-10.22116,0,0,0,1,0.5,0.5,0.5
21.41992,-4,9.638551,0,0.5,0,0.8660254,1,1,1
4.024243,-4,-21.28512,0,0,0,1,1,1,1
21.67084,-4,-9.919243,0.3535534,-0.1464466,0.3535534,0.8535534,1,1,1
-15.54788,-0.5670886,-30.79661,0,0,0,1,1,1,1
-8587996717379041586
3.306041,-4,19.71805,0,0,0,1,1,0.5,1
-14.67969,-4,-10.22116,0,0,0,1,0.5,0.5,0.5
21.41992,-4,9.638551,0,0.5,0,0.8660254,1,1,1
4.024243,-4,-21.28512,0,0,0,1,1,1,1
21.67084,-4,-9.919243,0.3535534,-0.1464466,0.3535534,0.8535534,1,1,1
-15.54788,-0.5670886,-30.79661,0,0,0,1,1,1,1
-8587996717378851575
3.306041,-4,19.71805,0,0,0,1,1,0.5,1
-14.67969,-4,-10.22116,0,0,0,1,0.5,0.5,0.5
21.41992,-4,9.638551,0,0.5,0,0.8660254,1,1,1
4.024243,-4,-21.28512,0,0,0,1,1,1,1
21.67084,-4,-9.919243,0.3535534,-0.1464466,0.3535534,0.8535534,1,1,1
-15.54788,-0.5670886,-30.79661,0,0,0,1,1,1,1
-8587996717378691566
3.306041,-4,19.71805,0,0,0,1,1,0.5,1
-14.67969,-4,-10.22116,0,0,0,1,0.5,0.5,0.5
21.41992,-4,9.638551,0,0.5,0,0.8660254,1,1,1
4.024243,-4,-21.28512,0,0,0,1,1,1,1
21.67084,-4,-9.919243,0.3535534,-0.1464466,0.3535534,0.8535534,1,1,1
-15.54788,-0.5670886,-30.79661,0,0,0,1,1,1,1
-8587996717378531557
3.306041,-4,19.71805,0,0,0,1,1,0.5,1
-14.67969,-4,-10.22116,0,0,0,1,0.5,0.5,0.5
21.41992,-4,9.638551,0,0.5,0,0.8660254,1,1,1
4.024243,-4,-21.28512,0,0,0,1,1,1,1
21.67084,-4,-9.919243,0.3535534,-0.1464466,0.3535534,0.8535534,1,1,1
-15.54788,-0.5670886,-30.79661,0,0,0,1,1,1,1
-8587996717378361547
3.306041,-4,19.71805,0,0,0,1,1,0.5,1
-14.67969,-4,-10.22116,0,0,0,1,0.5,0.5,0.5
21.41992,-4,9.638551,0,0.5,0,0.8660254,1,1,1
4.024243,-4,-21.28512,0,0,0,1,1,1,1
21.67084,-4,-9.919243,0.3535534,-0.1464466,0.3535534,0.8535534,1,1,1
-15.54788,-0.5670886,-30.79661,0,0,0,1,1,1,1
-8587996717378211538
3.306041,-4,19.71805,0,0,0,1,1,0.5,1
-14.67969,-4,-10.22116,0,0,0,1,0.5,0.5,0.5
21.41992,-4,9.638551,0,0.5,0,0.8660254,1,1,1
4.024243,-4,-21.28512,0,0,0,1,1,1,1
21.67084,-4,-9.919243,0.3535534,-0.1464466,0.3535534,0.8535534,1,1,1
-15.54788,-0.5670886,-30.79661,0,0,0,1,1,1,1
-8587996717378011527
3.306041,-4,19.71805,0,0,0,1,1,0.5,1
-14.67969,-4,-10.22116,0,0,0,1,0.5,0.5,0.5
21.41992,-4,9.638551,0,0.5,0,0.8660254,1,1,1
4.024243,-4,-21.28512,0,0,0,1,1,1,1
21.67084,-4,-9.919243,0.3535534,-0.1464466,0.3535534,0.8535534,1,1,1
-15.54788,-0.5670886,-30.79661,0,0,0,1,1,1,1
-8587996717377861518
3.306041,-4,19.71805,0,0,0,1,1,0.5,1
-14.67969,-4,-10.22116,0,0,0,1,0.5,0.5,0.5
21.41992,-4,9.638551,0,0.5,0,0.8660254,1,1,1
4.024243,-4,-21.28512,0,0,0,1,1,1,1
21.67084,-4,-9.919243,0.3535534,-0.1464466,0.3535534,0.8535534,1,1,1
-15.54788,-0.5670886,-30.79661,0,0,0,1,1,1,1
-8587996717377701509
3.306041,-4,19.71805,0,0,0,1,1,0.5,1
-14.67969,-4,-10.22116,0,0,0,1,0.5,0.5,0.5
21.41992,-4,9.638551,0,0.5,0,0.8660254,1,1,1
4.024243,-4,-21.28512,0,0,0,1,1,1,1
21.67084,-4,-9.919243,0.3535534,-0.1464466,0.3535534,0.8535534,1,1,1
-15.54788,-0.5670886,-30.79661,0,0,0,1,1,1,1
-8587996717377531499
3.306041,-4,19.71805,0,0,0,1,1,0.5,1
-14.67969,-4,-10.22116,0,0,0,1,0.5,0.5,0.5
21.41992,-4,9.638551,0,0.5,0,0.8660254,1,1,1
4.024243,-4,-21.28512,0,0,0,1,1,1,1
21.67084,-4,-9.919243,0.3535534,-0.1464466,0.3535534,0.8535534,1,1,1
-15.54788,-0.5670886,-30.79661,0,0,0,1,1,1,1
-8587996717377371490
3.306041,-4,19.71805,0,0,0,1,1,0.5,1
-14.67969,-4,-10.22116,0,0,0,1,0.5,0.5,0.5
21.41992,-4,9.638551,0,0.5,0,0.8660254,1,1,1
4.024243,-4,-21.28512,0,0,0,1,1,1,1
21.67084,-4,-9.919243,0.3535534,-0.1464466,0.3535534,0.8535534,1,1,1
-15.54788,-0.5670886,-30.79661,0,0,0,1,1,1,1
-8587996717377221482
3.306041,-4,19.71805,0,0,0,1,1,0.5,1
-14.67969,-4,-10.22116,0,0,0,1,0.5,0.5,0.5
21.41992,-4,9.638551,0,0.5,0,0.8660254,1,1,1
4.024243,-4,-21.28512,0,0,0,1,1,1,1
21.67084,-4,-9.919243,0.3535534,-0.1464466,0.3535534,0.8535534,1,1,1
-15.54788,-0.5670886,-30.79661,0,0,0,1,1,1,1
-8587996717377031471
3.306041,-4,19.71805,0,0,0,1,1,0.5,1
-14.67969,-4,-10.22116,0,0,0,1,0.5,0.5,0.5
21.41992,-4,9.638551,0,0.5,0,0.8660254,1,1,1
4.024243,-4,-21.28512,0,0,0,1,1,1,1
21.67084,-4,-9.919243,0.3535534,-0.1464466,0.3535534,0.8535534,1,1,1
-15.54788,-0.5670886,-30.79661,0,0,0,1,1,1,1
-8587996717376871462
3.306041,-4,19.71805,0,0,0,1,1,0.5,1
-14.67969,-4,-10.22116,0,0,0,1,0.5,0.5,0.5
21.41992,-4,9.638551,0,0.5,0,0.8660254,1,1,1
4.024243,-4,-21.28512,0,0,0,1,1,1,1
21.67084,-4,-9.919243,0.3535534,-0.1464466,0.3535534,0.8535534,1,1,1
-15.54788,-0.5670886,-30.79661,0,0,0,1,1,1,1
-8587996717376701452
3.306041,-4,19.71805,0,0,0,1,1,0.5,1
-14.67969,-4,-10.22116,0,0,0,1,0.5,0.5,0.5
21.41992,-4,9.638551,0,0.5,0,0.8660254,1,1,1
4.024243,-4,-21.28512,0,0,0,1,1,1,1
21.67084,-4,-9.919243,0.3535534,-0.1464466,0.3535534,0.8535534,1,1,1
-15.54788,-0.5670886,-30.79661,0,0,0,1,1,1,1
-8587996717376541443
3.306041,-4,19.71805,0,0,0,1,1,0.5,1
-14.67969,-4,-10.22116,0,0,0,1,0.5,0.5,0.5
21.41992,-4,9.638551,0,0.5,0,0.8660254,1,1,1
4.024243,-4,-21.28512,0,0,0,1,1,1,1
21.67084,-4,-9.919243,0.3535534,-0.1464466,0.3535534,0.8535534,1,1,1
-15.54788,-0.5670886,-30.79661,0,0,0,1,1,1,1
-8587996717376361432
3.306041,-4,19.71805,0,0,0,1,1,0.5,1
-14.67969,-4,-10.22116,0,0,0,1,0.5,0.5,0.5
21.41992,-4,9.638551,0,0.5,0,0.8660254,1,1,1
4.024243,-4,-21.28512,0,0,0,1,1,1,1
21.67084,-4,-9.919243,0.3535534,-0.1464466,0.3535534,0.8535534,1,1,1
-15.54788,-0.5670886,-30.79661,0,0,0,1,1,1,1
-8587996717376221424
3.306041,-4,19.71805,0,0,0,1,1,0.5,1
-14.67969,-4,-10.22116,0,0,0,1,0.5,0.5,0.5
21.41992,-4,9.638551,0,0.5,0,0.8660254,1,1,1
4.024243,-4,-21.28512,0,0,0,1,1,1,1
21.67084,-4,-9.919243,0.3535534,-0.1464466,0.3535534,0.8535534,1,1,1
-15.54788,-0.5670886,-30.79661,0,0,0,1,1,1,1
-8587996717376021413
3.306041,-4,19.71805,0,0,0,1,1,0.5,1
-14.67969,-4,-10.22116,0,0,0,1,0.5,0.5,0.5
21.41992,-4,9.638551,0,0.5,0,0.8660254,1,1,1
4.024243,-4,-21.28512,0,0,0,1,1,1,1
21.67084,-4,-9.919243,0.3535534,-0.1464466,0.3535534,0.8535534,1,1,1
-15.54788,-0.5670886,-30.79661,0,0,0,1,1,1,1
-8587996717375861404
3.306041,-4,19.71805,0,0,0,1,1,0.5,1
-14.67969,-4,-10.22116,0,0,0,1,0.5,0.5,0.5
21.41992,-4,9.638551,0,0.5,0,0.8660254,1,1,1
4.024243,-4,-21.28512,0,0,0,1,1,1,1
21.67084,-4,-9.919243,0.3535534,-0.1464466,0.3535534,0.8535534,1,1,1
-15.54788,-0.5670886,-30.79661,0,0,0,1,1,1,1
-8587996717375621390
3.306041,-4,19.71805,0,0,0,1,1,0.5,1
-14.67969,-4,-10.22116,0,0,0,1,0.5,0.5,0.5
21.41992,-4,9.638551,0,0.5,0,0.8660254,1,1,1
4.024243,-4,-21.28512,0,0,0,1,1,1,1
21.67084,-4,-9.919243,0.3535534,-0.1464466,0.3535534,0.8535534,1,1,1
-15.54788,-0.5670886,-30.79661,0,0,0,1,1,1,1
-8587996717375531385
3.306041,-4,19.71805,0,0,0,1,1,0.5,1
-14.67969,-4,-10.22116,0,0,0,1,0.5,0.5,0.5
21.41992,-4,9.638551,0,0.5,0,0.8660254,1,1,1
4.024243,-4,-21.28512,0,0,0,1,1,1,1
21.67084,-4,-9.919243,0.3535534,-0.1464466,0.3535534,0.8535534,1,1,1
-15.54788,-0.5670886,-30.79661,0,0,0,1,1,1,1
-8587996717375381376
3.306041,-4,19.71805,0,0,0,1,1,0.5,1
-14.67969,-4,-10.22116,0,0,0,1,0.5,0.5,0.5
21.41992,-4,9.638551,0,0.5,0,0.8660254,1,1,1
4.024243,-4,-21.28512,0,0,0,1,1,1,1
21.67084,-4,-9.919243,0.3535534,-0.1464466,0.3535534,0.8535534,1,1,1
-15.54788,-0.5670886,-30.79661,0,0,0,1,1,1,1
-8587996717375231368
3.306041,-4,19.71805,0,0,0,1,1,0.5,1
-14.67969,-4,-10.22116,0,0,0,1,0.5,0.5,0.5
21.41992,-4,9.638551,0,0.5,0,0.8660254,1,1,1
4.024243,-4,-21.28512,0,0,0,1,1,1,1
21.67084,-4,-9.919243,0.3535534,-0.1464466,0.3535534,0.8535534,1,1,1
-15.54788,-0.5670886,-30.79661,0,0,0,1,1,1,1
-8587996717375051358
3.306041,-4,19.71805,0,0,0,1,1,0.5,1
-14.67969,-4,-10.22116,0,0,0,1,0.5,0.5,0.5
21.41992,-4,9.638551,0,0.5,0,0.8660254,1,1,1
4.024243,-4,-21.28512,0,0,0,1,1,1,1
21.67084,-4,-9.919243,0.3535534,-0.1464466,0.3535534,0.8535534,1,1,1
-15.54788,-0.5670886,-30.79661,0,0,0,1,1,1,1
-8587996717374881348
3.306041,-4,19.71805,0,0,0,1,1,0.5,1
-14.67969,-4,-10.22116,0,0,0,1,0.5,0.5,0.5
21.41992,-4,9.638551,0,0.5,0,0.8660254,1,1,1
4.024243,-4,-21.28512,0,0,0,1,1,1,1
21.67084,-4,-9.919243,0.3535534,-0.1464466,0.3535534,0.8535534,1,1,1
-15.54788,-0.5670886,-30.79661,0,0,0,1,1,1,1
-8587996717374711338
3.306041,-4,19.71805,0,0,0,1,1,0.5,1
-14.67969,-4,-10.22116,0,0,0,1,0.5,0.5,0.5
21.41992,-4,9.638551,0,0.5,0,0.8660254,1,1,1
4.024243,-4,-21.28512,0,0,0,1,1,1,1
21.67084,-4,-9.919243,0.3535534,-0.1464466,0.3535534,0.8535534,1,1,1
-15.54788,-0.5670886,-30.79661,0,0,0,1,1,1,1
-8587996717374551329
3.306041,-4,19.71805,0,0,0,1,1,0.5,1
-14.67969,-4,-10.22116,0,0,0,1,0.5,0.5,0.5
21.41992,-4,9.638551,0,0.5,0,0.8660254,1,1,1
4.024243,-4,-21.28512,0,0,0,1,1,1,1
21.67084,-4,-9.919243,0.3535534,-0.1464466,0.3535534,0.8535534,1,1,1
-15.54788,-0.5670886,-30.79661,0,0,0,1,1,1,1
-8587996717374381319
3.306041,-4,19.71805,0,0,0,1,1,0.5,1
-14.67969,-4,-10.22116,0,0,0,1,0.5,0.5,0.5
21.41992,-4,9.638551,0,0.5,0,0.8660254,1,1,1
4.024243,-4,-21.28512,0,0,0,1,1,1,1
21.67084,-4,-9.919243,0.3535534,-0.1464466,0.3535534,0.8535534,1,1,1
-15.54788,-0.5670886,-30.79661,0,0,0,1,1,1,1
-8587996717374241311
3.306041,-4,19.71805,0,0,0,1,1,0.5,1
-14.67969,-4,-10.22116,0,0,0,1,0.5,0.5,0.5
21.41992,-4,9.638551,0,0.5,0,0.8660254,1,1,1
4.024243,-4,-21.28512,0,0,0,1,1,1,1
21.67084,-4,-9.919243,0.3535534,-0.1464466,0.3535534,0.8535534,1,1,1
-15.54788,-0.5670886,-30.79661,0,0,0,1,1,1,1
-8587996717374051300
3.306041,-4,19.71805,0,0,0,1,1,0.5,1
-14.67969,-4,-10.22116,0,0,0,1,0.5,0.5,0.5
21.41992,-4,9.638551,0,0.5,0,0.8660254,1,1,1
4.024243,-4,-21.28512,0,0,0,1,1,1,1
21.67084,-4,-9.919243,0.3535534,-0.1464466,0.3535534,0.8535534,1,1,1
-15.54788,-0.5670886,-30.79661,0,0,0,1,1,1,1
-8587996717373891291
3.306041,-4,19.71805,0,0,0,1,1,0.5,1
-14.67969,-4,-10.22116,0,0,0,1,0.5,0.5,0.5
21.41992,-4,9.638551,0,0.5,0,0.8660254,1,1,1
4.024243,-4,-21.28512,0,0,0,1,1,1,1
21.67084,-4,-9.919243,0.3535534,-0.1464466,0.3535534,0.8535534,1,1,1
-15.54788,-0.5670886,-30.79661,0,0,0,1,1,1,1
-8587996717373721281
3.306041,-4,19.71805,0,0,0,1,1,0.5,1
-14.67969,-4,-10.22116,0,0,0,1,0.5,0.5,0.5
21.41992,-4,9.638551,0,0.5,0,0.8660254,1,1,1
4.024243,-4,-21.28512,0,0,0,1,1,1,1
21.67084,-4,-9.919243,0.3535534,-0.1464466,0.3535534,0.8535534,1,1,1
-15.54788,-0.5670886,-30.79661,0,0,0,1,1,1,1
-8587996717373551272
3.306041,-4,19.71805,0,0,0,1,1,0.5,1
-14.67969,-4,-10.22116,0,0,0,1,0.5,0.5,0.5
21.41992,-4,9.638551,0,0.5,0,0.8660254,1,1,1
4.024243,-4,-21.28512,0,0,0,1,1,1,1
21.67084,-4,-9.919243,0.3535534,-0.1464466,0.3535534,0.8535534,1,1,1
-15.54788,-0.5670886,-30.79661,0,0,0,1,1,1,1
-8587996717373391263
3.306041,-4,19.71805,0,0,0,1,1,0.5,1
-14.67969,-4,-10.22116,0,0,0,1,0.5,0.5,0.5
21.41992,-4,9.638551,0,0.5,0,0.8660254,1,1,1
4.024243,-4,-21.28512,0,0,0,1,1,1,1
21.67084,-4,-9.919243,0.3535534,-0.1464466,0.3535534,0.8535534,1,1,1
-15.54788,-0.5670886,-30.79661,0,0,0,1,1,1,1
-8587996717373241254
3.306041,-4,19.71805,0,0,0,1,1,0.5,1
-14.67969,-4,-10.22116,0,0,0,1,0.5,0.5,0.5
21.41992,-4,9.638551,0,0.5,0,0.8660254,1,1,1
4.024243,-4,-21.28512,0,0,0,1,1,1,1
21.67084,-4,-9.919243,0.3535534,-0.1464466,0.3535534,0.8535534,1,1,1
-15.54788,-0.5670886,-30.79661,0,0,0,1,1,1,1
-8587996717373041243
3.306041,-4,19.71805,0,0,0,1,1,0.5,1
-14.67969,-4,-10.22116,0,0,0,1,0.5,0.5,0.5
21.41992,-4,9.638551,0,0.5,0,0.8660254,1,1,1
4.024243,-4,-21.28512,0,0,0,1,1,1,1
21.67084,-4,-9.919243,0.3535534,-0.1464466,0.3535534,0.8535534,1,1,1
-15.54788,-0.5670886,-30.79661,0,0,0,1,1,1,1
-8587996717372881233
3.306041,-4,19.71805,0,0,0,1,1,0.5,1
-14.67969,-4,-10.22116,0,0,0,1,0.5,0.5,0.5
21.41992,-4,9.638551,0,0.5,0,0.8660254,1,1,1
4.024243,-4,-21.28512,0,0,0,1,1,1,1
21.67084,-4,-9.919243,0.3535534,-0.1464466,0.3535534,0.8535534,1,1,1
-15.54788,-0.5670886,-30.79661,0,0,0,1,1,1,1
-8587996717372731225
3.306041,-4,19.71805,0,0,0,1,1,0.5,1
-14.67969,-4,-10.22116,0,0,0,1,0.5,0.5,0.5
21.41992,-4,9.638551,0,0.5,0,0.8660254,1,1,1
4.024243,-4,-21.28512,0,0,0,1,1,1,1
21.67084,-4,-9.919243,0.3535534,-0.1464466,0.3535534,0.8535534,1,1,1
-15.54788,-0.5670886,-30.79661,0,0,0,1,1,1,1
-8587996717372561215
3.306041,-4,19.71805,0,0,0,1,1,0.5,1
-14.67969,-4,-10.22116,0,0,0,1,0.5,0.5,0.5
21.41992,-4,9.638551,0,0.5,0,0.8660254,1,1,1
4.024243,-4,-21.28512,0,0,0,1,1,1,1
21.67084,-4,-9.919243,0.3535534,-0.1464466,0.3535534,0.8535534,1,1,1
-15.54788,-0.5670886,-30.79661,0,0,0,1,1,1,1
-8587996717372411207
3.306041,-4,19.71805,0,0,0,1,1,0.5,1
-14.67969,-4,-10.22116,0,0,0,1,0.5,0.5,0.5
21.41992,-4,9.638551,0,0.5,0,0.8660254,1,1,1
4.024243,-4,-21.28512,0,0,0,1,1,1,1
21.67084,-4,-9.919243,0.3535534,-0.1464466,0.3535534,0.8535534,1,1,1
-15.54788,-0.5670886,-30.79661,0,0,0,1,1,1,1
-8587996717372231196
3.306041,-4,19.71805,0,0,0,1,1,0.5,1
-14.67969,-4,-10.22116,0,0,0,1,0.5,0.5,0.5
21.41992,-4,9.638551,0,0.5,0,0.8660254,1,1,1
4.024243,-4,-21.28512,0,0,0,1,1,1,1
21.67084,-4,-9.919243,0.3535534,-0.1464466,0.3535534,0.8535534,1,1,1
-15.54788,-0.5670886,-30.79661,0,0,0,1,1,1,1
-8587996717372051186
3.306041,-4,19.71805,0,0,0,1,1,0.5,1
-14.67969,-4,-10.22116,0,0,0,1,0.5,0.5,0.5
21.41992,-4,9.638551,0,0.5,0,0.8660254,1,1,1
4.024243,-4,-21.28512,0,0,0,1,1,1,1
21.67084,-4,-9.919243,0.3535534,-0.1464466,0.3535534,0.8535534,1,1,1
-15.54788,-0.5670886,-30.79661,0,0,0,1,1,1,1
