-8587881045393861366
Blob13:-1.812701,1.795868,-13.61926,0,0,0,1,1,1,1
Blob8:-0.7681621,1.945092,-10.82104,0,0,0,1,1,1,1
Blob90:0.9054378,3.742047,-13.43126,0,0,0,1,1,1,1
-8587881045391949630
-8587881045391739430
-8587881045391559260
-8587881045391409114
-8587881045391238906
-8587881045391069168
-8587881045390899600
-8587881045390739444
-8587881045390569287
-8587881045390409119
-8587881045390238969
-8587881045390078821
-8587881045389768525
-8587881045389460185
-8587881045389149840
-8587881045388849596
-8587881045388539390
-8587881045388179056
-8587881045387868757
-8587881045387558338
-8587881045387258177
-8587881045386937766
-8587881045386427289
-8587881045386087059
-8587881045385746734
-8587881045385416296
-8587881045385035996
-8587881045384705597
-8587881045384363382
-8587881045384033167
-8587881045383712746
-8587881045383362429
-8587881045383062027
-8587881045382761792
-8587881045382461669
-8587881045382155021
-8587881045381844722
-8587881045381544881
-8587881045381247244
-8587881045380956964
-8587881045380663876
-8587881045380501122
-8587881045380179372
-8587881045379890555
-8587881045379600298
-8587881045379316730
-8587881045379145698
-8587881045378855418
-8587881045378535112
-8587881045378244835
-8587881045377954450
-8587881045377664286
-8587881045377504133
-8587881045377203846
-8587881045376863421
-8587881045376573078
-8587881045376292971
-8587881045376122689
-8587881045375832319
-8587881045375532125
-8587881045375221829
-8587881045374931551
-8587881045374621155
-8587881045374342009
-8587881045374171678
-8587881045373881357
-8587881045373565196
-8587881045373274916
-8587881045372994651
-8587881045372804334
-8587881045372513895
-8587881045372233646
-8587881045371913481
-8587881045371633216
-8587881045371232665
-8587881045370912402
-8587881045370592212
-8587881045370214027
-8587881045369903851
-8587881045369596110
-8587881045369285691
-8587881045368975417
-8587881045368815239
-8587881045368504943
-8587881045368204656
-8587881045367894242
-8587881045367594070
-8587881045367263655
-8587881045366913318
-8587881045366613119
-8587881045366302838
-8587881045366142539
-8587881045365812252
-8587881045365492066
-8587881045365141729
-8587881045364831435
-8587881045364521137
-8587881045364210843
-8587881045363910410
-8587881045363570221
-8587881045363259835
-8587881045363089675
-8587881045362919533
-8587881045362619234
-8587881045362308938
-8587881045362140959
-8587881045361820535
-8587881045361510359
-8587881045361200063
-8587881045360899659
-8587881045360589465
-8587881045360259047
-8587881045359968888
-8587881045359797269
-8587881045359507442
-8587881045359207050
-8587881045358906748
-8587881045358566375
-8587881045358276246
-8587881045357985989
-8587881045357815876
-8587881045357515591
-8587881045357215207
-8587881045356884982
-8587881045356594707
-8587881045356284416
-8587881045356124417
-8587881045355824122
-8587881045355533848
-8587881045355199360
-8587881045354899188
-8587881045354588887
-8587881045354298620
-8587881045354098418
-8587881045353778123
-8587881045353387743
-8587881045353047279
-8587881045352737109
-8587881045352426666
-8587881045352116368
-8587881045351776073
-8587881045351465918
-8587881045351155606
-8587881045350825142
-8587881045350514885
-8587881045350184597
-8587881045349884408
-8587881045349594666
-8587881045349274398
-8587881045348974186
-8587881045348818019
-8587881045348517732
-8587881045348227455
-8587881045347926252
-8587881045347630573
-8587881045347467392
-8587881045347167098
-8587881045346862165
-8587881045346561773
-8587881045346284449
-8587881045346004179
-8587881045345834595
-8587881045345524194
-8587881045345213985
-8587881045344933758
-8587881045344633571
-8587881045344463350
-8587881045344173073
-8587881045343882796
-8587881045343562490
-8587881045343262193
-8587881045342961914
-8587881045342791754
-8587881045342501469
-8587881045342211190
-8587881045341892174
-8587881045341611773
-8587881045341331639
-8587881045341161103
-8587881045340880830
-8587881045340586667
-8587881045340256331
-8587881045339956164
-8587881045339790618
-8587881045339500335
-8587881045339209964
-8587881045338919781
-8587881045338599480
-8587881045338289159
-8587881045338119628
-8587881045337799415
-8587881045337399035
-8587881045337065284
-8587881045336775010
-8587881045336484730
-8587881045336200546
-8587881045335910176
-8587881045335619922
-8587881045335309677
-8587881045335140464
-8587881045334850182
-8587881045334559910
-8587881045334279627
-8587881045334000747
-8587881045333837860
-8587881045333388313
-8587881045333078053
-8587881045332777759
-8587881045332467383
-8587881045332137237
-8587881045331826938
-8587881045331486454
-8587881045331206228
-8587881045330905941
-8587881045330585661
-8587881045330285371
-8587881045330115140
-8587881045329834952
-8587881045329544572
-8587881045329254408
-8587881045328894064
-8587881045328593659
-8587881045328273458
-8587881045327993147
-8587881045327833091
-8587881045327532800
