-8587881039358414905
Blob36:-1.789764,1.803059,-12.98337,0,0,0,1,1,1,1
Blob9:-0.6992225,2.285094,-10.27455,0,0,0,1,1,1,1
Blob46:-0.4596944,1.567891,-12.92393,0,0,0,1,1,1,1
-8587881039355842334
-8587881039355296867
-8587881039355046470
-8587881039354876353
-8587881039354615227
-8587881039354447179
-8587881039354197055
-8587881039353946808
-8587881039353676558
-8587881039353470031
-8587881039353229686
-8587881039352959418
-8587881039352797865
-8587881039352567661
-8587881039352327431
-8587881039352156931
-8587881039351916632
-8587881039351666419
-8587881039351496280
-8587881039351256014
-8587881039351015823
-8587881039350855786
-8587881039350615505
-8587881039350365179
-8587881039350188097
-8587881039349947858
-8587881039349697629
-8587881039349526624
-8587881039349244670
-8587881039348994571
-8587881039348826611
-8587881039348603566
-8587881039348373436
-8587881039348213286
-8587881039348004480
-8587881039347834315
-8587881039347604098
-8587881039347319200
-8587881039347139084
-8587881039346898854
-8587881039346678647
-8587881039346507015
-8587881039346286807
-8587881039346026551
-8587881039345856166
-8587881039345645963
-8587881039345475803
-8587881039345185526
-8587881039344945299
-8587881039344705067
-8587881039344537045
-8587881039344316934
-8587881039344156331
-8587881039343926229
-8587881039343715913
-8587881039343548123
-8587881039343328008
-8587881039343157421
-8587881039342937213
-8587881039342717003
-8587881039342546541
-8587881039342336455
-8587881039342163932
-8587881039341933684
-8587881039341713618
-8587881039341538765
-8587881039341328534
-8587881039341157905
-8587881039340937634
-8587881039340707473
-8587881039340544757
-8587881039340324670
-8587881039340154095
-8587881039339923991
-8587881039339693774
-8587881039339523245
-8587881039339303135
-8587881039339146770
-8587881039338916546
-8587881039338696335
-8587881039338525666
-8587881039338305617
-8587881039338134538
-8587881039337924332
-8587881039337704119
-8587881039337533739
-8587881039337323534
-8587881039337155785
-8587881039336865503
-8587881039336597549
-8587881039336257278
-8587881039336007036
-8587881039335846771
-8587881039335586653
-8587881039335357861
-8587881039335177684
-8587881039334807326
-8587881039334502480
-8587881039334282106
-8587881039334052042
-8587881039333881787
-8587881039333671679
-8587881039333501419
-8587881039333261287
-8587881039333041092
-8587881039332876134
-8587881039332655924
-8587881039332483276
-8587881039332262021
-8587881039332041811
-8587881039331881517
-8587881039331661309
-8587881039331488172
-8587881039331257952
-8587881039331037745
-8587881039330878541
-8587881039330618275
-8587881039330094668
-8587881039329714463
-8587881039329454220
-8587881039329224000
-8587881039329013802
-8587881039328843506
-8587881039328623317
-8587881039328323145
-8587881039328163783
-8587881039327943573
-8587881039327713353
-8587881039327542441
-8587881039327312336
-8587881039327149257
-8587881039326932495
-8587881039326692402
-8587881039326521589
-8587881039326301461
-8587881039326131523
-8587881039325901309
-8587881039325691008
-8587881039325526424
-8587881039325306319
-8587881039325135447
-8587881039324905271
-8587881039324685015
-8587881039324514286
-8587881039324294076
-8587881039323993654
-8587881039323832963
-8587881039323602738
-8587881039323359183
-8587881039323196245
-8587881039322976050
-8587881039322805875
-8587881039322575653
-8587881039322345443
-8587881039322175271
-8587881039321894773
-8587881039321674565
-8587881039321508598
-8587881039321284566
-8587881039321044311
-8587881039320877200
-8587881039320646973
-8587881039320484790
-8587881039320264695
-8587881039319984419
-8587881039319823637
-8587881039319593409
-8587881039319373199
-8587881039319211664
-8587881039318981559
-8587881039318811394
-8587881039318591186
-8587881039318370876
-8587881039318210529
-8587881039317990418
-8587881039317820218
-8587881039317600005
-8587881039317359768
-8587881039317189311
-8587881039316968934
-8587881039316798365
-8587881039316578157
-8587881039316357939
-8587881039316187418
-8587881039315967211
-8587881039315795412
-8587881039315575983
-8587881039315355890
-8587881039315185001
-8587881039314954768
-8587881039314694435
-8587881039314535388
-8587881039314295277
-8587881039314144826
-8587881039313914599
-8587881039313624270
-8587881039313414065
-8587881039313233460
-8587881039313023241
-8587881039312853061
-8587881039312632840
-8587881039312474520
-8587881039312244301
-8587881039312024062
-8587881039311854030
-8587881039311633835
-8587881039311463660
-8587881039311243447
-8587881039311013233
-8587881039310842940
-8587881039310622729
-8587881039310412529
-8587881039310242369
-8587881039310022148
-8587881039309862705
-8587881039309632605
-8587881039309466987
-8587881039309186481
-8587881039308966125
-8587881039308705930
-8587881039308525807
-8587881039308305428
-8587881039308145211
-8587881039307924949
-8587881039307674859
-8587881039307502582
-8587881039307282302
-8587881039306982039
-8587881039306822165
-8587881039306591807
-8587881039306371599
-8587881039306201736
-8587881039305991559
-8587881039305821207
-8587881039305604317
