-8587877656190895594
Blob60:0.7295861,2.586843,-10.97909,0,0,0,1,1,1,1
Blob93:-1.386493,2.427009,-10.08676,0,0,0,1,1,1,1
Blob7:-0.9777853,3.406984,-13.76916,0,0,0,1,1,1,1
-8587877656188868000
-8587877656188698000
-8587877656188518314
-8587877656188368055
-8587877656188197768
-8587877656188027541
-8587877656187866189
-8587877656187705501
-8587877656187534902
-8587877656187354783
-8587877656187199168
-8587877656187038377
-8587877656186871332
-8587877656186702039
-8587877656186539907
-8587877656186369564
-8587877656186208981
-8587877656186038267
-8587877656185877906
-8587877656185707715
-8587877656185548885
-8587877656185368742
-8587877656185207583
-8587877656185049382
-8587877656184881769
-8587877656184715760
-8587877656184555607
-8587877656184385444
-8587877656184225290
-8587877656184055127
-8587877656183884963
-8587877656183724810
-8587877656183554647
-8587877656183394493
-8587877656183224330
-8587877656183064171
-8587877656182877050
-8587877656182716945
-8587877656182556679
-8587877656182388533
-8587877656182211852
-8587877656182051207
-8587877656181888422
-8587877656181724709
-8587877656181554034
-8587877656181385837
-8587877656181225673
-8587877656181035524
-8587877656180915350
-8587877656180525669
-8587877656180255412
-8587877656180015182
-8587877656179844901
-8587877656179594758
-8587877656179354402
-8587877656179194279
-8587877656178953993
-8587877656178733953
-8587877656178560930
-8587877656178330817
-8587877656178090597
-8587877656177925617
-8587877656177685658
-8587877656177521306
-8587877656177291093
-8587877656177050855
-8587877656176880571
-8587877656176640279
-8587877656176390101
-8587877656176229617
-8587877656175989473
-8587877656175749266
-8587877656175578322
-8587877656175348099
-8587877656175185728
-8587877656174945508
-8587877656174705282
-8587877656174550308
-8587877656174309918
-8587877656174079649
-8587877656173912755
-8587877656173672509
-8587877656173511590
-8587877656173273287
-8587877656173033052
-8587877656172874058
-8587877656172633827
-8587877656172392803
-8587877656172222645
-8587877656171992427
-8587877656171752194
-8587877656171575372
-8587877656171345146
-8587877656171184818
-8587877656170944621
-8587877656170704158
-8587877656170536001
-8587877656170295878
-8587877656170055653
-8587877656169895131
-8587877656169654867
-8587877656169354510
-8587877656169231474
-8587877656168981211
-8587877656168711082
-8587877656168540921
-8587877656168290676
-8587877656168040449
-8587877656167870168
-8587877656167629914
-8587877656167319755
-8587877656167050097
-8587877656166888986
-8587877656166608837
-8587877656166318464
-8587877656166048300
-8587877656165878037
-8587877656165597862
-8587877656165310420
-8587877656165040159
-8587877656164882102
-8587877656164601810
-8587877656164321556
-8587877656164041295
-8587877656163882150
-8587877656163611896
-8587877656163330728
-8587877656163060474
-8587877656162896931
-8587877656162616657
-8587877656162336386
-8587877656162065991
-8587877656161891652
-8587877656161614865
-8587877656161334719
-8587877656161175103
-8587877656160884663
-8587877656160564840
-8587877656160266193
-8587877656159995775
-8587877656159715659
-8587877656159555539
-8587877656159275273
-8587877656158998066
-8587877656158837914
-8587877656158557651
-8587877656158257360
-8587877656157977094
-8587877656157676803
-8587877656157506642
-8587877656157216367
-8587877656156926078
-8587877656156635797
-8587877656156345526
-8587877656156177610
-8587877656155897347
-8587877656155597056
-8587877656155306778
-8587877656155026509
-8587877656154856409
-8587877656154576146
-8587877656154275858
-8587877656153965557
-8587877656153665272
-8587877656153506045
-8587877656153185622
-8587877656152897556
-8587877656152597173
-8587877656152296980
-8587877656151996692
-8587877656151838138
-8587877656151552642
-8587877656151252187
-8587877656150961978
-8587877656150671797
-8587877656150501341
-8587877656150211181
-8587877656149920761
-8587877656149620519
-8587877656149340345
-8587877656149170981
-8587877656148880695
-8587877656148580414
-8587877656148290128
-8587877656147999852
-8587877656147840113
-8587877656147529813
-8587877656147229520
-8587877656146939244
-8587877656146638864
-8587877656146338660
-8587877656146038375
-8587877656145848202
-8587877656145547909
-8587877656145247616
-8587877656144957286
-8587877656144667059
-8587877656144505840
-8587877656144205650
-8587877656143915369
-8587877656143614924
-8587877656143324794
-8587877656142994339
-8587877656142834413
-8587877656142539555
-8587877656142239247
-8587877656141948986
-8587877656141648677
-8587877656141358555
-8587877656141198460
-8587877656140898060
-8587877656140612085
-8587877656140301787
-8587877656139991489
-8587877656139701216
-8587877656139530582
-8587877656139240398
-8587877656138924471
-8587877656138634200
-8587877656138324010
-8587877656138003713
-8587877656137873910
-8587877656137581215
-8587877656137280981
-8587877656136990784
-8587877656136670508
-8587877656136500309
-8587877656136210035
-8587877656135919757
-8587877656135619471
-8587877656135329180
-8587877656135038914
-8587877656134878753
-8587877656134578468
-8587877656134278174
-8587877656133987893
-8587877656133710305
-8587877656133540019
-8587877656133249733
-8587877656132959457
-8587877656132669178
-8587877656132498836
-8587877656132208678
-8587877656131918399
-8587877656131618108
-8587877656131327825
-8587877656131047564
-8587877656130847282
-8587877656130542230
-8587877656130236169
-8587877656129936037
-8587877656129655612
-8587877656129365331
-8587877656129205799
-8587877656128915516
-8587877656128625237
-8587877656128334959
-8587877656128164962
-8587877656127864676
-8587877656127574306
-8587877656127274043
-8587877656126983829
-8587877656126703563
-8587877656126535657
-8587877656126245379
-8587877656125949747
-8587877656125659464
-8587877656125365765
-8587877656125205852
-8587877656124915566
-8587877656124635297
-8587877656124335009
-8587877656124174579
-8587877656123864417
-8587877656123564116
-8587877656123233812
-8587877656122943521
-8587877656122653245
-8587877656122362969
-8587877656122193295
-8587877656121902996
-8587877656121592713
-8587877656121302419
-8587877656120982128
-8587877656120699327
-8587877656120536398
-8587877656120236043
-8587877656119935750
-8587877656119635385
-8587877656119305309
-8587877656119024879
-8587877656118863064
-8587877656118572785
-8587877656118282507
-8587877656117982127
-8587877656117691943
-8587877656117531861
-8587877656117231578
-8587877656116941300
-8587877656116651019
-8587877656116370750
-8587877656116200960
-8587877656115890762
-8587877656115552220
-8587877656115251935
-8587877656114951647
-8587877656114651361
-8587877656114361085
-8587877656114203351
-8587877656113913072
-8587877656113622789
-8587877656113314503
-8587877656113004052
-8587877656112844986
-8587877656112554710
-8587877656112234398
-8587877656111954137
-8587877656111653844
-8587877656111362572
-8587877656111205756
-8587877656110905443
-8587877656110605298
-8587877656110304890
-8587877656109994712
-8587877656109834648
-8587877656109534742
-8587877656109234456
-8587877656108924248
-8587877656108633972
-8587877656108333681
-8587877656108144049
-8587877656107843702
-8587877656107546041
-8587877656107255647
-8587877656106945316
-8587877656106635075
-8587877656106334833
-8587877656106044590
-8587877656105874092
-8587877656105593833
-8587877656105293422
-8587877656104993259
-8587877656104702981
-8587877656104542656
-8587877656104252375
-8587877656103962096
-8587877656103651796
-8587877656103371525
-8587877656103201484
-8587877656102911193
-8587877656102620920
-8587877656102290004
-8587877656101999825
-8587877656101839620
-8587877656101539337
-8587877656101239047
-8587877656100938733
-8587877656100638470
-8587877656100308151
-8587877656099977834
-8587877656099697419
-8587877656099529417
-8587877656099229136
-8587877656098938855
-8587877656098638570
-8587877656098338282
-8587877656098017977
