-8587877608154143166
Blob48:-1.674412,3.55767,-11.97887,0,0,0,1,1,1,1
Blob98:0.6332193,1.814132,-13.65996,0,0,0,1,1,1,1
Blob10:0.5044937,2.313813,-10.80724,0,0,0,1,1,1,1
-8587877608152041071
-8587877608151850891
-8587877608151681664
-8587877608151511580
-8587877608151271350
-8587877608151023225
-8587877608150853051
-8587877608150592835
-8587877608150342482
-8587877608150172321
-8587877608149902082
-8587877608149631913
-8587877608149401695
-8587877608149231529
-8587877608148971338
-8587877608148731110
-8587877608148551032
-8587877608148300646
-8587877608148060441
-8587877608147891036
-8587877608147630832
-8587877608147390604
-8587877608147209901
-8587877608146966381
-8587877608146726187
-8587877608146556781
-8587877608146316633
-8587877608146146436
-8587877608145896196
-8587877608145635864
-8587877608145385594
-8587877608145195521
-8587877608144895228
-8587877608144584912
-8587877608144154418
-8587877608143814199
-8587877608143493881
-8587877608143225263
-8587877608142979756
-8587877608142739531
-8587877608142578430
-8587877608142338804
-8587877608142178701
-8587877608141938476
-8587877608141688241
-8587877608141522066
-8587877608141266110
-8587877608140885927
-8587877608140585992
-8587877608140345759
-8587877608140175598
-8587877608139935357
-8587877608139685120
-8587877608139517153
-8587877608139276920
-8587877608139016668
-8587877608138856519
-8587877608138616286
-8587877608138376058
-8587877608138205890
-8587877608137975667
-8587877608137745453
-8587877608137584691
-8587877608137344301
-8587877608137175201
-8587877608136914953
-8587877608136674720
-8587877608136514572
-8587877608136264337
-8587877608136020896
-8587877608135860673
-8587877608135610433
-8587877608135360076
-8587877608135189748
-8587877608134959517
-8587877608134678642
-8587877608134456208
-8587877608134045851
-8587877608133795608
-8587877608133547203
-8587877608133306929
-8587877608133076867
-8587877608132903010
-8587877608132672881
-8587877608132502667
-8587877608132272441
-8587877608132032136
-8587877608131872548
-8587877608131632185
-8587877608131371996
-8587877608131214925
-8587877608130974697
-8587877608130734472
-8587877608130574231
-8587877608130345807
-8587877608130177646
-8587877608129937423
-8587877608129687183
-8587877608129526781
-8587877608129256473
-8587877608128896169
-8587877608128626247
-8587877608128376012
-8587877608128185300
-8587877608127935060
-8587877608127684915
-8587877608127514751
-8587877608127264511
-8587877608127014261
-8587877608126844105
-8587877608126593868
-8587877608126357749
-8587877608126183966
-8587877608125943687
-8587877608125693505
-8587877608125524456
-8587877608125284182
-8587877608125041939
-8587877608124873271
-8587877608124633035
-8587877608124382798
-8587877608124222393
-8587877608123992175
-8587877608123821945
-8587877608123541495
-8587877608123141295
-8587877608122881050
-8587877608122638577
-8587877608122398401
-8587877608122234115
-8587877608121993903
-8587877608121799005
-8587877608121548665
-8587877608121308531
-8587877608121078090
-8587877608120908923
-8587877608120668700
-8587877608120508926
-8587877608120254712
-8587877608120022170
-8587877608119855659
-8587877608119608939
-8587877608119358602
-8587877608119188382
-8587877608118948249
-8587877608118698007
-8587877608118537507
-8587877608118297172
-8587877608118057054
-8587877608117886489
-8587877608117656365
-8587877608117495728
-8587877608117175300
-8587877608116835089
-8587877608116574839
-8587877608116334606
-8587877608116174460
-8587877608115924208
-8587877608115653964
-8587877608115523829
-8587877608115269685
-8587877608115039466
-8587877608114871510
-8587877608114631364
-8587877608114381152
-8587877608114210889
-8587877608113970666
-8587877608113740437
-8587877608113580361
-8587877608113340156
-8587877608113173768
-8587877608112933633
-8587877608112673247
-8587877608112512784
-8587877608112262662
-8587877608112022293
-8587877608111852015
-8587877608111601877
-8587877608111351527
-8587877608111191268
-8587877608110931131
-8587877608110690906
-8587877608110521009
-8587877608110280701
-8587877608110040545
-8587877608109869972
-8587877608109589750
-8587877608109349517
-8587877608109189509
-8587877608108949278
-8587877608108699036
-8587877608108529205
-8587877608108298979
-8587877608108048742
-8587877608107878461
-8587877608107638200
-8587877608107397836
-8587877608107227105
-8587877608106996881
-8587877608106828372
-8587877608106568130
-8587877608106327891
-8587877608106167082
-8587877608105906830
-8587877608105666497
-8587877608105498538
-8587877608105218167
-8587877608104887953
-8587877608104637707
-8587877608104397479
-8587877608104237339
-8587877608103997098
-8587877608103826937
-8587877608103557067
-8587877608103316688
-8587877608103066602
-8587877608102903532
-8587877608102673268
-8587877608102503212
-8587877608102260862
-8587877608102030756
-8587877608101864610
-8587877608101614365
-8587877608101374144
-8587877608101203794
-8587877608100963446
-8587877608100723326
-8587877608100555820
-8587877608100305679
-8587877608100065451
-8587877608099905359
-8587877608099665157
-8587877608099500587
-8587877608099250340
-8587877608099010032
-8587877608098841927
-8587877608098591695
-8587877608098341450
-8587877608098178583
-8587877608097932344
-8587877608097692113
-8587877608097494353
-8587877608097233563
-8587877608097003412
-8587877608096833223
-8587877608096562958
-8587877608096181086
-8587877608095890828
-8587877608095615272
-8587877608095375203
-8587877608095201640
-8587877608094971437
-8587877608094727858
-8587877608094567059
-8587877608094326941
-8587877608094166675
-8587877608093896405
-8587877608093516043
-8587877608093255804
-8587877608093005564
-8587877608092845402
-8587877608092605169
-8587877608092364944
-8587877608092194893
-8587877608091944646
-8587877608091696689
-8587877608091536121
-8587877608091288435
-8587877608091008236
-8587877608090877422
-8587877608090637023
-8587877608090396961
-8587877608090236321
-8587877608089999514
-8587877608089839562
-8587877608089599329
-8587877608089359099
-8587877608089188091
-8587877608088937938
-8587877608088687705
-8587877608088517268
-8587877608088277032
-8587877608088036797
-8587877608087868605
-8587877608087608358
-8587877608087359777
-8587877608087190689
-8587877608086910402
-8587877608086540069
-8587877608086279825
-8587877608086029585
-8587877608085872234
-8587877608085622112
-8587877608085371872
-8587877608085210505
-8587877608084970275
-8587877608084690008
-8587877608084561069
-8587877608084321616
-8587877608084161560
-8587877608083911325
-8587877608083651070
-8587877608083490889
-8587877608083237984
-8587877608082987997
-8587877608082829901
-8587877608082585478
-8587877608082335268
-8587877608082165236
-8587877608081904983
-8587877608081654618
-8587877608081484596
-8587877608081234340
-8587877608080994112
-8587877608080823957
-8587877608080573717
-8587877608080343401
-8587877608080176243
-8587877608079926003
-8587877608079685775
-8587877608079515510
-8587877608079275310
-8587877608079032553
-8587877608078827189
-8587877608078569536
-8587877608078329249
-8587877608078165439
-8587877608077905190
-8587877608077664970
-8587877608077497523
-8587877608077247280
-8587877608077007047
-8587877608076837188
-8587877608076589053
-8587877608076348937
-8587877608076180016
-8587877608075929799
-8587877608075689560
-8587877608075520145
-8587877608075233212
-8587877608074870355
-8587877608074600101
-8587877608074369970
-8587877608074199781
-8587877608073959558
-8587877608073689283
-8587877608073529081
-8587877608073268729
-8587877608073018430
-8587877608072850207
-8587877608072599972
-8587877608072329706
-8587877608072188921
-8587877608071908539
-8587877608071558318
-8587877608071277888
-8587877608071037822
-8587877608070881040
-8587877608070620777
-8587877608070370537
-8587877608070200389
-8587877608069950146
-8587877608069699889
-8587877608069539755
-8587877608069289508
-8587877608069029258
-8587877608068859156
-8587877608068615055
-8587877608068374709
-8587877608068204247
-8587877608067967103
-8587877608067716863
-8587877608067546170
-8587877608067295933
-8587877608067055697
-8587877608066887421
-8587877608066647188
-8587877608066487188
-8587877608066206931
-8587877608065956684
-8587877608065716453
-8587877608065554344
-8587877608065294089
-8587877608065063866
-8587877608064900136
-8587877608064639999
-8587877608064399766
-8587877608064239338
-8587877608063999110
-8587877608063828980
-8587877608063548701
-8587877608063178351
-8587877608062908094
-8587877608062647847
-8587877608062487035
-8587877608062236798
-8587877608061997722
-8587877608061827497
-8587877608061577093
-8587877608061293732
-8587877608061028129
-8587877608060867863
-8587877608060597678
-8587877608060287375
-8587877608059997102
-8587877608059837115
-8587877608059536827
-8587877608059246546
-8587877608058956262
-8587877608058655974
-8587877608058495815
-8587877608058215557
-8587877608057935278
-8587877608057655021
-8587877608057485972
-8587877608057205711
-8587877608056925439
-8587877608056645173
-8587877608056478340
-8587877608056188069
-8587877608055917808
-8587877608055627532
-8587877608055357180
-8587877608055197572
-8587877608054927313
-8587877608054657056
-8587877608054486895
-8587877608054206624
-8587877608053916345
-8587877608053646083
-8587877608053485856
-8587877608053205587
-8587877608052925297
-8587877608052630485
-8587877608052360303
-8587877608052195810
-8587877608051925548
-8587877608051625260
-8587877608051334981
-8587877608051165148
-8587877608050884880
-8587877608050604611
-8587877608050324342
-8587877608050164183
-8587877608049883919
-8587877608049593631
-8587877608049313367
-8587877608049153216
-8587877608048872949
-8587877608048592581
-8587877608048312409
-8587877608048042150
-8587877608047881986
-8587877608047601727
-8587877608047311431
-8587877608047151113
-8587877608046871016
-8587877608046580635
-8587877608046290472
Blob48:-1.674412,3.55767,-11.97887,0,0,0,1,1,1,1
Blob98:0.608583,1.809114,-13.66249,0,0,0,1,1,1,1
Blob10:0.5044937,2.313813,-10.80724,0,0,0,1,1,1,1
-8587877608045990184
Blob48:-1.674412,3.55767,-11.97887,0,0,0,1,1,1,1
Blob98:0.5408428,1.806027,-13.65453,0,0,0,1,1,1,1
Blob10:0.5044937,2.313813,-10.80724,0,0,0,1,1,1,1
-8587877608045827204
Blob48:-1.674412,3.55767,-11.97887,0,0,0,1,1,1,1
Blob98:0.4928504,1.818497,-13.66387,0,0,0,1,1,1,1
Blob10:0.5044937,2.313813,-10.80724,0,0,0,1,1,1,1
-8587877608045526916
-8587877608045214422
Blob48:-1.674412,3.55767,-11.97887,0,0,0,1,1,1,1
Blob98:0.4077222,1.818735,-13.67533,0,0,0,1,1,1,1
Blob10:0.5044937,2.313813,-10.80724,0,0,0,1,1,1,1
-8587877608044934150
Blob48:-1.674412,3.55767,-11.97887,0,0,0,1,1,1,1
Blob98:0.361455,1.828895,-13.69215,0,0,0,1,1,1,1
Blob10:0.5044937,2.313813,-10.80724,0,0,0,1,1,1,1
-8587877608044653792
Blob48:-1.674412,3.55767,-11.97887,0,0,0,1,1,1,1
Blob98:0.3140076,1.844409,-13.69229,0,0,0,1,1,1,1
Blob10:0.5044937,2.313813,-10.80724,0,0,0,1,1,1,1
-8587877608044494073
-8587877608044206821
Blob48:-1.674412,3.55767,-11.97887,0,0,0,1,1,1,1
Blob98:0.2851433,1.853121,-13.702,0,0,0,1,1,1,1
Blob10:0.5044937,2.313813,-10.80724,0,0,0,1,1,1,1
-8587877608043926560
Blob48:-1.674412,3.55767,-11.97887,0,0,0,1,1,1,1
Blob98:0.2564558,1.85527,-13.70795,0,0,0,1,1,1,1
Blob10:0.5044937,2.313813,-10.80724,0,0,0,1,1,1,1
-8587877608043656354
Blob48:-1.674412,3.55767,-11.97887,0,0,0,1,1,1,1
Blob98:0.2277991,1.864225,-13.70522,0,0,0,1,1,1,1
Blob10:0.5044937,2.313813,-10.80724,0,0,0,1,1,1,1
-8587877608043487860
-8587877608043207591
Blob48:-1.674412,3.55767,-11.97887,0,0,0,1,1,1,1
Blob98:0.2135281,1.851304,-13.70802,0,0,0,1,1,1,1
Blob10:0.5044937,2.313813,-10.80724,0,0,0,1,1,1,1
-8587877608042917177
Blob48:-1.674412,3.55767,-11.97887,0,0,0,1,1,1,1
Blob98:0.1913378,1.846742,-13.7172,0,0,0,1,1,1,1
Blob10:0.5044937,2.313813,-10.80724,0,0,0,1,1,1,1
-8587877608042647053
Blob48:-1.674412,3.55767,-11.97887,0,0,0,1,1,1,1
Blob98:0.1948017,1.835368,-13.70897,0,0,0,1,1,1,1
Blob10:0.5044937,2.313813,-10.80724,0,0,0,1,1,1,1
-8587877608042476824
Blob48:-1.674412,3.55767,-11.97887,0,0,0,1,1,1,1
Blob98:0.1854706,1.820068,-13.70669,0,0,0,1,1,1,1
Blob10:0.5044937,2.313813,-10.80724,0,0,0,1,1,1,1
-8587877608042196580
-8587877608041926303
Blob48:-1.674412,3.55767,-11.97887,0,0,0,1,1,1,1
Blob98:0.1830492,1.819738,-13.70735,0,0,0,1,1,1,1
Blob10:0.5044937,2.313813,-10.80724,0,0,0,1,1,1,1
-8587877608041646050
Blob48:-1.674412,3.55767,-11.97887,0,0,0,1,1,1,1
Blob98:0.1819942,1.813417,-13.70231,0,0,0,1,1,1,1
Blob10:0.5044937,2.313813,-10.80724,0,0,0,1,1,1,1
-8587877608041482194
Blob48:-1.674412,3.55767,-11.97887,0,0,0,1,1,1,1
Blob98:0.1845756,1.795663,-13.70878,0,0,0,1,1,1,1
Blob10:0.5044937,2.313813,-10.80724,0,0,0,1,1,1,1
-8587877608041212043
-8587877608040921764
Blob48:-1.674412,3.55767,-11.97887,0,0,0,1,1,1,1
Blob98:0.1647891,1.78237,-13.69154,0,0,0,1,1,1,1
Blob10:0.5044937,2.313813,-10.80724,0,0,0,1,1,1,1
-8587877608040621486
Blob48:-1.674412,3.55767,-11.97887,0,0,0,1,1,1,1
Blob98:0.1625914,1.778081,-13.68533,0,0,0,1,1,1,1
Blob10:0.5044937,2.313813,-10.80724,0,0,0,1,1,1,1
-8587877608040361239
Blob48:-1.674412,3.55767,-11.97887,0,0,0,1,1,1,1
Blob98:0.1568732,1.782512,-13.68927,0,0,0,1,1,1,1
Blob10:0.5044937,2.313813,-10.80724,0,0,0,1,1,1,1
-8587877608040191071
-8587877608039920814
Blob48:-1.674412,3.55767,-11.97887,0,0,0,1,1,1,1
Blob98:0.1519299,1.780061,-13.68759,0,0,0,1,1,1,1
Blob10:0.5044937,2.313813,-10.80724,0,0,0,1,1,1,1
-8587877608039649902
Blob48:-1.674412,3.55767,-11.97887,0,0,0,1,1,1,1
Blob98:0.1479883,1.777691,-13.68495,0,0,0,1,1,1,1
Blob10:0.5044937,2.313813,-10.80724,0,0,0,1,1,1,1
-8587877608039483366
Blob48:-1.674412,3.55767,-11.97887,0,0,0,1,1,1,1
Blob98:0.1439948,1.777081,-13.68335,0,0,0,1,1,1,1
Blob10:0.5044937,2.313813,-10.80724,0,0,0,1,1,1,1
-8587877608039203205
-8587877608038907602
Blob48:-1.674412,3.55767,-11.97887,0,0,0,1,1,1,1
Blob98:0.13688,1.773021,-13.68089,0,0,0,1,1,1,1
Blob10:0.5044937,2.313813,-10.80724,0,0,0,1,1,1,1
-8587877608038597353
Blob48:-1.674412,3.55767,-11.97887,0,0,0,1,1,1,1
Blob98:0.1344632,1.774752,-13.67888,0,0,0,1,1,1,1
Blob10:0.5044937,2.313813,-10.80724,0,0,0,1,1,1,1
-8587877608038324692
Blob48:-1.674412,3.55767,-11.97887,0,0,0,1,1,1,1
Blob98:0.1280833,1.767087,-13.67818,0,0,0,1,1,1,1
Blob10:0.5044937,2.313813,-10.80724,0,0,0,1,1,1,1
-8587877608038158599
Blob48:-1.674412,3.55767,-11.97887,0,0,0,1,1,1,1
Blob98:0.1294336,1.777707,-13.68137,0,0,0,1,1,1,1
Blob10:0.5044937,2.313813,-10.80724,0,0,0,1,1,1,1
-8587877608037881919
-8587877608037601571
Blob48:-1.674412,3.55767,-11.97887,0,0,0,1,1,1,1
Blob98:0.130832,1.769731,-13.68714,0,0,0,1,1,1,1
Blob10:0.5044937,2.313813,-10.80724,0,0,0,1,1,1,1
-8587877608037321387
Blob48:-1.674412,3.55767,-11.97887,0,0,0,1,1,1,1
Blob98:0.1179769,1.760927,-13.67684,0,0,0,1,1,1,1
Blob10:0.5044937,2.313813,-10.80724,0,0,0,1,1,1,1
-8587877608037161266
Blob48:-1.674412,3.55767,-11.97887,0,0,0,1,1,1,1
Blob98:0.106735,1.756987,-13.6814,0,0,0,1,1,1,1
Blob10:0.5044937,2.313813,-10.80724,0,0,0,1,1,1,1
-8587877608036880987
-8587877608036590714
Blob48:-1.674412,3.55767,-11.97887,0,0,0,1,1,1,1
Blob98:0.09526785,1.761009,-13.67353,0,0,0,1,1,1,1
Blob10:0.5044937,2.313813,-10.80724,0,0,0,1,1,1,1
-8587877608036280424
Blob48:-1.674412,3.55767,-11.97887,0,0,0,1,1,1,1
Blob98:0.07794753,1.766775,-13.65828,0,0,0,1,1,1,1
Blob10:0.5044937,2.313813,-10.80724,0,0,0,1,1,1,1
-8587877608036000145
Blob48:-1.674412,3.55767,-11.97887,0,0,0,1,1,1,1
Blob98:0.05692307,1.761309,-13.66872,0,0,0,1,1,1,1
Blob10:0.5044937,2.313813,-10.80724,0,0,0,1,1,1,1
-8587877608035829989
-8587877608035559725
Blob48:-1.674412,3.55767,-11.97887,0,0,0,1,1,1,1
Blob98:0.03245384,1.784995,-13.65543,0,0,0,1,1,1,1
Blob10:0.5044937,2.313813,-10.80724,0,0,0,1,1,1,1
-8587877608035289463
Blob48:-1.674412,3.55767,-11.97887,0,0,0,1,1,1,1
Blob98:-0.02752914,1.788829,-13.64721,0,0,0,1,1,1,1
Blob10:0.5044937,2.313813,-10.80724,0,0,0,1,1,1,1
-8587877608034999187
Blob48:-1.674412,3.55767,-11.97887,0,0,0,1,1,1,1
Blob98:-0.06357063,1.806371,-13.62184,0,0,0,1,1,1,1
Blob10:0.5044937,2.313813,-10.80724,0,0,0,1,1,1,1
-8587877608034839095
-8587877608034568841
Blob48:-1.674412,3.55767,-11.97887,0,0,0,1,1,1,1
Blob98:-0.1423972,1.829436,-13.59879,0,0,0,1,1,1,1
Blob10:0.5044937,2.313813,-10.80724,0,0,0,1,1,1,1
-8587877608034278552
Blob48:-1.674412,3.55767,-11.97887,0,0,0,1,1,1,1
Blob98:-0.2042518,1.855293,-13.57467,0,0,0,1,1,1,1
Blob10:0.5044937,2.313813,-10.80724,0,0,0,1,1,1,1
-8587877608033998191
Blob48:-1.674412,3.55767,-11.97887,0,0,0,1,1,1,1
Blob98:-0.2836887,1.88528,-13.55487,0,0,0,1,1,1,1
Blob10:0.5044937,2.313813,-10.80724,0,0,0,1,1,1,1
-8587877608033832411
-8587877608033552139
Blob48:-1.674412,3.55767,-11.97887,0,0,0,1,1,1,1
Blob98:-0.361423,1.911856,-13.55106,0,0,0,1,1,1,1
Blob10:0.5044937,2.313813,-10.80724,0,0,0,1,1,1,1
-8587877608033271873
Blob48:-1.674412,3.55767,-11.97887,0,0,0,1,1,1,1
Blob98:-0.4463906,1.935833,-13.54585,0,0,0,1,1,1,1
Blob10:0.5044937,2.313813,-10.80724,0,0,0,1,1,1,1
-8587877608033001514
Blob48:-1.674412,3.55767,-11.97887,0,0,0,1,1,1,1
Blob98:-0.5472141,1.948721,-13.54359,0,0,0,1,1,1,1
Blob10:0.5044937,2.313813,-10.80724,0,0,0,1,1,1,1
-8587877608032826863
-8587877608032552098
Blob48:-1.674412,3.55767,-11.97887,0,0,0,1,1,1,1
Blob98:-0.6513176,1.934657,-13.53038,0,0,0,1,1,1,1
Blob10:0.5044937,2.313813,-10.80724,0,0,0,1,1,1,1
-8587877608032251625
Blob48:-1.674412,3.55767,-11.97887,0,0,0,1,1,1,1
Blob98:-0.7363542,1.89851,-13.54614,0,0,0,1,1,1,1
Blob10:0.5044937,2.313813,-10.80724,0,0,0,1,1,1,1
-8587877608031965520
Blob48:-1.674412,3.55767,-11.97887,0,0,0,1,1,1,1
Blob98:-0.7899201,1.848915,-13.54156,0,0,0,1,1,1,1
Blob10:0.5044937,2.313813,-10.80724,0,0,0,1,1,1,1
-8587877608031665324
Blob48:-1.674412,3.55767,-11.97887,0,0,0,1,1,1,1
Blob98:-0.8333489,1.802874,-13.53519,0,0,0,1,1,1,1
Blob10:0.5044937,2.313813,-10.80724,0,0,0,1,1,1,1
-8587877608031525077
-8587877608031244803
Blob48:-1.674412,3.55767,-11.97887,0,0,0,1,1,1,1
Blob98:-0.8377776,1.748353,-13.53989,0,0,0,1,1,1,1
Blob10:0.5044937,2.313813,-10.80724,0,0,0,1,1,1,1
-8587877608030964542
Blob48:-1.674412,3.55767,-11.97887,0,0,0,1,1,1,1
Blob98:-0.799839,1.691027,-13.53179,0,0,0,1,1,1,1
Blob10:0.5044937,2.313813,-10.80724,0,0,0,1,1,1,1
-8587877608030695946
Blob48:-1.674412,3.55767,-11.97887,0,0,0,1,1,1,1
Blob98:-0.7377856,1.645131,-13.52509,0,0,0,1,1,1,1
Blob10:0.5044937,2.313813,-10.80724,0,0,0,1,1,1,1
-8587877608030533939
-8587877608030263680
Blob48:-1.674412,3.55767,-11.97887,0,0,0,1,1,1,1
Blob98:-0.6640813,1.597562,-13.52569,0,0,0,1,1,1,1
Blob10:0.5044937,2.313813,-10.80724,0,0,0,1,1,1,1
-8587877608029973402
Blob48:-1.674412,3.55767,-11.97887,0,0,0,1,1,1,1
Blob98:-0.5636579,1.57333,-13.53665,0,0,0,1,1,1,1
Blob10:0.5044937,2.313813,-10.80724,0,0,0,1,1,1,1
-8587877608029685788
Blob48:-1.674412,3.55767,-11.97887,0,0,0,1,1,1,1
Blob98:-0.4618865,1.556631,-13.54692,0,0,0,1,1,1,1
Blob10:0.5044937,2.313813,-10.80724,0,0,0,1,1,1,1
-8587877608029524613
-8587877608029264366
Blob48:-1.674412,3.55767,-11.97887,0,0,0,1,1,1,1
Blob98:-0.3534968,1.552065,-13.55838,0,0,0,1,1,1,1
Blob10:0.5044937,2.313813,-10.80724,0,0,0,1,1,1,1
-8587877608028974069
Blob48:-1.674412,3.55767,-11.97887,0,0,0,1,1,1,1
Blob98:-0.250128,1.588031,-13.54136,0,0,0,1,1,1,1
Blob10:0.5044937,2.313813,-10.80724,0,0,0,1,1,1,1
-8587877608028694635
Blob48:-1.674412,3.55767,-11.97887,0,0,0,1,1,1,1
Blob98:-0.1573336,1.632862,-13.52604,0,0,0,1,1,1,1
Blob10:0.5044937,2.313813,-10.80724,0,0,0,1,1,1,1
-8587877608028536960
-8587877608028266693
Blob48:-1.674412,3.55767,-11.97887,0,0,0,1,1,1,1
Blob98:-0.06415722,1.689412,-13.53404,0,0,0,1,1,1,1
Blob10:0.5044937,2.313813,-10.80724,0,0,0,1,1,1,1
-8587877608027966412
Blob48:-1.674412,3.55767,-11.97887,0,0,0,1,1,1,1
Blob98:-0.02147683,1.783581,-13.51011,0,0,0,1,1,1,1
Blob10:0.5044937,2.313813,-10.80724,0,0,0,1,1,1,1
-8587877608027699778
Blob48:-1.674412,3.55767,-11.97887,0,0,0,1,1,1,1
Blob98:-0.008877127,1.879327,-13.49143,0,0,0,1,1,1,1
Blob10:0.5044937,2.313813,-10.80724,0,0,0,1,1,1,1
-8587877608027539724
-8587877608027259458
Blob48:-1.674412,3.55767,-11.97887,0,0,0,1,1,1,1
Blob98:-0.04026236,1.999972,-13.47636,0,0,0,1,1,1,1
Blob10:0.5044937,2.313813,-10.80724,0,0,0,1,1,1,1
-8587877608026969184
Blob48:-1.674412,3.55767,-11.97887,0,0,0,1,1,1,1
Blob98:-0.107399,2.09934,-13.48138,0,0,0,1,1,1,1
Blob10:0.5044937,2.313813,-10.80724,0,0,0,1,1,1,1
-8587877608026698918
Blob48:-1.674412,3.55767,-11.97887,0,0,0,1,1,1,1
Blob98:-0.2245464,2.192657,-13.47435,0,0,0,1,1,1,1
Blob10:0.5044937,2.313813,-10.80724,0,0,0,1,1,1,1
-8587877608026527446
-8587877608026257192
Blob48:-1.674412,3.55767,-11.97887,0,0,0,1,1,1,1
Blob98:-0.3863336,2.263157,-13.47036,0,0,0,1,1,1,1
Blob10:0.5044937,2.313813,-10.80724,0,0,0,1,1,1,1
-8587877608025966903
Blob48:-1.674412,3.55767,-11.97887,0,0,0,1,1,1,1
Blob98:-0.5391364,2.277251,-13.48222,0,0,0,1,1,1,1
Blob10:0.5044937,2.313813,-10.80724,0,0,0,1,1,1,1
-8587877608025700228
Blob48:-1.674412,3.55767,-11.97887,0,0,0,1,1,1,1
Blob98:-0.693083,2.262945,-13.4899,0,0,0,1,1,1,1
Blob10:0.5044937,2.313813,-10.80724,0,0,0,1,1,1,1
-8587877608025531488
-8587877608025258781
Blob48:-1.674412,3.55767,-11.97887,0,0,0,1,1,1,1
Blob98:-0.8175923,2.199652,-13.49024,0,0,0,1,1,1,1
Blob10:0.5044937,2.313813,-10.80724,0,0,0,1,1,1,1
-8587877608024968508
Blob48:-1.674412,3.55767,-11.97887,0,0,0,1,1,1,1
Blob98:-0.9095898,2.118585,-13.49468,0,0,0,1,1,1,1
Blob10:0.5044937,2.313813,-10.80724,0,0,0,1,1,1,1
-8587877608024658198
Blob48:-1.674412,3.55767,-11.97887,0,0,0,1,1,1,1
Blob98:-0.9614136,2.022271,-13.49979,0,0,0,1,1,1,1
Blob10:0.5044937,2.313813,-10.80724,0,0,0,1,1,1,1
-8587877608024518076
Blob48:-1.674412,3.55767,-11.97887,0,0,0,1,1,1,1
Blob98:-0.9744885,1.91904,-13.49628,0,0,0,1,1,1,1
Blob10:0.5044937,2.313813,-10.80724,0,0,0,1,1,1,1
-8587877608024237807
-8587877608023947529
Blob48:-1.674412,3.55767,-11.97887,0,0,0,1,1,1,1
Blob98:-0.9372622,1.829998,-13.49332,0,0,0,1,1,1,1
Blob10:0.5044937,2.313813,-10.80724,0,0,0,1,1,1,1
-8587877608023667255
Blob48:-1.674412,3.55767,-11.97887,0,0,0,1,1,1,1
Blob98:-0.8889897,1.741448,-13.47521,0,0,0,1,1,1,1
Blob10:0.5044937,2.313813,-10.80724,0,0,0,1,1,1,1
-8587877608023493495
-8587877608023221991
Blob48:-1.674412,3.55767,-11.97887,0,0,0,1,1,1,1
Blob98:-0.812854,1.669446,-13.46802,0,0,0,1,1,1,1
Blob10:0.5044937,2.313813,-10.80724,0,0,0,1,1,1,1
-8587877608022941845
Blob48:-1.674412,3.55767,-11.97887,0,0,0,1,1,1,1
Blob98:-0.7309179,1.609176,-13.45018,0,0,0,1,1,1,1
Blob10:0.5044937,2.313813,-10.80724,0,0,0,1,1,1,1
-8587877608022661574
Blob48:-1.674412,3.55767,-11.97887,0,0,0,1,1,1,1
Blob98:-0.6468011,1.580536,-13.45499,0,0,0,1,1,1,1
Blob10:0.5044937,2.313813,-10.80724,0,0,0,1,1,1,1
-8587877608022491280
-8587877608022200986
Blob48:-1.674412,3.55767,-11.97887,0,0,0,1,1,1,1
Blob98:-0.5600387,1.571542,-13.43376,0,0,0,1,1,1,1
Blob10:0.5044937,2.313813,-10.80724,0,0,0,1,1,1,1
-8587877608021780501
Blob48:-1.674412,3.55767,-11.97887,0,0,0,1,1,1,1
Blob98:-0.470494,1.583415,-13.43775,0,0,0,1,1,1,1
Blob10:0.5044937,2.313813,-10.80724,0,0,0,1,1,1,1
-8587877608021480308
Blob48:-1.674412,3.55767,-11.97887,0,0,0,1,1,1,1
Blob98:-0.4132557,1.617234,-13.42607,0,0,0,1,1,1,1
Blob10:0.5044937,2.313813,-10.80724,0,0,0,1,1,1,1
-8587877608021179927
Blob48:-1.674412,3.55767,-11.97887,0,0,0,1,1,1,1
Blob98:-0.3677202,1.66329,-13.41511,0,0,0,1,1,1,1
Blob10:0.5044937,2.313813,-10.80724,0,0,0,1,1,1,1
-8587877608020879644
Blob48:-1.674412,3.55767,-11.97887,0,0,0,1,1,1,1
Blob98:-0.3454748,1.717059,-13.4298,0,0,0,1,1,1,1
Blob10:0.5044937,2.313813,-10.80724,0,0,0,1,1,1,1
-8587877608020609403
Blob48:-1.674412,3.55767,-11.97887,0,0,0,1,1,1,1
Blob98:-0.3274613,1.763794,-13.43909,0,0,0,1,1,1,1
Blob10:0.5044937,2.313813,-10.80724,0,0,0,1,1,1,1
-8587877608020329206
Blob48:-1.674412,3.55767,-11.97887,0,0,0,1,1,1,1
Blob98:-0.3503975,1.795296,-13.44678,0,0,0,1,1,1,1
Blob10:0.5044937,2.313813,-10.80724,0,0,0,1,1,1,1
-8587877608020168732
-8587877608019888322
Blob48:-1.674412,3.55767,-11.97887,0,0,0,1,1,1,1
Blob98:-0.3616808,1.825497,-13.44562,0,0,0,1,1,1,1
Blob10:0.5044937,2.313813,-10.80724,0,0,0,1,1,1,1
-8587877608019598185
Blob48:-1.674412,3.55767,-11.97887,0,0,0,1,1,1,1
Blob98:-0.4204545,1.834026,-13.45623,0,0,0,1,1,1,1
Blob10:0.5044937,2.313813,-10.80724,0,0,0,1,1,1,1
-8587877608019317819
Blob48:-1.674412,3.55767,-11.97887,0,0,0,1,1,1,1
Blob98:-0.4738295,1.825441,-13.46519,0,0,0,1,1,1,1
Blob10:0.5044937,2.313813,-10.80724,0,0,0,1,1,1,1
-8587877608019151769
Blob48:-1.674412,3.55767,-11.97887,0,0,0,1,1,1,1
Blob98:-0.5295404,1.804232,-13.46257,0,0,0,1,1,1,1
Blob10:0.5044937,2.313813,-10.80724,0,0,0,1,1,1,1
-8587877608018871500
-8587877608018601108
Blob48:-1.674412,3.55767,-11.97887,0,0,0,1,1,1,1
Blob98:-0.5869206,1.769104,-13.4642,0,0,0,1,1,1,1
Blob10:0.5044937,2.313813,-10.80724,0,0,0,1,1,1,1
-8587877608018330967
Blob48:-1.674412,3.55767,-11.97887,0,0,0,1,1,1,1
Blob98:-0.6314137,1.749313,-13.45112,0,0,0,1,1,1,1
Blob10:0.5044937,2.313813,-10.80724,0,0,0,1,1,1,1
-8587877608018160819
Blob48:-1.674412,3.55767,-11.97887,0,0,0,1,1,1,1
Blob98:-0.6595867,1.730057,-13.43658,0,0,0,1,1,1,1
Blob10:0.5044937,2.313813,-10.80724,0,0,0,1,1,1,1
-8587877608017890552
-8587877608017570186
Blob48:-1.674412,3.55767,-11.97887,0,0,0,1,1,1,1
Blob98:-0.6492872,1.707484,-13.41608,0,0,0,1,1,1,1
Blob10:0.5044937,2.313813,-10.80724,0,0,0,1,1,1,1
-8587877608017289983
Blob48:-1.674412,3.55767,-11.97887,0,0,0,1,1,1,1
Blob98:-0.6407375,1.702056,-13.40803,0,0,0,1,1,1,1
Blob10:0.5044937,2.313813,-10.80724,0,0,0,1,1,1,1
-8587877608016999697
Blob48:-1.674412,3.55767,-11.97887,0,0,0,1,1,1,1
Blob98:-0.6223902,1.699798,-13.37694,0,0,0,1,1,1,1
Blob10:0.5044937,2.313813,-10.80724,0,0,0,1,1,1,1
-8587877608016832916
-8587877608016552642
Blob48:-1.674412,3.55767,-11.97887,0,0,0,1,1,1,1
Blob98:-0.5787739,1.696272,-13.38452,0,0,0,1,1,1,1
Blob10:0.5044937,2.313813,-10.80724,0,0,0,1,1,1,1
-8587877608016272370
Blob48:-1.674412,3.55767,-11.97887,0,0,0,1,1,1,1
Blob98:-0.5465663,1.700696,-13.37332,0,0,0,1,1,1,1
Blob10:0.5044937,2.313813,-10.80724,0,0,0,1,1,1,1
-8587877608016002119
Blob48:-1.674412,3.55767,-11.97887,0,0,0,1,1,1,1
Blob98:-0.5062546,1.704998,-13.36602,0,0,0,1,1,1,1
Blob10:0.5044937,2.313813,-10.80724,0,0,0,1,1,1,1
-8587877608015841996
-8587877608015571731
Blob48:-1.674412,3.55767,-11.97887,0,0,0,1,1,1,1
Blob98:-0.477079,1.718732,-13.35343,0,0,0,1,1,1,1
Blob10:0.5044937,2.313813,-10.80724,0,0,0,1,1,1,1
-8587877608015291462
Blob48:-1.674412,3.55767,-11.97887,0,0,0,1,1,1,1
Blob98:-0.4465095,1.731655,-13.34556,0,0,0,1,1,1,1
Blob10:0.5044937,2.313813,-10.80724,0,0,0,1,1,1,1
-8587877608015001174
Blob48:-1.674412,3.55767,-11.97887,0,0,0,1,1,1,1
Blob98:-0.417031,1.742419,-13.34043,0,0,0,1,1,1,1
Blob10:0.5044937,2.313813,-10.80724,0,0,0,1,1,1,1
-8587877608014833199
Blob48:-1.674412,3.55767,-11.97887,0,0,0,1,1,1,1
Blob98:-0.4038444,1.755163,-13.33579,0,0,0,1,1,1,1
Blob10:0.5044937,2.313813,-10.80724,0,0,0,1,1,1,1
-8587877608014562932
-8587877608014282666
Blob48:-1.674412,3.55767,-11.97887,0,0,0,1,1,1,1
Blob98:-0.3803477,1.764784,-13.34478,0,0,0,1,1,1,1
Blob10:0.5044937,2.313813,-10.80724,0,0,0,1,1,1,1
-8587877608014002290
Blob48:-1.674412,3.55767,-11.97887,0,0,0,1,1,1,1
Blob98:-0.3809823,1.776636,-13.34029,0,0,0,1,1,1,1
Blob10:0.5044937,2.313813,-10.80724,0,0,0,1,1,1,1
-8587877608013832242
Blob48:-1.674412,3.55767,-11.97887,0,0,0,1,1,1,1
Blob98:-0.3808797,1.787203,-13.35091,0,0,0,1,1,1,1
Blob10:0.5044937,2.313813,-10.80724,0,0,0,1,1,1,1
-8587877608013561982
-8587877608013261692
Blob48:-1.674412,3.55767,-11.97887,0,0,0,1,1,1,1
Blob98:-0.3958951,1.810129,-13.34518,0,0,0,1,1,1,1
Blob10:0.5044937,2.313813,-10.80724,0,0,0,1,1,1,1
-8587877608013001432
Blob48:-1.674412,3.55767,-11.97887,0,0,0,1,1,1,1
Blob98:-0.4236978,1.846072,-13.34316,0,0,0,1,1,1,1
Blob10:0.5044937,2.313813,-10.80724,0,0,0,1,1,1,1
-8587877608012831281
Blob48:-1.674412,3.55767,-11.97887,0,0,0,1,1,1,1
Blob98:-0.4498963,1.863443,-13.36023,0,0,0,1,1,1,1
Blob10:0.5044937,2.313813,-10.80724,0,0,0,1,1,1,1
-8587877608012550989
-8587877608012280748
Blob48:-1.674412,3.55767,-11.97887,0,0,0,1,1,1,1
Blob98:-0.5095794,1.896615,-13.34871,0,0,0,1,1,1,1
Blob10:0.5044937,2.313813,-10.80724,0,0,0,1,1,1,1
-8587877608012000477
Blob48:-1.674412,3.55767,-11.97887,0,0,0,1,1,1,1
Blob98:-0.5714836,1.915303,-13.34483,0,0,0,1,1,1,1
Blob10:0.5044937,2.313813,-10.80724,0,0,0,1,1,1,1
-8587877608011834558
-8587877608011564276
Blob48:-1.674412,3.55767,-11.97887,0,0,0,1,1,1,1
Blob98:-0.649581,1.907205,-13.35507,0,0,0,1,1,1,1
Blob10:0.5044937,2.313813,-10.80724,0,0,0,1,1,1,1
-8587877608011274018
Blob48:-1.674412,3.55767,-11.97887,0,0,0,1,1,1,1
Blob98:-0.7154412,1.878698,-13.33105,0,0,0,1,1,1,1
Blob10:0.5044937,2.313813,-10.80724,0,0,0,1,1,1,1
-8587877608010973824
Blob48:-1.674412,3.55767,-11.97887,0,0,0,1,1,1,1
Blob98:-0.7830064,1.830039,-13.33708,0,0,0,1,1,1,1
Blob10:0.5044937,2.313813,-10.80724,0,0,0,1,1,1,1
-8587877608010673444
Blob48:-1.674412,3.55767,-11.97887,0,0,0,1,1,1,1
Blob98:-0.8227651,1.777796,-13.32859,0,0,0,1,1,1,1
Blob10:0.5044937,2.313813,-10.80724,0,0,0,1,1,1,1
-8587877608010543890
-8587877608010263621
Blob48:-1.674412,3.55767,-11.97887,0,0,0,1,1,1,1
Blob98:-0.8386335,1.719132,-13.34771,0,0,0,1,1,1,1
Blob10:0.5044937,2.313813,-10.80724,0,0,0,1,1,1,1
-8587877608009983286
Blob48:-1.674412,3.55767,-11.97887,0,0,0,1,1,1,1
Blob98:-0.8270363,1.656947,-13.33948,0,0,0,1,1,1,1
Blob10:0.5044937,2.313813,-10.80724,0,0,0,1,1,1,1
-8587877608009822912
Blob48:-1.674412,3.55767,-11.97887,0,0,0,1,1,1,1
Blob98:-0.8000801,1.604354,-13.33963,0,0,0,1,1,1,1
Blob10:0.5044937,2.313813,-10.80724,0,0,0,1,1,1,1
-8587877608009513067
-8587877608009022733
Blob48:-1.674412,3.55767,-11.97887,0,0,0,1,1,1,1
Blob98:-0.7573758,1.56089,-13.35358,0,0,0,1,1,1,1
Blob10:0.5044937,2.313813,-10.80724,0,0,0,1,1,1,1
-8587877608008712373
Blob48:-1.674412,3.55767,-11.97887,0,0,0,1,1,1,1
Blob98:-0.7124998,1.530117,-13.33457,0,0,0,1,1,1,1
Blob10:0.5044937,2.313813,-10.80724,0,0,0,1,1,1,1
-8587877608008442787
Blob48:-1.674412,3.55767,-11.97887,0,0,0,1,1,1,1
Blob98:-0.6514264,1.502665,-13.3325,0,0,0,1,1,1,1
Blob10:0.5044937,2.313813,-10.80724,0,0,0,1,1,1,1
-8587877608008002367
Blob48:-1.674412,3.55767,-11.97887,0,0,0,1,1,1,1
Blob98:-0.5891501,1.479623,-13.32982,0,0,0,1,1,1,1
Blob10:0.5044937,2.313813,-10.80724,0,0,0,1,1,1,1
-8587877608007722262
Blob48:-1.674412,3.55767,-11.97887,0,0,0,1,1,1,1
Blob98:-0.4843904,1.507569,-13.31144,0,0,0,1,1,1,1
Blob10:0.5044937,2.313813,-10.80724,0,0,0,1,1,1,1
-8587877608007452011
-8587877608007171739
Blob48:-1.674412,3.55767,-11.97887,0,0,0,1,1,1,1
Blob98:-0.4472023,1.523356,-13.30344,0,0,0,1,1,1,1
Blob10:0.5044937,2.313813,-10.80724,0,0,0,1,1,1,1
-8587877608006891473
Blob48:-1.674412,3.55767,-11.97887,0,0,0,1,1,1,1
Blob98:-0.407989,1.55699,-13.28538,0,0,0,1,1,1,1
Blob10:0.5044937,2.313813,-10.80724,0,0,0,1,1,1,1
-8587877608006601102
Blob48:-1.674412,3.55767,-11.97887,0,0,0,1,1,1,1
Blob98:-0.3874434,1.593866,-13.28975,0,0,0,1,1,1,1
Blob10:0.5044937,2.313813,-10.80724,0,0,0,1,1,1,1
-8587877608006330938
Blob48:-1.674412,3.55767,-11.97887,0,0,0,1,1,1,1
Blob98:-0.3786568,1.628609,-13.2909,0,0,0,1,1,1,1
Blob10:0.5044937,2.313813,-10.80724,0,0,0,1,1,1,1
-8587877608006170777
-8587877608005897123
Blob48:-1.674412,3.55767,-11.97887,0,0,0,1,1,1,1
Blob98:-0.3751364,1.658785,-13.29805,0,0,0,1,1,1,1
Blob10:0.5044937,2.313813,-10.80724,0,0,0,1,1,1,1
-8587877608005616713
Blob48:-1.674412,3.55767,-11.97887,0,0,0,1,1,1,1
Blob98:-0.4025642,1.683639,-13.29242,0,0,0,1,1,1,1
Blob10:0.5044937,2.313813,-10.80724,0,0,0,1,1,1,1
-8587877608005326432
Blob48:-1.674412,3.55767,-11.97887,0,0,0,1,1,1,1
Blob98:-0.4272068,1.692272,-13.3058,0,0,0,1,1,1,1
Blob10:0.5044937,2.313813,-10.80724,0,0,0,1,1,1,1
-8587877608005166524
Blob48:-1.674412,3.55767,-11.97887,0,0,0,1,1,1,1
Blob98:-0.4809708,1.696403,-13.30867,0,0,0,1,1,1,1
Blob10:0.5044937,2.313813,-10.80724,0,0,0,1,1,1,1
-8587877608004898692
-8587877608004598521
Blob48:-1.674412,3.55767,-11.97887,0,0,0,1,1,1,1
Blob98:-0.5244929,1.689878,-13.32627,0,0,0,1,1,1,1
Blob10:0.5044937,2.313813,-10.80724,0,0,0,1,1,1,1
-8587877608004328152
Blob48:-1.674412,3.55767,-11.97887,0,0,0,1,1,1,1
Blob98:-0.5763196,1.674101,-13.31774,0,0,0,1,1,1,1
Blob10:0.5044937,2.313813,-10.80724,0,0,0,1,1,1,1
-8587877608004167840
-8587877608003881675
Blob48:-1.674412,3.55767,-11.97887,0,0,0,1,1,1,1
Blob98:-0.6177392,1.655647,-13.34048,0,0,0,1,1,1,1
Blob10:0.5044937,2.313813,-10.80724,0,0,0,1,1,1,1
-8587877608003601406
Blob48:-1.674412,3.55767,-11.97887,0,0,0,1,1,1,1
Blob98:-0.6570166,1.625977,-13.33948,0,0,0,1,1,1,1
Blob10:0.5044937,2.313813,-10.80724,0,0,0,1,1,1,1
-8587877608003322551
Blob48:-1.674412,3.55767,-11.97887,0,0,0,1,1,1,1
Blob98:-0.681681,1.600731,-13.34995,0,0,0,1,1,1,1
Blob10:0.5044937,2.313813,-10.80724,0,0,0,1,1,1,1
-8587877608003132529
Blob48:-1.674412,3.55767,-11.97887,0,0,0,1,1,1,1
Blob98:-0.6951079,1.588238,-13.34263,0,0,0,1,1,1,1
Blob10:0.5044937,2.313813,-10.80724,0,0,0,1,1,1,1
-8587877608002852176
-8587877608002561985
Blob48:-1.674412,3.55767,-11.97887,0,0,0,1,1,1,1
Blob98:-0.703409,1.551994,-13.34355,0,0,0,1,1,1,1
Blob10:0.5044937,2.313813,-10.80724,0,0,0,1,1,1,1
-8587877608002281711
Blob48:-1.674412,3.55767,-11.97887,0,0,0,1,1,1,1
Blob98:-0.6836476,1.533559,-13.32554,0,0,0,1,1,1,1
Blob10:0.5044937,2.313813,-10.80724,0,0,0,1,1,1,1
-8587877608002001455
Blob48:-1.674412,3.55767,-11.97887,0,0,0,1,1,1,1
Blob98:-0.6643041,1.514669,-13.33234,0,0,0,1,1,1,1
Blob10:0.5044937,2.313813,-10.80724,0,0,0,1,1,1,1
-8587877608001831281
Blob48:-1.674412,3.55767,-11.97887,0,0,0,1,1,1,1
Blob98:-0.6536062,1.496485,-13.32009,0,0,0,1,1,1,1
Blob10:0.5044937,2.313813,-10.80724,0,0,0,1,1,1,1
-8587877608001551017
-8587877608001260734
Blob48:-1.674412,3.55767,-11.97887,0,0,0,1,1,1,1
Blob98:-0.6268491,1.489939,-13.31934,0,0,0,1,1,1,1
Blob10:0.5044937,2.313813,-10.80724,0,0,0,1,1,1,1
-8587877608000990480
Blob48:-1.674412,3.55767,-11.97887,0,0,0,1,1,1,1
Blob98:-0.6090132,1.486054,-13.32444,0,0,0,1,1,1,1
Blob10:0.5044937,2.313813,-10.80724,0,0,0,1,1,1,1
-8587877608000819886
Blob48:-1.674412,3.55767,-11.97887,0,0,0,1,1,1,1
Blob98:-0.5916954,1.484967,-13.31882,0,0,0,1,1,1,1
Blob10:0.5044937,2.313813,-10.80724,0,0,0,1,1,1,1
-8587877608000540309
-8587877608000262298
Blob48:-1.674412,3.55767,-11.97887,0,0,0,1,1,1,1
Blob98:-0.5835916,1.477359,-13.31971,0,0,0,1,1,1,1
Blob10:0.5044937,2.313813,-10.80724,0,0,0,1,1,1,1
-8587877607999972134
Blob48:-1.674412,3.55767,-11.97887,0,0,0,1,1,1,1
Blob98:-0.5803514,1.481753,-13.3184,0,0,0,1,1,1,1
Blob10:0.5044937,2.313813,-10.80724,0,0,0,1,1,1,1
-8587877607999701801
Blob48:-1.674412,3.55767,-11.97887,0,0,0,1,1,1,1
Blob98:-0.5801715,1.477507,-13.31535,0,0,0,1,1,1,1
Blob10:0.5044937,2.313813,-10.80724,0,0,0,1,1,1,1
-8587877607999537615
-8587877607999257351
Blob48:-1.674412,3.55767,-11.97887,0,0,0,1,1,1,1
Blob98:-0.5882019,1.480147,-13.32451,0,0,0,1,1,1,1
Blob10:0.5044937,2.313813,-10.80724,0,0,0,1,1,1,1
-8587877607998967058
Blob48:-1.674412,3.55767,-11.97887,0,0,0,1,1,1,1
Blob98:-0.5884739,1.480945,-13.33306,0,0,0,1,1,1,1
Blob10:0.5044937,2.313813,-10.80724,0,0,0,1,1,1,1
-8587877607998697996
Blob48:-1.674412,3.55767,-11.97887,0,0,0,1,1,1,1
Blob98:-0.591174,1.482854,-13.34776,0,0,0,1,1,1,1
Blob10:0.5044937,2.313813,-10.80724,0,0,0,1,1,1,1
-8587877607998525319
-8587877607998255068
Blob48:-1.674412,3.55767,-11.97887,0,0,0,1,1,1,1
Blob98:-0.595487,1.482788,-13.3401,0,0,0,1,1,1,1
Blob10:0.5044937,2.313813,-10.80724,0,0,0,1,1,1,1
-8587877607997964787
Blob48:-1.674412,3.55767,-11.97887,0,0,0,1,1,1,1
Blob98:-0.5911393,1.480765,-13.3417,0,0,0,1,1,1,1
Blob10:0.5044937,2.313813,-10.80724,0,0,0,1,1,1,1
-8587877607997694530
Blob48:-1.674412,3.55767,-11.97887,0,0,0,1,1,1,1
Blob98:-0.5936171,1.481491,-13.34519,0,0,0,1,1,1,1
Blob10:0.5044937,2.313813,-10.80724,0,0,0,1,1,1,1
-8587877607997524436
-8587877607997254179
Blob48:-1.674412,3.55767,-11.97887,0,0,0,1,1,1,1
Blob98:-0.5944713,1.487761,-13.34493,0,0,0,1,1,1,1
Blob10:0.5044937,2.313813,-10.80724,0,0,0,1,1,1,1
-8587877607996973910
Blob48:-1.674412,3.55767,-11.97887,0,0,0,1,1,1,1
Blob98:-0.5905432,1.481903,-13.3448,0,0,0,1,1,1,1
Blob10:0.5044937,2.313813,-10.80724,0,0,0,1,1,1,1
-8587877607996703648
Blob48:-1.674412,3.55767,-11.97887,0,0,0,1,1,1,1
Blob98:-0.59742,1.470027,-13.34461,0,0,0,1,1,1,1
Blob10:0.5044937,2.313813,-10.80724,0,0,0,1,1,1,1
-8587877607996531706
-8587877607996241899
Blob48:-1.674412,3.55767,-11.97887,0,0,0,1,1,1,1
Blob98:-0.5921806,1.468831,-13.33558,0,0,0,1,1,1,1
Blob10:0.5044937,2.313813,-10.80724,0,0,0,1,1,1,1
-8587877607995971506
Blob48:-1.674412,3.55767,-11.97887,0,0,0,1,1,1,1
Blob98:-0.5959745,1.461967,-13.3354,0,0,0,1,1,1,1
Blob10:0.5044937,2.313813,-10.80724,0,0,0,1,1,1,1
-8587877607995681330
Blob48:-1.674412,3.55767,-11.97887,0,0,0,1,1,1,1
Blob98:-0.6049088,1.456841,-13.32808,0,0,0,1,1,1,1
Blob10:0.5044937,2.313813,-10.80724,0,0,0,1,1,1,1
-8587877607995511026
-8587877607995240772
Blob48:-1.674412,3.55767,-11.97887,0,0,0,1,1,1,1
Blob98:-0.6113908,1.452905,-13.32647,0,0,0,1,1,1,1
Blob10:0.5044937,2.313813,-10.80724,0,0,0,1,1,1,1
-8587877607994970507
Blob48:-1.674412,3.55767,-11.97887,0,0,0,1,1,1,1
Blob98:-0.6137347,1.448753,-13.31968,0,0,0,1,1,1,1
Blob10:0.5044937,2.313813,-10.80724,0,0,0,1,1,1,1
-8587877607994700248
Blob48:-1.674412,3.55767,-11.97887,0,0,0,1,1,1,1
Blob98:-0.6121226,1.447189,-13.32469,0,0,0,1,1,1,1
Blob10:0.5044937,2.313813,-10.80724,0,0,0,1,1,1,1
-8587877607994530016
-8587877607994259762
Blob48:-1.674412,3.55767,-11.97887,0,0,0,1,1,1,1
Blob98:-0.6103837,1.444513,-13.32668,0,0,0,1,1,1,1
Blob10:0.5044937,2.313813,-10.80724,0,0,0,1,1,1,1
-8587877607993969483
Blob48:-1.674412,3.55767,-11.97887,0,0,0,1,1,1,1
Blob98:-0.6017125,1.446917,-13.33556,0,0,0,1,1,1,1
Blob10:0.5044937,2.313813,-10.80724,0,0,0,1,1,1,1
-8587877607993709231
Blob48:-1.674412,3.55767,-11.97887,0,0,0,1,1,1,1
Blob98:-0.5969648,1.45108,-13.33392,0,0,0,1,1,1,1
Blob10:0.5044937,2.313813,-10.80724,0,0,0,1,1,1,1
-8587877607993535945
-8587877607993265614
Blob48:-1.674412,3.55767,-11.97887,0,0,0,1,1,1,1
Blob98:-0.5910851,1.455695,-13.34505,0,0,0,1,1,1,1
Blob10:0.5044937,2.313813,-10.80724,0,0,0,1,1,1,1
-8587877607992985291
Blob48:-1.674412,3.55767,-11.97887,0,0,0,1,1,1,1
Blob98:-0.5902497,1.457126,-13.33015,0,0,0,1,1,1,1
Blob10:0.5044937,2.313813,-10.80724,0,0,0,1,1,1,1
-8587877607992709891
Blob48:-1.674412,3.55767,-11.97887,0,0,0,1,1,1,1
Blob98:-0.5904596,1.463034,-13.33855,0,0,0,1,1,1,1
Blob10:0.5044937,2.313813,-10.80724,0,0,0,1,1,1,1
-8587877607992549395
-8587877607992269128
Blob48:-1.674412,3.55767,-11.97887,0,0,0,1,1,1,1
Blob98:-0.5882316,1.457982,-13.34263,0,0,0,1,1,1,1
Blob10:0.5044937,2.313813,-10.80724,0,0,0,1,1,1,1
-8587877607991988854
Blob48:-1.674412,3.55767,-11.97887,0,0,0,1,1,1,1
Blob98:-0.5795484,1.466782,-13.36009,0,0,0,1,1,1,1
Blob10:0.5044937,2.313813,-10.80724,0,0,0,1,1,1,1
-8587877607991828775
Blob48:-1.674412,3.55767,-11.97887,0,0,0,1,1,1,1
Blob98:-0.5759488,1.470983,-13.34314,0,0,0,1,1,1,1
Blob10:0.5044937,2.313813,-10.80724,0,0,0,1,1,1,1
-8587877607991518365
-8587877607991118085
Blob48:-1.674412,3.55767,-11.97887,0,0,0,1,1,1,1
Blob98:-0.580058,1.469404,-13.34644,0,0,0,1,1,1,1
Blob10:0.5044937,2.313813,-10.80724,0,0,0,1,1,1,1
-8587877607990777772
Blob48:-1.674412,3.55767,-11.97887,0,0,0,1,1,1,1
Blob98:-0.5820394,1.475238,-13.34237,0,0,0,1,1,1,1
Blob10:0.5044937,2.313813,-10.80724,0,0,0,1,1,1,1
-8587877607990497403
Blob48:-1.674412,3.55767,-11.97887,0,0,0,1,1,1,1
Blob98:-0.5765671,1.469105,-13.35128,0,0,0,1,1,1,1
Blob10:0.5044937,2.313813,-10.80724,0,0,0,1,1,1,1
-8587877607990207224
Blob48:-1.674412,3.55767,-11.97887,0,0,0,1,1,1,1
Blob98:-0.5800402,1.470916,-13.35034,0,0,0,1,1,1,1
Blob10:0.5044937,2.313813,-10.80724,0,0,0,1,1,1,1
-8587877607989936968
Blob48:-1.674412,3.55767,-11.97887,0,0,0,1,1,1,1
Blob98:-0.5797068,1.468164,-13.34743,0,0,0,1,1,1,1
Blob10:0.5044937,2.313813,-10.80724,0,0,0,1,1,1,1
-8587877607989656696
Blob48:-1.674412,3.55767,-11.97887,0,0,0,1,1,1,1
Blob98:-0.5817212,1.454609,-13.34021,0,0,0,1,1,1,1
Blob10:0.5044937,2.313813,-10.80724,0,0,0,1,1,1,1
-8587877607989486233
Blob48:-1.674412,3.55767,-11.97887,0,0,0,1,1,1,1
Blob98:-0.5830851,1.453314,-13.3443,0,0,0,1,1,1,1
Blob10:0.5044937,2.313813,-10.80724,0,0,0,1,1,1,1
-8587877607989215966
-8587877607988892185
Blob48:-1.674412,3.55767,-11.97887,0,0,0,1,1,1,1
Blob98:-0.5859329,1.457602,-13.35104,0,0,0,1,1,1,1
Blob10:0.5044937,2.313813,-10.80724,0,0,0,1,1,1,1
-8587877607988611911
Blob48:-1.674412,3.55767,-11.97887,0,0,0,1,1,1,1
Blob98:-0.5779473,1.469879,-13.34993,0,0,0,1,1,1,1
Blob10:0.5044937,2.313813,-10.80724,0,0,0,1,1,1,1
-8587877607988331586
Blob48:-1.674412,3.55767,-11.97887,0,0,0,1,1,1,1
Blob98:-0.5809851,1.476619,-13.35392,0,0,0,1,1,1,1
Blob10:0.5044937,2.313813,-10.80724,0,0,0,1,1,1,1
-8587877607988171399
-8587877607987901142
Blob48:-1.674412,3.55767,-11.97887,0,0,0,1,1,1,1
Blob98:-0.5809255,1.473429,-13.34483,0,0,0,1,1,1,1
Blob10:0.5044937,2.313813,-10.80724,0,0,0,1,1,1,1
-8587877607987620871
Blob48:-1.674412,3.55767,-11.97887,0,0,0,1,1,1,1
Blob98:-0.5833865,1.475563,-13.34719,0,0,0,1,1,1,1
Blob10:0.5044937,2.313813,-10.80724,0,0,0,1,1,1,1
-8587877607987326251
Blob48:-1.674412,3.55767,-11.97887,0,0,0,1,1,1,1
Blob98:-0.5845404,1.476188,-13.34943,0,0,0,1,1,1,1
Blob10:0.5044937,2.313813,-10.80724,0,0,0,1,1,1,1
-8587877607987156249
Blob48:-1.674412,3.55767,-11.97887,0,0,0,1,1,1,1
Blob98:-0.5841894,1.475857,-13.34987,0,0,0,1,1,1,1
Blob10:0.5044937,2.313813,-10.80724,0,0,0,1,1,1,1
-8587877607986875970
-8587877607986584734
Blob48:-1.674412,3.55767,-11.97887,0,0,0,1,1,1,1
Blob98:-0.592827,1.483813,-13.3512,0,0,0,1,1,1,1
Blob10:0.5044937,2.313813,-10.80724,0,0,0,1,1,1,1
-8587877607986304455
Blob48:-1.674412,3.55767,-11.97887,0,0,0,1,1,1,1
Blob98:-0.5962178,1.490813,-13.34824,0,0,0,1,1,1,1
Blob10:0.5044937,2.313813,-10.80724,0,0,0,1,1,1,1
-8587877607986034157
Blob48:-1.674412,3.55767,-11.97887,0,0,0,1,1,1,1
Blob98:-0.6050617,1.499415,-13.35528,0,0,0,1,1,1,1
Blob10:0.5044937,2.313813,-10.80724,0,0,0,1,1,1,1
-8587877607985864211
-8587877607985593957
Blob48:-1.674412,3.55767,-11.97887,0,0,0,1,1,1,1
Blob98:-0.5979951,1.500082,-13.35927,0,0,0,1,1,1,1
Blob10:0.5044937,2.313813,-10.80724,0,0,0,1,1,1,1
-8587877607985303674
Blob48:-1.674412,3.55767,-11.97887,0,0,0,1,1,1,1
Blob98:-0.6095331,1.508458,-13.35113,0,0,0,1,1,1,1
Blob10:0.5044937,2.313813,-10.80724,0,0,0,1,1,1,1
-8587877607985033417
Blob48:-1.674412,3.55767,-11.97887,0,0,0,1,1,1,1
Blob98:-0.6123976,1.516623,-13.34991,0,0,0,1,1,1,1
Blob10:0.5044937,2.313813,-10.80724,0,0,0,1,1,1,1
-8587877607984863814
-8587877607984603570
Blob48:-1.674412,3.55767,-11.97887,0,0,0,1,1,1,1
Blob98:-0.6106652,1.525585,-13.35324,0,0,0,1,1,1,1
Blob10:0.5044937,2.313813,-10.80724,0,0,0,1,1,1,1
-8587877607984313291
Blob48:-1.674412,3.55767,-11.97887,0,0,0,1,1,1,1
Blob98:-0.6102085,1.531765,-13.34889,0,0,0,1,1,1,1
Blob10:0.5044937,2.313813,-10.80724,0,0,0,1,1,1,1
-8587877607984153212
Blob48:-1.674412,3.55767,-11.97887,0,0,0,1,1,1,1
Blob98:-0.604903,1.534233,-13.35204,0,0,0,1,1,1,1
Blob10:0.5044937,2.313813,-10.80724,0,0,0,1,1,1,1
-8587877607983862859
-8587877607983592674
Blob48:-1.674412,3.55767,-11.97887,0,0,0,1,1,1,1
Blob98:-0.6033326,1.536032,-13.35611,0,0,0,1,1,1,1
Blob10:0.5044937,2.313813,-10.80724,0,0,0,1,1,1,1
-8587877607983302319
Blob48:-1.674412,3.55767,-11.97887,0,0,0,1,1,1,1
Blob98:-0.5951267,1.544353,-13.36109,0,0,0,1,1,1,1
Blob10:0.5044937,2.313813,-10.80724,0,0,0,1,1,1,1
-8587877607983032134
Blob48:-1.674412,3.55767,-11.97887,0,0,0,1,1,1,1
Blob98:-0.5900476,1.543243,-13.34577,0,0,0,1,1,1,1
Blob10:0.5044937,2.313813,-10.80724,0,0,0,1,1,1,1
-8587877607982865721
-8587877607982595464
Blob48:-1.674412,3.55767,-11.97887,0,0,0,1,1,1,1
Blob98:-0.5722855,1.563508,-13.36749,0,0,0,1,1,1,1
Blob10:0.5044937,2.313813,-10.80724,0,0,0,1,1,1,1
-8587877607982285169
Blob48:-1.674412,3.55767,-11.97887,0,0,0,1,1,1,1
Blob98:-0.5683314,1.579076,-13.37548,0,0,0,1,1,1,1
Blob10:0.5044937,2.313813,-10.80724,0,0,0,1,1,1,1
-8587877607981970038
Blob48:-1.674412,3.55767,-11.97887,0,0,0,1,1,1,1
Blob98:-0.5625826,1.656853,-13.37509,0,0,0,1,1,1,1
Blob10:0.5044937,2.313813,-10.80724,0,0,0,1,1,1,1
-8587877607981697928
Blob48:-1.674412,3.55767,-11.97887,0,0,0,1,1,1,1
Blob98:-0.5570256,1.695725,-13.39952,0,0,0,1,1,1,1
Blob10:0.5044937,2.313813,-10.80724,0,0,0,1,1,1,1
-8587877607981537700
-8587877607981267413
Blob48:-1.674412,3.55767,-11.97887,0,0,0,1,1,1,1
Blob98:-0.5436113,1.770832,-13.33011,0,0,0,1,1,1,1
Blob10:0.5044937,2.313813,-10.80724,0,0,0,1,1,1,1
-8587877607980987095
Blob48:-1.674412,3.55767,-11.97887,0,0,0,1,1,1,1
Blob98:-0.5075992,1.802428,-13.31692,0,0,0,1,1,1,1
Blob10:0.5044937,2.313813,-10.80724,0,0,0,1,1,1,1
-8587877607980824382
Blob48:-1.674412,3.55767,-11.97887,0,0,0,1,1,1,1
Blob98:-0.4574886,1.817338,-13.32171,0,0,0,1,1,1,1
Blob10:0.5044937,2.313813,-10.80724,0,0,0,1,1,1,1
-8587877607980544113
-8587877607980253834
Blob48:-1.674412,3.55767,-11.97887,0,0,0,1,1,1,1
Blob98:-0.4346693,1.807426,-13.33898,0,0,0,1,1,1,1
Blob10:0.5044937,2.313813,-10.80724,0,0,0,1,1,1,1
-8587877607979973542
Blob48:-1.674412,3.55767,-11.97887,0,0,0,1,1,1,1
Blob98:-0.3968588,1.820205,-13.37197,0,0,0,1,1,1,1
Blob10:0.5044937,2.313813,-10.80724,0,0,0,1,1,1,1
-8587877607979693156
Blob48:-1.674412,3.55767,-11.97887,0,0,0,1,1,1,1
Blob98:-0.3470665,1.810736,-13.40348,0,0,0,1,1,1,1
Blob10:0.5044937,2.313813,-10.80724,0,0,0,1,1,1,1
-8587877607979533130
-8587877607979252874
Blob48:-1.674412,3.55767,-11.97887,0,0,0,1,1,1,1
Blob98:-0.2998251,1.809002,-13.45752,0,0,0,1,1,1,1
Blob10:0.5044937,2.313813,-10.80724,0,0,0,1,1,1,1
-8587877607978972597
Blob48:-1.674412,3.55767,-11.97887,0,0,0,1,1,1,1
Blob98:-0.2751868,1.79916,-13.50721,0,0,0,1,1,1,1
Blob10:0.5044937,2.313813,-10.80724,0,0,0,1,1,1,1
-8587877607978682227
Blob48:-1.674412,3.55767,-11.97887,0,0,0,1,1,1,1
Blob98:-0.2365705,1.791274,-13.54821,0,0,0,1,1,1,1
Blob10:0.5044937,2.313813,-10.80724,0,0,0,1,1,1,1
-8587877607978532103
-8587877607978261913
Blob48:-1.674412,3.55767,-11.97887,0,0,0,1,1,1,1
Blob98:-0.1947444,1.790441,-13.57653,0,0,0,1,1,1,1
Blob10:0.5044937,2.313813,-10.80724,0,0,0,1,1,1,1
-8587877607977951623
Blob48:-1.674412,3.55767,-11.97887,0,0,0,1,1,1,1
Blob98:-0.1674908,1.785246,-13.6173,0,0,0,1,1,1,1
Blob10:0.5044937,2.313813,-10.80724,0,0,0,1,1,1,1
-8587877607977641323
Blob48:-1.674412,3.55767,-11.97887,0,0,0,1,1,1,1
Blob98:-0.1486074,1.78766,-13.64049,0,0,0,1,1,1,1
Blob10:0.5044937,2.313813,-10.80724,0,0,0,1,1,1,1
-8587877607977482337
-8587877607977201978
Blob48:-1.674412,3.55767,-11.97887,0,0,0,1,1,1,1
Blob98:-0.1346564,1.771569,-13.65108,0,0,0,1,1,1,1
Blob10:0.5044937,2.313813,-10.80724,0,0,0,1,1,1,1
-8587877607976931814
Blob48:-1.674412,3.55767,-11.97887,0,0,0,1,1,1,1
Blob98:-0.124823,1.785668,-13.66079,0,0,0,1,1,1,1
Blob10:0.5044937,2.313813,-10.80724,0,0,0,1,1,1,1
-8587877607976651547
Blob48:-1.674412,3.55767,-11.97887,0,0,0,1,1,1,1
Blob98:-0.1288169,1.768801,-13.67645,0,0,0,1,1,1,1
Blob10:0.5044937,2.313813,-10.80724,0,0,0,1,1,1,1
-8587877607976491240
Blob48:-1.674412,3.55767,-11.97887,0,0,0,1,1,1,1
Blob98:-0.1281759,1.757362,-13.68392,0,0,0,1,1,1,1
Blob10:0.5044937,2.313813,-10.80724,0,0,0,1,1,1,1
-8587877607976211109
-8587877607975920739
Blob48:-1.674412,3.55767,-11.97887,0,0,0,1,1,1,1
Blob98:-0.1269499,1.7521,-13.69079,0,0,0,1,1,1,1
Blob10:0.5044937,2.313813,-10.80724,0,0,0,1,1,1,1
-8587877607975650574
Blob48:-1.674412,3.55767,-11.97887,0,0,0,1,1,1,1
Blob98:-0.1286706,1.745152,-13.68318,0,0,0,1,1,1,1
Blob10:0.5044937,2.313813,-10.80724,0,0,0,1,1,1,1
-8587877607975480111
Blob48:-1.674412,3.55767,-11.97887,0,0,0,1,1,1,1
Blob98:-0.1323041,1.737512,-13.68872,0,0,0,1,1,1,1
Blob10:0.5044937,2.313813,-10.80724,0,0,0,1,1,1,1
-8587877607975169806
-8587877607974899554
Blob48:-1.674412,3.55767,-11.97887,0,0,0,1,1,1,1
Blob98:-0.1420654,1.720896,-13.69955,0,0,0,1,1,1,1
Blob10:0.5044937,2.313813,-10.80724,0,0,0,1,1,1,1
-8587877607974631725
Blob48:-1.674412,3.55767,-11.97887,0,0,0,1,1,1,1
Blob98:-0.1434127,1.706742,-13.70658,0,0,0,1,1,1,1
Blob10:0.5044937,2.313813,-10.80724,0,0,0,1,1,1,1
-8587877607974331439
Blob48:-1.674412,3.55767,-11.97887,0,0,0,1,1,1,1
Blob98:-0.1518719,1.705181,-13.696,0,0,0,1,1,1,1
Blob10:0.5044937,2.313813,-10.80724,0,0,0,1,1,1,1
-8587877607974161012
-8587877607973875910
Blob48:-1.674412,3.55767,-11.97887,0,0,0,1,1,1,1
Blob98:-0.1500489,1.69634,-13.70969,0,0,0,1,1,1,1
Blob10:0.5044937,2.313813,-10.80724,0,0,0,1,1,1,1
-8587877607973585621
Blob48:-1.674412,3.55767,-11.97887,0,0,0,1,1,1,1
Blob98:-0.156122,1.686501,-13.70991,0,0,0,1,1,1,1
Blob10:0.5044937,2.313813,-10.80724,0,0,0,1,1,1,1
-8587877607973305265
Blob48:-1.674412,3.55767,-11.97887,0,0,0,1,1,1,1
Blob98:-0.1652898,1.688269,-13.70844,0,0,0,1,1,1,1
Blob10:0.5044937,2.313813,-10.80724,0,0,0,1,1,1,1
-8587877607973035091
Blob48:-1.674412,3.55767,-11.97887,0,0,0,1,1,1,1
Blob98:-0.1703254,1.696361,-13.71015,0,0,0,1,1,1,1
Blob10:0.5044937,2.313813,-10.80724,0,0,0,1,1,1,1
-8587877607972871389
-8587877607972601132
Blob48:-1.674412,3.55767,-11.97887,0,0,0,1,1,1,1
Blob98:-0.1738635,1.689602,-13.70286,0,0,0,1,1,1,1
Blob10:0.5044937,2.313813,-10.80724,0,0,0,1,1,1,1
-8587877607972320861
Blob48:-1.674412,3.55767,-11.97887,0,0,0,1,1,1,1
Blob98:-0.1732846,1.689669,-13.696,0,0,0,1,1,1,1
Blob10:0.5044937,2.313813,-10.80724,0,0,0,1,1,1,1
-8587877607972160551
Blob48:-1.674412,3.55767,-11.97887,0,0,0,1,1,1,1
Blob98:-0.1769038,1.666173,-13.70106,0,0,0,1,1,1,1
Blob10:0.5044937,2.313813,-10.80724,0,0,0,1,1,1,1
-8587877607971880285
-8587877607971590006
Blob48:-1.674412,3.55767,-11.97887,0,0,0,1,1,1,1
Blob98:-0.2081741,1.664395,-13.69185,0,0,0,1,1,1,1
Blob10:0.5044937,2.313813,-10.80724,0,0,0,1,1,1,1
-8587877607971309645
Blob48:-1.674412,3.55767,-11.97887,0,0,0,1,1,1,1
Blob98:-0.2383679,1.6572,-13.68042,0,0,0,1,1,1,1
Blob10:0.5044937,2.313813,-10.80724,0,0,0,1,1,1,1
-8587877607971039496
Blob48:-1.674412,3.55767,-11.97887,0,0,0,1,1,1,1
Blob98:-0.2741779,1.644712,-13.66742,0,0,0,1,1,1,1
Blob10:0.5044937,2.313813,-10.80724,0,0,0,1,1,1,1
-8587877607970875315
-8587877607970605061
Blob48:-1.674412,3.55767,-11.97887,0,0,0,1,1,1,1
Blob98:-0.3240755,1.610896,-13.66053,0,0,0,1,1,1,1
Blob10:0.5044937,2.313813,-10.80724,0,0,0,1,1,1,1
-8587877607970324787
Blob48:-1.674412,3.55767,-11.97887,0,0,0,1,1,1,1
Blob98:-0.3912662,1.616932,-13.64595,0,0,0,1,1,1,1
Blob10:0.5044937,2.313813,-10.80724,0,0,0,1,1,1,1
-8587877607970166280
-8587877607969875960
Blob48:-1.674412,3.55767,-11.97887,0,0,0,1,1,1,1
Blob98:-0.4598091,1.604555,-13.65419,0,0,0,1,1,1,1
Blob10:0.5044937,2.313813,-10.80724,0,0,0,1,1,1,1
-8587877607969595666
Blob48:-1.674412,3.55767,-11.97887,0,0,0,1,1,1,1
Blob98:-0.5225549,1.592743,-13.63837,0,0,0,1,1,1,1
Blob10:0.5044937,2.313813,-10.80724,0,0,0,1,1,1,1
-8587877607969315417
Blob48:-1.674412,3.55767,-11.97887,0,0,0,1,1,1,1
Blob98:-0.584318,1.599121,-13.63891,0,0,0,1,1,1,1
Blob10:0.5044937,2.313813,-10.80724,0,0,0,1,1,1,1
-8587877607969144852
Blob48:-1.674412,3.55767,-11.97887,0,0,0,1,1,1,1
Blob98:-0.6457903,1.610712,-13.63345,0,0,0,1,1,1,1
Blob10:0.5044937,2.313813,-10.80724,0,0,0,1,1,1,1
-8587877607968874585
-8587877607968594324
Blob48:-1.674412,3.55767,-11.97887,0,0,0,1,1,1,1
Blob98:-0.7097449,1.633029,-13.60818,0,0,0,1,1,1,1
Blob10:0.5044937,2.313813,-10.80724,0,0,0,1,1,1,1
-8587877607968333980
Blob48:-1.674412,3.55767,-11.97887,0,0,0,1,1,1,1
Blob98:-0.7477379,1.673071,-13.60571,0,0,0,1,1,1,1
Blob10:0.5044937,2.313813,-10.80724,0,0,0,1,1,1,1
-8587877607968125009
-8587877607967844741
Blob48:-1.674412,3.55767,-11.97887,0,0,0,1,1,1,1
Blob98:-0.7992331,1.672811,-13.60589,0,0,0,1,1,1,1
Blob10:0.5044937,2.313813,-10.80724,0,0,0,1,1,1,1
-8587877607967564351
Blob48:-1.674412,3.55767,-11.97887,0,0,0,1,1,1,1
Blob98:-0.8385218,1.698292,-13.60985,0,0,0,1,1,1,1
Blob10:0.5044937,2.313813,-10.80724,0,0,0,1,1,1,1
-8587877607967264033
Blob48:-1.674412,3.55767,-11.97887,0,0,0,1,1,1,1
Blob98:-0.852478,1.709532,-13.62035,0,0,0,1,1,1,1
Blob10:0.5044937,2.313813,-10.80724,0,0,0,1,1,1,1
-8587877607966993924
Blob48:-1.674412,3.55767,-11.97887,0,0,0,1,1,1,1
Blob98:-0.8646603,1.721955,-13.63954,0,0,0,1,1,1,1
Blob10:0.5044937,2.313813,-10.80724,0,0,0,1,1,1,1
-8587877607966823661
Blob48:-1.674412,3.55767,-11.97887,0,0,0,1,1,1,1
Blob98:-0.8724974,1.730008,-13.63517,0,0,0,1,1,1,1
Blob10:0.5044937,2.313813,-10.80724,0,0,0,1,1,1,1
-8587877607966533342
-8587877607966263223
Blob48:-1.674412,3.55767,-11.97887,0,0,0,1,1,1,1
Blob98:-0.870239,1.746534,-13.64459,0,0,0,1,1,1,1
Blob10:0.5044937,2.313813,-10.80724,0,0,0,1,1,1,1
-8587877607965992964
Blob48:-1.674412,3.55767,-11.97887,0,0,0,1,1,1,1
Blob98:-0.8742369,1.742969,-13.66338,0,0,0,1,1,1,1
Blob10:0.5044937,2.313813,-10.80724,0,0,0,1,1,1,1
-8587877607965823359
Blob48:-1.674412,3.55767,-11.97887,0,0,0,1,1,1,1
Blob98:-0.8614178,1.752613,-13.65589,0,0,0,1,1,1,1
Blob10:0.5044937,2.313813,-10.80724,0,0,0,1,1,1,1
-8587877607965553030
-8587877607965262824
Blob48:-1.674412,3.55767,-11.97887,0,0,0,1,1,1,1
Blob98:-0.8564541,1.764362,-13.66297,0,0,0,1,1,1,1
Blob10:0.5044937,2.313813,-10.80724,0,0,0,1,1,1,1
-8587877607964992570
Blob48:-1.674412,3.55767,-11.97887,0,0,0,1,1,1,1
Blob98:-0.8504884,1.780535,-13.66228,0,0,0,1,1,1,1
Blob10:0.5044937,2.313813,-10.80724,0,0,0,1,1,1,1
-8587877607964822473
Blob48:-1.674412,3.55767,-11.97887,0,0,0,1,1,1,1
Blob98:-0.8462602,1.784528,-13.64596,0,0,0,1,1,1,1
Blob10:0.5044937,2.313813,-10.80724,0,0,0,1,1,1,1
-8587877607964532194
-8587877607964261935
Blob48:-1.674412,3.55767,-11.97887,0,0,0,1,1,1,1
Blob98:-0.8249147,1.76987,-13.64927,0,0,0,1,1,1,1
Blob10:0.5044937,2.313813,-10.80724,0,0,0,1,1,1,1
-8587877607963981674
Blob48:-1.674412,3.55767,-11.97887,0,0,0,1,1,1,1
Blob98:-0.8156843,1.764323,-13.63913,0,0,0,1,1,1,1
Blob10:0.5044937,2.313813,-10.80724,0,0,0,1,1,1,1
-8587877607963824815
Blob48:-1.674412,3.55767,-11.97887,0,0,0,1,1,1,1
Blob98:-0.800973,1.763498,-13.63927,0,0,0,1,1,1,1
Blob10:0.5044937,2.313813,-10.80724,0,0,0,1,1,1,1
-8587877607963534537
-8587877607963254270
Blob48:-1.674412,3.55767,-11.97887,0,0,0,1,1,1,1
Blob98:-0.769514,1.780105,-13.63974,0,0,0,1,1,1,1
Blob10:0.5044937,2.313813,-10.80724,0,0,0,1,1,1,1
-8587877607962963982
Blob48:-1.674412,3.55767,-11.97887,0,0,0,1,1,1,1
Blob98:-0.740539,1.756736,-13.63552,0,0,0,1,1,1,1
Blob10:0.5044937,2.313813,-10.80724,0,0,0,1,1,1,1
-8587877607962683713
Blob48:-1.674412,3.55767,-11.97887,0,0,0,1,1,1,1
Blob98:-0.6792431,1.759309,-13.62394,0,0,0,1,1,1,1
Blob10:0.5044937,2.313813,-10.80724,0,0,0,1,1,1,1
-8587877607962524038
-8587877607962253781
Blob48:-1.674412,3.55767,-11.97887,0,0,0,1,1,1,1
Blob98:-0.6271976,1.739405,-13.60534,0,0,0,1,1,1,1
Blob10:0.5044937,2.313813,-10.80724,0,0,0,1,1,1,1
-8587877607961973507
Blob48:-1.674412,3.55767,-11.97887,0,0,0,1,1,1,1
Blob98:-0.564175,1.714586,-13.60019,0,0,0,1,1,1,1
Blob10:0.5044937,2.313813,-10.80724,0,0,0,1,1,1,1
-8587877607961703253
Blob48:-1.674412,3.55767,-11.97887,0,0,0,1,1,1,1
Blob98:-0.5172054,1.715614,-13.56885,0,0,0,1,1,1,1
Blob10:0.5044937,2.313813,-10.80724,0,0,0,1,1,1,1
-8587877607961543862
-8587877607961243088
Blob48:-1.674412,3.55767,-11.97887,0,0,0,1,1,1,1
Blob98:-0.4502308,1.703972,-13.5575,0,0,0,1,1,1,1
Blob10:0.5044937,2.313813,-10.80724,0,0,0,1,1,1,1
-8587877607960962816
Blob48:-1.674412,3.55767,-11.97887,0,0,0,1,1,1,1
Blob98:-0.396836,1.673672,-13.54318,0,0,0,1,1,1,1
Blob10:0.5044937,2.313813,-10.80724,0,0,0,1,1,1,1
-8587877607960692552
Blob48:-1.674412,3.55767,-11.97887,0,0,0,1,1,1,1
Blob98:-0.3476399,1.661875,-13.52073,0,0,0,1,1,1,1
Blob10:0.5044937,2.313813,-10.80724,0,0,0,1,1,1,1
-8587877607960522271
-8587877607960251889
Blob48:-1.674412,3.55767,-11.97887,0,0,0,1,1,1,1
Blob98:-0.3161065,1.629313,-13.49482,0,0,0,1,1,1,1
Blob10:0.5044937,2.313813,-10.80724,0,0,0,1,1,1,1
-8587877607959971738
Blob48:-1.674412,3.55767,-11.97887,0,0,0,1,1,1,1
Blob98:-0.2791248,1.606175,-13.4835,0,0,0,1,1,1,1
Blob10:0.5044937,2.313813,-10.80724,0,0,0,1,1,1,1
-8587877607959698322
Blob48:-1.674412,3.55767,-11.97887,0,0,0,1,1,1,1
Blob98:-0.2576346,1.593723,-13.48091,0,0,0,1,1,1,1
Blob10:0.5044937,2.313813,-10.80724,0,0,0,1,1,1,1
-8587877607959532050
-8587877607959261793
Blob48:-1.674412,3.55767,-11.97887,0,0,0,1,1,1,1
Blob98:-0.2365568,1.603568,-13.44954,0,0,0,1,1,1,1
Blob10:0.5044937,2.313813,-10.80724,0,0,0,1,1,1,1
-8587877607958971509
Blob48:-1.674412,3.55767,-11.97887,0,0,0,1,1,1,1
Blob98:-0.2224398,1.590256,-13.43244,0,0,0,1,1,1,1
Blob10:0.5044937,2.313813,-10.80724,0,0,0,1,1,1,1
-8587877607958711265
Blob48:-1.674412,3.55767,-11.97887,0,0,0,1,1,1,1
Blob98:-0.2278252,1.593697,-13.42337,0,0,0,1,1,1,1
Blob10:0.5044937,2.313813,-10.80724,0,0,0,1,1,1,1
-8587877607958541714
-8587877607958261452
Blob48:-1.674412,3.55767,-11.97887,0,0,0,1,1,1,1
Blob98:-0.239767,1.598991,-13.40225,0,0,0,1,1,1,1
Blob10:0.5044937,2.313813,-10.80724,0,0,0,1,1,1,1
-8587877607957991083
Blob48:-1.674412,3.55767,-11.97887,0,0,0,1,1,1,1
Blob98:-0.2625917,1.601968,-13.39161,0,0,0,1,1,1,1
Blob10:0.5044937,2.313813,-10.80724,0,0,0,1,1,1,1
-8587877607957824642
Blob48:-1.674412,3.55767,-11.97887,0,0,0,1,1,1,1
Blob98:-0.2837977,1.601784,-13.39134,0,0,0,1,1,1,1
Blob10:0.5044937,2.313813,-10.80724,0,0,0,1,1,1,1
-8587877607957544217
-8587877607957264004
Blob48:-1.674412,3.55767,-11.97887,0,0,0,1,1,1,1
Blob98:-0.3208667,1.594705,-13.40101,0,0,0,1,1,1,1
Blob10:0.5044937,2.313813,-10.80724,0,0,0,1,1,1,1
-8587877607956993689
Blob48:-1.674412,3.55767,-11.97887,0,0,0,1,1,1,1
Blob98:-0.3594112,1.601454,-13.40676,0,0,0,1,1,1,1
Blob10:0.5044937,2.313813,-10.80724,0,0,0,1,1,1,1
-8587877607956823682
Blob48:-1.674412,3.55767,-11.97887,0,0,0,1,1,1,1
Blob98:-0.3972062,1.599535,-13.41286,0,0,0,1,1,1,1
Blob10:0.5044937,2.313813,-10.80724,0,0,0,1,1,1,1
-8587877607956543403
-8587877607956263039
Blob48:-1.674412,3.55767,-11.97887,0,0,0,1,1,1,1
Blob98:-0.4583041,1.59,-13.43118,0,0,0,1,1,1,1
Blob10:0.5044937,2.313813,-10.80724,0,0,0,1,1,1,1
-8587877607955972840
Blob48:-1.674412,3.55767,-11.97887,0,0,0,1,1,1,1
Blob98:-0.5066956,1.607766,-13.44335,0,0,0,1,1,1,1
Blob10:0.5044937,2.313813,-10.80724,0,0,0,1,1,1,1
-8587877607955702591
Blob48:-1.674412,3.55767,-11.97887,0,0,0,1,1,1,1
Blob98:-0.5372803,1.602899,-13.45694,0,0,0,1,1,1,1
Blob10:0.5044937,2.313813,-10.80724,0,0,0,1,1,1,1
-8587877607955532279
-8587877607955262069
Blob48:-1.674412,3.55767,-11.97887,0,0,0,1,1,1,1
Blob98:-0.5872854,1.617471,-13.46312,0,0,0,1,1,1,1
Blob10:0.5044937,2.313813,-10.80724,0,0,0,1,1,1,1
-8587877607954991615
Blob48:-1.674412,3.55767,-11.97887,0,0,0,1,1,1,1
Blob98:-0.6257729,1.62557,-13.47178,0,0,0,1,1,1,1
Blob10:0.5044937,2.313813,-10.80724,0,0,0,1,1,1,1
-8587877607954823013
Blob48:-1.674412,3.55767,-11.97887,0,0,0,1,1,1,1
Blob98:-0.6802042,1.618073,-13.49294,0,0,0,1,1,1,1
Blob10:0.5044937,2.313813,-10.80724,0,0,0,1,1,1,1
-8587877607954523805
-8587877607954203634
Blob48:-1.674412,3.55767,-11.97887,0,0,0,1,1,1,1
Blob98:-0.7157165,1.633614,-13.50782,0,0,0,1,1,1,1
Blob10:0.5044937,2.313813,-10.80724,0,0,0,1,1,1,1
-8587877607953933264
Blob48:-1.674412,3.55767,-11.97887,0,0,0,1,1,1,1
Blob98:-0.7612872,1.656165,-13.52692,0,0,0,1,1,1,1
Blob10:0.5044937,2.313813,-10.80724,0,0,0,1,1,1,1
-8587877607953652995
Blob48:-1.674412,3.55767,-11.97887,0,0,0,1,1,1,1
Blob98:-0.8035872,1.667867,-13.54928,0,0,0,1,1,1,1
Blob10:0.5044937,2.313813,-10.80724,0,0,0,1,1,1,1
-8587877607953489545
Blob48:-1.674412,3.55767,-11.97887,0,0,0,1,1,1,1
Blob98:-0.837954,1.662341,-13.55505,0,0,0,1,1,1,1
Blob10:0.5044937,2.313813,-10.80724,0,0,0,1,1,1,1
-8587877607953209278
-8587877607952939022
Blob48:-1.674412,3.55767,-11.97887,0,0,0,1,1,1,1
Blob98:-0.8690701,1.671878,-13.56532,0,0,0,1,1,1,1
Blob10:0.5044937,2.313813,-10.80724,0,0,0,1,1,1,1
-8587877607952658750
Blob48:-1.674412,3.55767,-11.97887,0,0,0,1,1,1,1
Blob98:-0.8955581,1.681463,-13.56989,0,0,0,1,1,1,1
Blob10:0.5044937,2.313813,-10.80724,0,0,0,1,1,1,1
-8587877607952499185
-8587877607952229033
Blob48:-1.674412,3.55767,-11.97887,0,0,0,1,1,1,1
Blob98:-0.9143194,1.669088,-13.56607,0,0,0,1,1,1,1
Blob10:0.5044937,2.313813,-10.80724,0,0,0,1,1,1,1
-8587877607951958682
Blob48:-1.674412,3.55767,-11.97887,0,0,0,1,1,1,1
Blob98:-0.8927338,1.682859,-13.55146,0,0,0,1,1,1,1
Blob10:0.5044937,2.313813,-10.80724,0,0,0,1,1,1,1
-8587877607951688459
Blob48:-1.674412,3.55767,-11.97887,0,0,0,1,1,1,1
Blob98:-0.8811249,1.700821,-13.51649,0,0,0,1,1,1,1
Blob10:0.5044937,2.313813,-10.80724,0,0,0,1,1,1,1
-8587877607951524493
-8587877607951254242
Blob48:-1.674412,3.55767,-11.97887,0,0,0,1,1,1,1
Blob98:-0.860321,1.681724,-13.49675,0,0,0,1,1,1,1
Blob10:0.5044937,2.313813,-10.80724,0,0,0,1,1,1,1
-8587877607950973965
Blob48:-1.674412,3.55767,-11.97887,0,0,0,1,1,1,1
Blob98:-0.8356408,1.68453,-13.48421,0,0,0,1,1,1,1
Blob10:0.5044937,2.313813,-10.80724,0,0,0,1,1,1,1
-8587877607950703713
Blob48:-1.674412,3.55767,-11.97887,0,0,0,1,1,1,1
Blob98:-0.7976155,1.668529,-13.46922,0,0,0,1,1,1,1
Blob10:0.5044937,2.313813,-10.80724,0,0,0,1,1,1,1
-8587877607950543616
-8587877607950253340
Blob48:-1.674412,3.55767,-11.97887,0,0,0,1,1,1,1
Blob98:-0.7489232,1.675139,-13.44737,0,0,0,1,1,1,1
Blob10:0.5044937,2.313813,-10.80724,0,0,0,1,1,1,1
-8587877607949973074
Blob48:-1.674412,3.55767,-11.97887,0,0,0,1,1,1,1
Blob98:-0.7012359,1.671294,-13.44333,0,0,0,1,1,1,1
Blob10:0.5044937,2.313813,-10.80724,0,0,0,1,1,1,1
-8587877607949692805
Blob48:-1.674412,3.55767,-11.97887,0,0,0,1,1,1,1
Blob98:-0.6457825,1.673483,-13.42994,0,0,0,1,1,1,1
Blob10:0.5044937,2.313813,-10.80724,0,0,0,1,1,1,1
-8587877607949532464
-8587877607949252201
Blob48:-1.674412,3.55767,-11.97887,0,0,0,1,1,1,1
Blob98:-0.5917306,1.686765,-13.42923,0,0,0,1,1,1,1
Blob10:0.5044937,2.313813,-10.80724,0,0,0,1,1,1,1
-8587877607948971893
Blob48:-1.674412,3.55767,-11.97887,0,0,0,1,1,1,1
Blob98:-0.5420075,1.690635,-13.43611,0,0,0,1,1,1,1
Blob10:0.5044937,2.313813,-10.80724,0,0,0,1,1,1,1
-8587877607948692080
Blob48:-1.674412,3.55767,-11.97887,0,0,0,1,1,1,1
Blob98:-0.4977103,1.689716,-13.43596,0,0,0,1,1,1,1
Blob10:0.5044937,2.313813,-10.80724,0,0,0,1,1,1,1
-8587877607948532047
-8587877607948241768
Blob48:-1.674412,3.55767,-11.97887,0,0,0,1,1,1,1
Blob98:-0.4528232,1.736027,-13.42037,0,0,0,1,1,1,1
Blob10:0.5044937,2.313813,-10.80724,0,0,0,1,1,1,1
-8587877607947961500
Blob48:-1.674412,3.55767,-11.97887,0,0,0,1,1,1,1
Blob98:-0.4289059,1.753385,-13.44075,0,0,0,1,1,1,1
Blob10:0.5044937,2.313813,-10.80724,0,0,0,1,1,1,1
-8587877607947678817
Blob48:-1.674412,3.55767,-11.97887,0,0,0,1,1,1,1
Blob98:-0.4051059,1.761578,-13.44116,0,0,0,1,1,1,1
Blob10:0.5044937,2.313813,-10.80724,0,0,0,1,1,1,1
-8587877607947498539
-8587877607947208255
Blob48:-1.674412,3.55767,-11.97887,0,0,0,1,1,1,1
Blob98:-0.3897273,1.760453,-13.45934,0,0,0,1,1,1,1
Blob10:0.5044937,2.313813,-10.80724,0,0,0,1,1,1,1
-8587877607946937947
Blob48:-1.674412,3.55767,-11.97887,0,0,0,1,1,1,1
Blob98:-0.3870409,1.773077,-13.46327,0,0,0,1,1,1,1
Blob10:0.5044937,2.313813,-10.80724,0,0,0,1,1,1,1
-8587877607946657730
Blob48:-1.674412,3.55767,-11.97887,0,0,0,1,1,1,1
Blob98:-0.3752646,1.797285,-13.45111,0,0,0,1,1,1,1
Blob10:0.5044937,2.313813,-10.80724,0,0,0,1,1,1,1
-8587877607946498303
Blob48:-1.674412,3.55767,-11.97887,0,0,0,1,1,1,1
Blob98:-0.386059,1.799232,-13.45792,0,0,0,1,1,1,1
Blob10:0.5044937,2.313813,-10.80724,0,0,0,1,1,1,1
-8587877607946198010
-8587877607945917749
Blob48:-1.674412,3.55767,-11.97887,0,0,0,1,1,1,1
Blob98:-0.3971096,1.820999,-13.46046,0,0,0,1,1,1,1
Blob10:0.5044937,2.313813,-10.80724,0,0,0,1,1,1,1
-8587877607945647484
Blob48:-1.674412,3.55767,-11.97887,0,0,0,1,1,1,1
Blob98:-0.4371451,1.81262,-13.47536,0,0,0,1,1,1,1
Blob10:0.5044937,2.313813,-10.80724,0,0,0,1,1,1,1
-8587877607945487372
Blob48:-1.674412,3.55767,-11.97887,0,0,0,1,1,1,1
Blob98:-0.4754096,1.796806,-13.49565,0,0,0,1,1,1,1
Blob10:0.5044937,2.313813,-10.80724,0,0,0,1,1,1,1
-8587877607945207113
-8587877607944916822
Blob48:-1.674412,3.55767,-11.97887,0,0,0,1,1,1,1
Blob98:-0.5323237,1.792423,-13.51258,0,0,0,1,1,1,1
Blob10:0.5044937,2.313813,-10.80724,0,0,0,1,1,1,1
-8587877607944646570
Blob48:-1.674412,3.55767,-11.97887,0,0,0,1,1,1,1
Blob98:-0.5882475,1.766617,-13.53887,0,0,0,1,1,1,1
Blob10:0.5044937,2.313813,-10.80724,0,0,0,1,1,1,1
-8587877607944356294
Blob48:-1.674412,3.55767,-11.97887,0,0,0,1,1,1,1
Blob98:-0.6767364,1.751401,-13.57895,0,0,0,1,1,1,1
Blob10:0.5044937,2.313813,-10.80724,0,0,0,1,1,1,1
-8587877607944196130
-8587877607943925784
Blob48:-1.674412,3.55767,-11.97887,0,0,0,1,1,1,1
Blob98:-0.7829251,1.723362,-13.60604,0,0,0,1,1,1,1
Blob10:0.5044937,2.313813,-10.80724,0,0,0,1,1,1,1
-8587877607943644035
Blob48:-1.674412,3.55767,-11.97887,0,0,0,1,1,1,1
Blob98:-0.9021155,1.706856,-13.62236,0,0,0,1,1,1,1
Blob10:0.5044937,2.313813,-10.80724,0,0,0,1,1,1,1
-8587877607943486140
Blob48:-1.674412,3.55767,-11.97887,0,0,0,1,1,1,1
Blob98:-1.0101,1.703313,-13.68344,0,0,0,1,1,1,1
Blob10:0.5044937,2.313813,-10.80724,0,0,0,1,1,1,1
-8587877607943205879
-8587877607942935617
Blob48:-1.674412,3.55767,-11.97887,0,0,0,1,1,1,1
Blob98:-1.041685,1.641113,-13.71605,0,0,0,1,1,1,1
Blob10:0.5044937,2.313813,-10.80724,0,0,0,1,1,1,1
-8587877607942655348
Blob48:-1.674412,3.55767,-11.97887,0,0,0,1,1,1,1
Blob98:-1.00185,1.57853,-13.75022,0,0,0,1,1,1,1
Blob10:0.5044937,2.313813,-10.80724,0,0,0,1,1,1,1
-8587877607942489741
-8587877607942209470
Blob48:-1.674412,3.55767,-11.97887,0,0,0,1,1,1,1
Blob98:-0.9364877,1.611211,-13.71483,0,0,0,1,1,1,1
Blob10:0.5044937,2.313813,-10.80724,0,0,0,1,1,1,1
-8587877607941919197
Blob48:-1.674412,3.55767,-11.97887,0,0,0,1,1,1,1
Blob98:-0.8530083,1.646728,-13.66132,0,0,0,1,1,1,1
Blob10:0.5044937,2.313813,-10.80724,0,0,0,1,1,1,1
-8587877607941648940
Blob48:-1.674412,3.55767,-11.97887,0,0,0,1,1,1,1
Blob98:-0.7710329,1.681909,-13.64564,0,0,0,1,1,1,1
Blob10:0.5044937,2.313813,-10.80724,0,0,0,1,1,1,1
-8587877607941489362
Blob48:-1.674412,3.55767,-11.97887,0,0,0,1,1,1,1
Blob98:-0.7052848,1.711775,-13.62981,0,0,0,1,1,1,1
Blob10:0.5044937,2.313813,-10.80724,0,0,0,1,1,1,1
-8587877607941209086
-8587877607940928825
Blob48:-1.674412,3.55767,-11.97887,0,0,0,1,1,1,1
Blob98:-0.6703574,1.746807,-13.6087,0,0,0,1,1,1,1
Blob10:0.5044937,2.313813,-10.80724,0,0,0,1,1,1,1
-8587877607940628536
Blob48:-1.674412,3.55767,-11.97887,0,0,0,1,1,1,1
Blob98:-0.6467517,1.788348,-13.57654,0,0,0,1,1,1,1
Blob10:0.5044937,2.313813,-10.80724,0,0,0,1,1,1,1
-8587877607940358287
Blob48:-1.674412,3.55767,-11.97887,0,0,0,1,1,1,1
Blob98:-0.6273798,1.786006,-13.53724,0,0,0,1,1,1,1
Blob10:0.5044937,2.313813,-10.80724,0,0,0,1,1,1,1
-8587877607940197458
-8587877607939917184
Blob48:-1.674412,3.55767,-11.97887,0,0,0,1,1,1,1
Blob98:-0.6253707,1.793977,-13.5257,0,0,0,1,1,1,1
Blob10:0.5044937,2.313813,-10.80724,0,0,0,1,1,1,1
-8587877607939596974
Blob48:-1.674412,3.55767,-11.97887,0,0,0,1,1,1,1
Blob98:-0.6291155,1.801301,-13.53383,0,0,0,1,1,1,1
Blob10:0.5044937,2.313813,-10.80724,0,0,0,1,1,1,1
-8587877607939336609
Blob48:-1.674412,3.55767,-11.97887,0,0,0,1,1,1,1
Blob98:-0.6406568,1.803398,-13.5289,0,0,0,1,1,1,1
Blob10:0.5044937,2.313813,-10.80724,0,0,0,1,1,1,1
-8587877607939168990
-8587877607938888722
Blob48:-1.674412,3.55767,-11.97887,0,0,0,1,1,1,1
Blob98:-0.6549138,1.814638,-13.53953,0,0,0,1,1,1,1
Blob10:0.5044937,2.313813,-10.80724,0,0,0,1,1,1,1
-8587877607938618570
Blob48:-1.674412,3.55767,-11.97887,0,0,0,1,1,1,1
Blob98:-0.6865838,1.816627,-13.54599,0,0,0,1,1,1,1
Blob10:0.5044937,2.313813,-10.80724,0,0,0,1,1,1,1
-8587877607938328296
Blob48:-1.674412,3.55767,-11.97887,0,0,0,1,1,1,1
Blob98:-0.7216609,1.822972,-13.55139,0,0,0,1,1,1,1
Blob10:0.5044937,2.313813,-10.80724,0,0,0,1,1,1,1
-8587877607938168040
-8587877607937867752
Blob48:-1.674412,3.55767,-11.97887,0,0,0,1,1,1,1
Blob98:-0.75106,1.826814,-13.54457,0,0,0,1,1,1,1
Blob10:0.5044937,2.313813,-10.80724,0,0,0,1,1,1,1
-8587877607937427322
Blob48:-1.674412,3.55767,-11.97887,0,0,0,1,1,1,1
Blob98:-0.7866651,1.839244,-13.55852,0,0,0,1,1,1,1
Blob10:0.5044937,2.313813,-10.80724,0,0,0,1,1,1,1
-8587877607937096921
Blob48:-1.674412,3.55767,-11.97887,0,0,0,1,1,1,1
Blob98:-0.8479798,1.82549,-13.56107,0,0,0,1,1,1,1
Blob10:0.5044937,2.313813,-10.80724,0,0,0,1,1,1,1
-8587877607936806737
Blob48:-1.674412,3.55767,-11.97887,0,0,0,1,1,1,1
Blob98:-0.9079456,1.833992,-13.57426,0,0,0,1,1,1,1
Blob10:0.5044937,2.313813,-10.80724,0,0,0,1,1,1,1
-8587877607936526463
Blob48:-1.674412,3.55767,-11.97887,0,0,0,1,1,1,1
Blob98:-0.9540815,1.845905,-13.57947,0,0,0,1,1,1,1
Blob10:0.5044937,2.313813,-10.80724,0,0,0,1,1,1,1
-8587877607936256209
Blob48:-1.674412,3.55767,-11.97887,0,0,0,1,1,1,1
Blob98:-1.023782,1.847464,-13.58745,0,0,0,1,1,1,1
Blob10:0.5044937,2.313813,-10.80724,0,0,0,1,1,1,1
-8587877607935965933
Blob48:-1.674412,3.55767,-11.97887,0,0,0,1,1,1,1
Blob98:-1.084959,1.844303,-13.61922,0,0,0,1,1,1,1
Blob10:0.5044937,2.313813,-10.80724,0,0,0,1,1,1,1
-8587877607935695674
Blob48:-1.674412,3.55767,-11.97887,0,0,0,1,1,1,1
Blob98:-1.136439,1.831344,-13.63896,0,0,0,1,1,1,1
Blob10:0.5044937,2.313813,-10.80724,0,0,0,1,1,1,1
-8587877607935534022
-8587877607935263656
Blob48:-1.674412,3.55767,-11.97887,0,0,0,1,1,1,1
Blob98:-1.148129,1.833502,-13.6421,0,0,0,1,1,1,1
Blob10:0.5044937,2.313813,-10.80724,0,0,0,1,1,1,1
-8587877607934993345
Blob48:-1.674412,3.55767,-11.97887,0,0,0,1,1,1,1
Blob98:-1.098904,1.836774,-13.62488,0,0,0,1,1,1,1
Blob10:0.5044937,2.313813,-10.80724,0,0,0,1,1,1,1
-8587877607934823131
Blob48:-1.674412,3.55767,-11.97887,0,0,0,1,1,1,1
Blob98:-0.9654717,1.810788,-13.60443,0,0,0,1,1,1,1
Blob10:0.5044937,2.313813,-10.80724,0,0,0,1,1,1,1
-8587877607934542852
-8587877607934272600
Blob48:-1.674412,3.55767,-11.97887,0,0,0,1,1,1,1
Blob98:-0.8229514,1.712503,-13.66118,0,0,0,1,1,1,1
Blob10:0.5044937,2.313813,-10.80724,0,0,0,1,1,1,1
-8587877607933992334
Blob48:-1.674412,3.55767,-11.97887,0,0,0,1,1,1,1
Blob98:-0.7589205,1.542165,-13.77154,0,0,0,1,1,1,1
Blob10:0.5044937,2.313813,-10.80724,0,0,0,1,1,1,1
-8587877607933832989
-8587877607933552707
Blob48:-1.674412,3.55767,-11.97887,0,0,0,1,1,1,1
Blob98:-0.921911,1.298197,-13.85304,0,0,0,1,1,1,1
Blob10:0.5044937,2.313813,-10.80724,0,0,0,1,1,1,1
-8587877607933232410
Blob48:-1.674412,3.55767,-11.97887,0,0,0,1,1,1,1
Blob98:-1.359393,0.844655,-13.94136,0,0,0,1,1,1,1
Blob10:0.5044937,2.313813,-10.80724,0,0,0,1,1,1,1
-8587877607932962149
Blob48:-1.674412,3.55767,-11.97887,0,0,0,1,1,1,1
Blob98:-1.942734,0.3461599,-13.91185,0,0,0,1,1,1,1
Blob10:0.5044937,2.313813,-10.80724,0,0,0,1,1,1,1
-8587877607932681885
Blob48:-1.674412,3.55767,-11.97887,0,0,0,1,1,1,1
Blob98:-2.634745,-0.2452905,-13.68128,0,0,0,1,1,1,1
Blob10:0.5044937,2.313813,-10.80724,0,0,0,1,1,1,1
-8587877607932512748
-8587877607932242604
Blob48:-1.674412,3.55767,-11.97887,0,0,0,1,1,1,1
Blob98:-3.374772,-0.8283287,-13.65825,0,0,0,1,1,1,1
Blob10:0.5044937,2.313813,-10.80724,0,0,0,1,1,1,1
-8587877607931972342
Blob48:-1.674412,3.55767,-11.97887,0,0,0,1,1,1,1
Blob98:-4.160876,-1.525718,-13.74346,0,0,0,1,1,1,1
Blob10:0.5044937,2.313813,-10.80724,0,0,0,1,1,1,1
-8587877607931702083
Blob48:-1.674412,3.55767,-11.97887,0,0,0,1,1,1,1
Blob98:-4.841245,-2.138167,-13.82877,0,0,0,1,1,1,1
Blob10:0.5044937,2.313813,-10.80724,0,0,0,1,1,1,1
-8587877607931531876
-8587877607931261612
Blob48:-1.674412,3.55767,-11.97887,0,0,0,1,1,1,1
Blob98:-5.487601,-2.634503,-13.81877,0,0,0,1,1,1,1
Blob10:0.5044937,2.313813,-10.80724,0,0,0,1,1,1,1
-8587877607930971341
Blob48:-1.674412,3.55767,-11.97887,0,0,0,1,1,1,1
Blob98:-5.876632,-2.905928,-14.10848,0,0,0,1,1,1,1
Blob10:0.5044937,2.313813,-10.80724,0,0,0,1,1,1,1
-8587877607930701074
Blob48:-1.674412,3.55767,-11.97887,0,0,0,1,1,1,1
Blob98:-6.238896,-3.076004,-14.23633,0,0,0,1,1,1,1
Blob10:0.5044937,2.313813,-10.80724,0,0,0,1,1,1,1
-8587877607930540552
-8587877607930261883
Blob48:-1.674412,3.55767,-11.97887,0,0,0,1,1,1,1
Blob98:-6.942895,-3.314391,-13.76762,0,0,0,1,1,1,1
Blob10:0.5044937,2.313813,-10.80724,0,0,0,1,1,1,1
-8587877607929991624
Blob48:-1.674412,3.55767,-11.97887,0,0,0,1,1,1,1
Blob98:-7.355102,-3.442796,-13.67665,0,0,0,1,1,1,1
Blob10:0.5044937,2.313813,-10.80724,0,0,0,1,1,1,1
-8587877607929821158
Blob48:-1.674412,3.55767,-11.97887,0,0,0,1,1,1,1
Blob98:-7.434945,-3.405635,-13.88687,0,0,0,1,1,1,1
Blob10:0.5044937,2.313813,-10.80724,0,0,0,1,1,1,1
-8587877607929536356
-8587877607929266102
Blob48:-1.674412,3.55767,-11.97887,0,0,0,1,1,1,1
Blob98:-7.687293,-3.424805,-13.84809,0,0,0,1,1,1,1
Blob10:0.5044937,2.313813,-10.80724,0,0,0,1,1,1,1
-8587877607928995842
Blob48:-1.674412,3.55767,-11.97887,0,0,0,1,1,1,1
Blob98:-7.972399,-3.492451,-13.67415,0,0,0,1,1,1,1
Blob10:0.5044937,2.313813,-10.80724,0,0,0,1,1,1,1
-8587877607928828444
-8587877607928542330
Blob48:-1.674412,3.55767,-11.97887,0,0,0,1,1,1,1
Blob98:-8.18117,-3.527906,-13.50679,0,0,0,1,1,1,1
Blob10:0.5044937,2.313813,-10.80724,0,0,0,1,1,1,1
-8587877607928264163
Blob48:-1.674412,3.55767,-11.97887,0,0,0,1,1,1,1
Blob98:-8.46768,-3.664968,-13.27067,0,0,0,1,1,1,1
Blob10:0.5044937,2.313813,-10.80724,0,0,0,1,1,1,1
-8587877607927993907
Blob48:-1.674412,3.55767,-11.97887,0,0,0,1,1,1,1
Blob98:-8.574421,-3.674646,-13.1854,0,0,0,1,1,1,1
Blob10:0.5044937,2.313813,-10.80724,0,0,0,1,1,1,1
-8587877607927833671
-8587877607927553400
Blob48:-1.674412,3.55767,-11.97887,0,0,0,1,1,1,1
Blob98:-8.687669,-3.744974,-13.10413,0,0,0,1,1,1,1
Blob10:0.5044937,2.313813,-10.80724,0,0,0,1,1,1,1
-8587877607927283140
Blob48:-1.674412,3.55767,-11.97887,0,0,0,1,1,1,1
Blob98:-8.833448,-3.826603,-13.09652,0,0,0,1,1,1,1
Blob10:0.5044937,2.313813,-10.80724,0,0,0,1,1,1,1
-8587877607927002872
Blob48:-1.674412,3.55767,-11.97887,0,0,0,1,1,1,1
Blob98:-8.839776,-4.025847,-13.10504,0,0,0,1,1,1,1
Blob10:0.5044937,2.313813,-10.80724,0,0,0,1,1,1,1
-8587877607926842882
-8587877607926532584
Blob48:-1.674412,3.55767,-11.97887,0,0,0,1,1,1,1
Blob98:-9.20815,-4.720721,-12.75023,0,0,0,1,1,1,1
Blob10:0.5044937,2.313813,-10.80724,0,0,0,1,1,1,1
-8587877607926262327
Blob48:-1.674412,3.55767,-11.97887,0,0,0,1,1,1,1
Blob98:-8.913707,-4.296888,-13.20624,0,0,0,1,1,1,1
Blob10:0.5044937,2.313813,-10.80724,0,0,0,1,1,1,1
-8587877607925985612
Blob48:-1.674412,3.55767,-11.97887,0,0,0,1,1,1,1
Blob98:-8.665213,-5.262261,-13.28478,0,0,0,1,1,1,1
Blob10:0.5044937,2.313813,-10.80724,0,0,0,1,1,1,1
-8587877607925827050
Blob48:-1.674412,3.55767,-11.97887,0,0,0,1,1,1,1
Blob98:-9.362947,-5.037022,-12.75422,0,0,0,1,1,1,1
Blob10:0.5044937,2.313813,-10.80724,0,0,0,1,1,1,1
-8587877607925526755
-8587877607925066315
Blob48:-1.674412,3.55767,-11.97887,0,0,0,1,1,1,1
Blob98:-9.147632,-5.2343,-12.8617,0,0,0,1,1,1,1
Blob10:0.5044937,2.313813,-10.80724,0,0,0,1,1,1,1
-8587877607924625901
Blob48:-1.674412,3.55767,-11.97887,0,0,0,1,1,1,1
Blob98:-10.14939,-6.255552,-12.85161,0,0,0,1,1,1,1
Blob10:0.5044937,2.313813,-10.80724,0,0,0,1,1,1,1
-8587877607924315526
Blob48:-1.674412,3.55767,-11.97887,0,0,0,1,1,1,1
Blob98:-11.41129,2.946213,-13.75851,0,0,0,1,1,1,1
Blob10:0.5044937,2.313813,-10.80724,0,0,0,1,1,1,1
-8587877607924155093
Blob48:-1.674412,3.55767,-11.97887,0,0,0,1,1,1,1
Blob98:-11.68821,2.875967,-13.55208,0,0,0,1,1,1,1
Blob10:0.5044937,2.313813,-10.80724,0,0,0,1,1,1,1
-8587877607923864925
-8587877607923574529
Blob48:-1.674412,3.55767,-11.97887,0,0,0,1,1,1,1
Blob98:-11.67221,2.93259,-13.36305,0,0,0,1,1,1,1
Blob10:0.5044937,2.313813,-10.80724,0,0,0,1,1,1,1
-8587877607923294350
Blob48:-1.674412,3.55767,-11.97887,0,0,0,1,1,1,1
Blob98:-9.301841,0.6890355,-14.22822,0,0,0,1,1,1,1
Blob10:0.5044937,2.313813,-10.80724,0,0,0,1,1,1,1
-8587877607922994095
Blob48:-1.674412,3.55767,-11.97887,0,0,0,1,1,1,1
Blob98:-9.340299,0.63323,-14.22011,0,0,0,1,1,1,1
Blob10:0.5044937,2.313813,-10.80724,0,0,0,1,1,1,1
-8587877607922833936
Blob48:-1.674412,3.55767,-11.97887,0,0,0,1,1,1,1
Blob98:-9.384272,0.5835971,-14.23254,0,0,0,1,1,1,1
Blob10:0.5044937,2.313813,-10.80724,0,0,0,1,1,1,1
-8587877607922553578
-8587877607922263250
-8587877607921993135
-8587877607574466047
-8587877607082371684
-8587877607081490850
-8587877607081230595
-8587877607080990357
-8587877607080740124
-8587877607080579973
-8587877607080319708
-8587877607080029440
-8587877607079869174
-8587877607079609039
-8587877607079348779
-8587877607079188626
-8587877607078918374
-8587877607078678151
-8587877607078505280
-8587877607078255193
-8587877607077974796
-8587877607077714649
-8587877607077544514
-8587877607077234214
-8587877607076983976
-8587877607076713730
-8587877607076553579
-8587877607076283301
-8587877607076028146
-8587877607075863845
-8587877607075603685
-8587877607075353450
-8587877607075193829
-8587877607074891322
-8587877607074631069
-8587877607074380837
-8587877607074212722
-8587877607073438900
-8587877607073168643
-8587877607072908391
-8587877607072648141
-8587877607072377882
-8587877607072207640
-8587877607071957479
-8587877607071627165
-8587877607071346896
-8587877607071176732
-8587877607070896464
-8587877607070616195
-8587877607070325906
-8587877607070055652
-8587877607069895501
-8587877607069605220
-8587877607069344834
-8587877607069179812
-8587877607068899563
-8587877607068633597
-8587877607068373358
-8587877607068208440
-8587877607067938175
-8587877607067682846
