-8587877605606203163
Blob57:-1.970748,2.042592,-11.62056,0,0,0,1,1,1,1
Blob5:-0.6282523,1.833129,-13.47109,0,0,0,1,1,1,1
Blob97:0.1690283,2.612878,-10.63882,0,0,0,1,1,1,1
-8587877605603964238
-8587877605603573909
-8587877605603323626
-8587877605603152480
-8587877605602892345
-8587877605602636143
-8587877605602365878
-8587877605602206639
-8587877605601956258
-8587877605601676096
-8587877605601505739
-8587877605601245566
-8587877605600995328
-8587877605600825252
-8587877605600544871
-8587877605600094528
-8587877605599765125
-8587877605599504722
-8587877605599234580
-8587877605598984222
-8587877605598814093
-8587877605598553953
-8587877605598303698
-8587877605598053452
-8587877605597893212
-8587877605597633069
-8587877605597372817
-8587877605597212720
-8587877605596962334
-8587877605596712350
-8587877605596551692
-8587877605596311490
-8587877605596151387
-8587877605595901111
-8587877605595660886
-8587877605595490549
-8587877605595240309
-8587877605595009949
-8587877605594841591
-8587877605594600741
-8587877605594360388
-8587877605594190212
-8587877605593899933
-8587877605593529596
-8587877605593259431
-8587877605593029210
-8587877605592858819
-8587877605592628606
-8587877605592378279
-8587877605592219172
-8587877605591988836
-8587877605591824845
-8587877605591564580
-8587877605591194233
-8587877605590913925
-8587877605590673746
-8587877605590508257
-8587877605590268145
-8587877605590017905
-8587877605589862387
-8587877605589622157
-8587877605589381919
-8587877605589221701
-8587877605588991475
-8587877605588822543
-8587877605588582302
-8587877605588332659
-8587877605588168110
-8587877605587933217
-8587877605587682877
-8587877605587512734
-8587877605587272537
-8587877605587022305
-8587877605586852044
-8587877605586611803
-8587877605586371680
-8587877605586201504
-8587877605585961287
-8587877605585711034
-8587877605585551428
-8587877605585317621
-8587877605585148850
-8587877605584908740
-8587877605584658500
-8587877605584491311
-8587877605584241064
-8587877605584000833
-8587877605583840656
-8587877605583593737
-8587877605583353504
-8587877605583190826
-8587877605582940581
-8587877605582700309
-8587877605582531979
-8587877605582241708
-8587877605581896681
-8587877605581656459
-8587877605581486262
-8587877605581236122
-8587877605580975870
-8587877605580807882
-8587877605580557763
-8587877605580277489
-8587877605579997217
-8587877605579856568
-8587877605579606328
-8587877605579356096
-8587877605579194601
-8587877605578944455
-8587877605578694075
-8587877605578522647
-8587877605578276938
-8587877605578023216
-8587877605577853227
-8587877605577602989
-8587877605577352742
-8587877605577192665
-8587877605576942427
-8587877605576692175
-8587877605576522480
-8587877605576272240
-8587877605576011998
-8587877605575841827
-8587877605575591587
-8587877605575341354
-8587877605575171109
-8587877605574910939
-8587877605574660701
-8587877605574490592
-8587877605574244781
-8587877605573984534
-8587877605573784618
-8587877605573530072
-8587877605573291273
-8587877605573031092
-8587877605572869751
-8587877605572619603
-8587877605572369368
-8587877605572198006
-8587877605571957894
-8587877605571707654
-8587877605571539372
-8587877605571299254
-8587877605571051802
-8587877605570893497
-8587877605570643280
-8587877605570482852
-8587877605570222610
-8587877605569962353
-8587877605569692093
-8587877605569521838
-8587877605569281613
-8587877605569031367
-8587877605568860480
-8587877605568610242
-8587877605568349985
-8587877605568183953
-8587877605567933708
-8587877605567643340
-8587877605567503306
-8587877605567263080
-8587877605567012840
-8587877605566842877
-8587877605566592634
-8587877605566342399
-8587877605566172116
-8587877605565919464
-8587877605565649369
-8587877605565482131
-8587877605565213390
-8587877605564962940
-8587877605564712649
-8587877605564542539
-8587877605564292353
-8587877605564032157
-8587877605563871996
-8587877605563611764
-8587877605563351507
-8587877605563181295
-8587877605562941070
-8587877605562670798
-8587877605562510790
-8587877605562250535
-8587877605561998785
-8587877605561834187
-8587877605561563933
-8587877605561273649
-8587877605561023419
-8587877605560855168
-8587877605560604923
-8587877605560341212
-8587877605560170808
-8587877605559920573
-8587877605559670300
-8587877605559500262
-8587877605559230000
-8587877605558979853
-8587877605558729523
-8587877605558566563
-8587877605558327736
-8587877605558154974
-8587877605557894827
-8587877605557648030
-8587877605557479623
-8587877605557219486
-8587877605556959239
-8587877605556708999
-8587877605556548003
-8587877605556297783
-8587877605556054227
-8587877605555884121
-8587877605555633668
-8587877605555373639
-8587877605555207889
-8587877605554927530
-8587877605554658763
-8587877605554490185
-8587877605554219928
-8587877605553969683
-8587877605553719435
-8587877605553558163
-8587877605553297821
-8587877605553047668
-8587877605552887425
-8587877605552617265
-8587877605552357008
-8587877605552186845
-8587877605551926595
-8587877605551676360
-8587877605551508475
-8587877605551258327
-8587877605551006498
-8587877605550840827
-8587877605550580675
-8587877605550320284
-8587877605550160005
-8587877605549899692
-8587877605549655956
-8587877605549487954
-8587877605549220677
-8587877605548960478
-8587877605548660362
-8587877605548525104
-8587877605548264857
-8587877605548014612
-8587877605547854371
-8587877605547604121
-8587877605547343874
-8587877605547173255
-8587877605546923020
-8587877605546662768
-8587877605546502409
-8587877605546252190
-8587877605545996318
-8587877605545825402
-8587877605545555145
-8587877605545304851
-8587877605545054660
-8587877605544885405
-8587877605544639940
-8587877605544369706
-8587877605544178617
-8587877605543718199
-8587877605543417908
-8587877605543167673
-8587877605542917433
-8587877605542655256
-8587877605542497196
-8587877605542219969
-8587877605541929693
-8587877605541669346
-8587877605541509287
-8587877605541249037
-8587877605540998800
-8587877605540828516
-8587877605540568384
-8587877605540328156
-8587877605540162268
-8587877605539892019
-8587877605539641777
-8587877605539389212
-8587877605539225766
-8587877605538975552
-8587877605538725391
-8587877605538564866
-8587877605538314621
-8587877605538044272
-8587877605537884912
-8587877605537634774
-8587877605537374532
-8587877605537214440
-8587877605536954183
-8587877605536703953
-8587877605536535359
-8587877605536285127
-8587877605536014870
-8587877605535855354
-8587877605535565063
-8587877605535314830
-8587877605535154275
-8587877605534899196
-8587877605534598852
-8587877605534337727
-8587877605534175853
-8587877605533915603
-8587877605533655351
-8587877605533495067
-8587877605533234825
-8587877605532974570
-8587877605532721921
-8587877605532551811
-8587877605532308908
-8587877605532058829
-8587877605531895425
-8587877605531645302
-8587877605531394993
-8587877605531225480
-8587877605530965302
-8587877605530715054
-8587877605530544955
-8587877605530264678
-8587877605530004436
-8587877605529834273
-8587877605529584036
-8587877605529303759
-8587877605529053529
-8587877605528890552
-8587877605528650194
-8587877605528480012
-8587877605528213911
-8587877605527964093
-8587877605527706710
-8587877605527543846
-8587877605527293473
-8587877605527023352
-8587877605526863446
-8587877605526613204
-8587877605526362961
-8587877605526193504
-8587877605525937143
-8587877605525676894
-8587877605525516643
-8587877605525226223
-8587877605524835990
-8587877605524555731
-8587877605524295476
-8587877605524035232
-8587877605523865002
-8587877605523624856
-8587877605523364611
-8587877605523199379
-8587877605522959246
-8587877605522688917
-8587877605522548696
-8587877605522298566
-8587877605522038316
-8587877605521867492
-8587877605521617375
-8587877605521367135
-8587877605521195162
-8587877605520954908
-8587877605520694797
-8587877605520528231
-8587877605520278134
-8587877605520027889
-8587877605519857275
-8587877605519596971
-8587877605519206638
-8587877605518906465
-8587877605518626217
-8587877605518365970
-8587877605518195804
-8587877605517955576
-8587877605517685314
-8587877605517535170
-8587877605517274913
-8587877605517014512
-8587877605516854156
-8587877605516613933
-8587877605516336619
-8587877605516196369
-8587877605515953568
-8587877605515693367
-8587877605515525447
-8587877605515275201
-8587877605515025033
-8587877605514854908
-8587877605514614660
-8587877605514359912
-8587877605514194827
-8587877605513954646
-8587877605513694334
-8587877605513524376
-8587877605513284145
-8587877605513033803
-8587877605512873726
-8587877605512633736
-8587877605512383435
-8587877605512213960
-8587877605511964263
-8587877605511724035
-8587877605511563526
-8587877605511316442
-8587877605511153526
-8587877605510903227
-8587877605510633045
-8587877605510393086
-8587877605510196629
-8587877605509956370
-8587877605509696261
-8587877605509526961
-8587877605509286830
-8587877605509026575
-8587877605508866288
-8587877605508615913
-8587877605508355799
-8587877605508192194
-8587877605507952010
-8587877605507692029
-8587877605507521871
-8587877605507271633
-8587877605507031313
-8587877605506861245
-8587877605506621014
-8587877605506370772
-8587877605506210618
-8587877605505960380
-8587877605505710135
-8587877605505541654
-8587877605505301413
-8587877605505061065
-8587877605504899642
-8587877605504659531
-8587877605504489803
-8587877605504149469
-8587877605503718995
-8587877605503470375
-8587877605503221922
-8587877605502971759
-8587877605502731664
-8587877605502571482
-8587877605502331257
-8587877605502161921
-8587877605501911688
-8587877605501658696
-8587877605501488430
-8587877605501233037
-8587877605500992804
-8587877605500822467
-8587877605500571136
-8587877605500320899
-8587877605500155369
-8587877605499905116
-8587877605499654884
-8587877605499487639
-8587877605499227389
-8587877605498827013
-8587877605498551431
-8587877605498301191
-8587877605498060879
-8587877605497890879
-8587877605497650196
-8587877605497449991
-8587877605497209622
-8587877605496969530
-8587877605496719293
-8587877605496551246
-8587877605496321031
-8587877605496158701
-8587877605495878425
-8587877605495518079
-8587877605495247827
-8587877605494997582
-8587877605494827424
-8587877605494567169
-8587877605494316929
-8587877605494146507
-8587877605493896275
-8587877605493646027
-8587877605493475393
-8587877605493235160
-8587877605492984928
-8587877605492734685
-8587877605492566910
-8587877605492328674
-8587877605492162619
-8587877605491922386
-8587877605491672146
-8587877605491509924
-8587877605491269699
-8587877605490969186
-8587877605490719079
-8587877605490548598
-8587877605490298455
-8587877605490058222
-8587877605489888246
-8587877605489638003
-8587877605489479096
-8587877605489228856
-8587877605488978593
-8587877605488822026
-8587877605488571794
-8587877605488331558
-8587877605488171625
-8587877605487931527
-8587877605487681287
-8587877605487517068
-8587877605487276858
-8587877605487036579
-8587877605486866516
-8587877605486622220
-8587877605486371985
-8587877605486211598
-8587877605485961443
-8587877605485691189
-8587877605485530782
-8587877605485290549
-8587877605485040309
-8587877605484842615
-8587877605484592536
-8587877605484332284
-8587877605484172130
-8587877605483921893
-8587877605483681662
-8587877605483511499
-8587877605483271261
-8587877605483031033
-8587877605482860967
-8587877605482630741
-8587877605482390503
-8587877605482220071
-8587877605481859656
-8587877605481599432
-8587877605481349259
-8587877605481178978
-8587877605480939331
-8587877605480699103
-8587877605480528520
-8587877605480288287
-8587877605480028042
-8587877605479853315
-8587877605479602993
-8587877605479362844
-8587877605479194877
-8587877605478944632
-8587877605478654013
-8587877605478523939
-8587877605478273612
-8587877605478023464
-8587877605477856821
-8587877605477596579
-8587877605477346337
-8587877605477175556
-8587877605476935426
-8587877605476685047
-8587877605476524909
-8587877605476284681
-8587877605476004384
-8587877605475833266
-8587877605475442894
-8587877605475193650
-8587877605474953448
-8587877605474703318
-8587877605474533229
-8587877605474292991
-8587877605474052760
-8587877605473892266
-8587877605473646171
-8587877605473482817
-8587877605473232462
-8587877605472992231
-8587877605472822063
-8587877605472571830
-8587877605472291508
-8587877605472031312
-8587877605471871158
-8587877605471630928
-8587877605471380683
-8587877605471222600
-8587877605470992384
-8587877605470822677
-8587877605470565896
-8587877605470315656
-8587877605470152338
-8587877605469902103
-8587877605469661878
-8587877605469500475
-8587877605469240356
-8587877605468999982
-8587877605468829883
-8587877605468589655
-8587877605468349424
-8587877605468178739
-8587877605467938516
-8587877605467698286
-8587877605467527370
-8587877605467287149
-8587877605467026887
-8587877605466866590
-8587877605466616347
-8587877605466366107
-8587877605466174875
-8587877605465924584
-8587877605465674505
-8587877605465510066
-8587877605465269823
-8587877605465019685
-8587877605464851885
-8587877605464601739
-8587877605464361512
-8587877605464183919
-8587877605463943694
-8587877605463693456
-8587877605463533216
-8587877605463282983
-8587877605463032736
-8587877605462862690
-8587877605462612314
-8587877605462362212
-8587877605462191980
-8587877605461921703
-8587877605461561380
-8587877605461291116
-8587877605461030874
-8587877605460870718
-8587877605460620483
-8587877605460370245
-8587877605460200069
-8587877605459929823
-8587877605459679578
-8587877605459518305
-8587877605459268042
-8587877605459027791
-8587877605458867681
-8587877605458605074
-8587877605458364884
-8587877605458195351
-8587877605457955130
-8587877605457714897
-8587877605457541875
-8587877605457301639
-8587877605457061414
-8587877605456901613
-8587877605456661383
-8587877605456491593
-8587877605456243527
-8587877605455990814
-8587877605455829201
-8587877605455468963
-8587877605455198711
-8587877605454958483
-8587877605454718250
-8587877605454558099
-8587877605454307856
-8587877605454067629
-8587877605453898000
-8587877605453617742
-8587877605453367404
-8587877605453197495
-8587877605452947252
-8587877605452697020
-8587877605452530210
-8587877605452269960
-8587877605452029732
-8587877605451859733
-8587877605451614511
-8587877605451364268
-8587877605451196780
-8587877605450946540
-8587877605450696310
-8587877605450528471
-8587877605450278213
-8587877605450028106
-8587877605449857948
-8587877605449607557
-8587877605449357320
-8587877605449187302
-8587877605448946972
-8587877605448696688
-8587877605448526625
-8587877605448286384
-8587877605448036144
-8587877605447870031
-8587877605447633697
-8587877605447363591
-8587877605447229048
-8587877605446992045
-8587877605446831989
-8587877605446581754
-8587877605446341524
-8587877605446181255
-8587877605445931012
-8587877605445680777
-8587877605445512350
-8587877605445262104
-8587877605445011872
-8587877605444849102
-8587877605444608877
-8587877605444358629
-8587877605444198358
-8587877605443948207
-8587877605443697972
-8587877605443528385
-8587877605443278145
-8587877605442987846
-8587877605442822076
-8587877605442431719
-8587877605442161465
-8587877605441911225
-8587877605441660987
-8587877605441500672
-8587877605441220501
-8587877605440970245
-8587877605440730033
-8587877605440567447
-8587877605440327306
-8587877605440157046
-8587877605439906803
-8587877605439666580
-8587877605439495746
-8587877605439235504
-8587877605438998784
-8587877605438826037
-8587877605438565798
-8587877605438315548
-8587877605438145385
-8587877605437895042
-8587877605437644917
-8587877605437484751
-8587877605437234523
-8587877605436974266
-8587877605436734043
-8587877605436573780
-8587877605436333559
-8587877605436163314
-8587877605435913084
-8587877605435662816
-8587877605435502509
-8587877605435232237
-8587877605434821851
-8587877605434561601
-8587877605434321373
-8587877605434151105
-8587877605433900868
-8587877605433660637
-8587877605433492760
-8587877605433242451
-8587877605432992277
-8587877605432823842
-8587877605432583606
-8587877605432323349
-8587877605432164757
-8587877605431904507
-8587877605431664395
-8587877605431494301
-8587877605431243618
-8587877605430999665
-8587877605430832369
-8587877605430581998
-8587877605430331894
-8587877605430171551
-8587877605429921382
-8587877605429681147
-8587877605429510781
-8587877605429240502
-8587877605428846925
-8587877605428556608
-8587877605428245885
-8587877605427953269
-8587877605427682961
-8587877605427522529
-8587877605427242260
-8587877605426971985
-8587877605426691737
-8587877605426521574
-8587877605426231295
-8587877605425931007
-8587877605425657599
-8587877605425500003
-8587877605425219736
-8587877605424939470
-8587877605424659201
-8587877605424492330
-8587877605424214304
-8587877605423913995
-8587877605423643780
-8587877605423473601
-8587877605423203306
-8587877605422914778
-8587877605422634604
-8587877605422354335
-8587877605422186486
-8587877605421916347
-8587877605421626069
-8587877605421295557
-8587877605421025493
-8587877605420861497
-8587877605420574572
-8587877605420304361
-8587877605420024192
-8587877605419863875
-8587877605419593610
-8587877605419293320
-8587877605419023070
-8587877605418862848
-8587877605418602670
-8587877605418322409
-8587877605418158323
-8587877605417877962
-8587877605417597780
-8587877605417327521
-8587877605417157342
-8587877605416877078
-8587877605416606819
-8587877605416336560
-8587877605416172436
-8587877605415902176
-8587877605415611992
-8587877605415331729
-8587877605415151438
-8587877605414861275
-8587877605414580898
-8587877605414270713
-8587877605414000452
-8587877605413840293
-8587877605413560027
-8587877605413289762
-8587877605412999489
-8587877605412830252
-8587877605412559996
-8587877605412279724
-8587877605412001473
-8587877605411830552
-8587877605411560295
-8587877605411280034
-8587877605410996744
-8587877605410830060
-8587877605410559785
-8587877605410269530
-8587877605409999273
-8587877605409829169
-8587877605409558917
-8587877605409278646
-8587877605408998881
-8587877605408833799
-8587877605408513467
-8587877605408032919
-8587877605407742763
-8587877605407465226
-8587877605407169986
-8587877605406879521
-8587877605406589406
-8587877605406329156
-8587877605406165142
-8587877605405884868
-8587877605405604602
-8587877605405334343
-8587877605405164218
-8587877605404893948
-8587877605404613682
-8587877605404293377
-8587877605404003094
-8587877605403832941
-8587877605403552672
-8587877605403282407
-8587877605403002110
-8587877605402831980
-8587877605402561713
-8587877605402281455
-8587877605401951115
-8587877605401610783
-8587877605401290481
-8587877605400940155
-8587877605400609828
-8587877605400279519
-8587877605399899167
-8587877605399578852
-8587877605399218516
-8587877605398908219
-8587877605398567882
-8587877605398227558
-8587877605397887239
-8587877605397566922
-8587877605397236612
-8587877605396916297
-8587877605396605987
-8587877605396285682
-8587877605395945361
-8587877605395585018
-8587877605395264549
-8587877605394954400
-8587877605394604079
-8587877605394283757
-8587877605393953442
-8587877605393603116
-8587877605393232764
-8587877605392912464
-8587877605392572130
-8587877605392241821
-8587877605391921506
-8587877605391601201
-8587877605391260867
-8587877605390930558
-8587877605390610089
-8587877605390249912
-8587877605389919588
-8587877605389579261
Blob57:-1.970748,2.042592,-11.62056,0,0,0,1,1,1,1
Blob5:-0.6311312,1.800742,-13.51424,0,0,0,1,1,1,1
Blob97:0.1690283,2.612878,-10.63882,0,0,0,1,1,1,1
-8587877605389218780
Blob57:-1.970748,2.042592,-11.62056,0,0,0,1,1,1,1
Blob5:-0.6523184,1.775242,-13.52788,0,0,0,1,1,1,1
Blob97:0.1690283,2.612878,-10.63882,0,0,0,1,1,1,1
-8587877605388878451
Blob57:-1.970748,2.042592,-11.62056,0,0,0,1,1,1,1
Blob5:-0.6838548,1.7551,-13.5323,0,0,0,1,1,1,1
Blob97:0.1690283,2.612878,-10.63882,0,0,0,1,1,1,1
-8587877605388568158
Blob57:-1.970748,2.042592,-11.62056,0,0,0,1,1,1,1
Blob5:-0.7031204,1.744197,-13.55284,0,0,0,1,1,1,1
Blob97:0.1690283,2.612878,-10.63882,0,0,0,1,1,1,1
-8587877605388247851
Blob57:-1.970748,2.042592,-11.62056,0,0,0,1,1,1,1
Blob5:-0.7047905,1.741493,-13.56783,0,0,0,1,1,1,1
Blob97:0.1690283,2.612878,-10.63882,0,0,0,1,1,1,1
-8587877605387917534
Blob57:-1.970748,2.042592,-11.62056,0,0,0,1,1,1,1
Blob5:-0.7053307,1.748494,-13.57124,0,0,0,1,1,1,1
Blob97:0.1690283,2.612878,-10.63882,0,0,0,1,1,1,1
-8587877605387597227
Blob57:-1.970748,2.042592,-11.62056,0,0,0,1,1,1,1
Blob5:-0.6998616,1.758681,-13.57657,0,0,0,1,1,1,1
Blob97:0.1690283,2.612878,-10.63882,0,0,0,1,1,1,1
-8587877605387286927
Blob57:-1.970748,2.042592,-11.62056,0,0,0,1,1,1,1
Blob5:-0.7014338,1.762429,-13.56924,0,0,0,1,1,1,1
Blob97:0.1690283,2.612878,-10.63882,0,0,0,1,1,1,1
-8587877605386916451
Blob57:-1.970748,2.042592,-11.62056,0,0,0,1,1,1,1
Blob5:-0.7010612,1.762341,-13.57042,0,0,0,1,1,1,1
Blob97:0.1690283,2.612878,-10.63882,0,0,0,1,1,1,1
-8587877605386606271
Blob57:-1.970748,2.042592,-11.62056,0,0,0,1,1,1,1
Blob5:-0.7010173,1.751503,-13.57016,0,0,0,1,1,1,1
Blob97:0.1690283,2.612878,-10.63882,0,0,0,1,1,1,1
-8587877605386275801
Blob57:-1.970748,2.042592,-11.62056,0,0,0,1,1,1,1
Blob5:-0.7028374,1.734065,-13.574,0,0,0,1,1,1,1
Blob97:0.1690283,2.612878,-10.63882,0,0,0,1,1,1,1
-8587877605385955650
Blob57:-1.970748,2.042592,-11.62056,0,0,0,1,1,1,1
Blob5:-0.7078443,1.730126,-13.59635,0,0,0,1,1,1,1
Blob97:0.1690283,2.612878,-10.63882,0,0,0,1,1,1,1
-8587877605385605193
Blob57:-1.970748,2.042592,-11.62056,0,0,0,1,1,1,1
Blob5:-0.7068473,1.727492,-13.60041,0,0,0,1,1,1,1
Blob97:0.1690283,2.612878,-10.63882,0,0,0,1,1,1,1
-8587877605385285006
Blob57:-1.970748,2.042592,-11.62056,0,0,0,1,1,1,1
Blob5:-0.6998942,1.726334,-13.60731,0,0,0,1,1,1,1
Blob97:0.1690283,2.612878,-10.63882,0,0,0,1,1,1,1
-8587877605384944682
Blob57:-1.970748,2.042592,-11.62056,0,0,0,1,1,1,1
Blob5:-0.69735,1.724237,-13.60581,0,0,0,1,1,1,1
Blob97:0.1690283,2.612878,-10.63882,0,0,0,1,1,1,1
-8587877605384574327
Blob57:-1.970748,2.042592,-11.62056,0,0,0,1,1,1,1
Blob5:-0.6886714,1.726124,-13.61866,0,0,0,1,1,1,1
Blob97:0.1690283,2.612878,-10.63882,0,0,0,1,1,1,1
-8587877605384243849
Blob57:-1.970748,2.042592,-11.62056,0,0,0,1,1,1,1
Blob5:-0.6880956,1.723295,-13.62776,0,0,0,1,1,1,1
Blob97:0.1690283,2.612878,-10.63882,0,0,0,1,1,1,1
-8587877605383933705
Blob57:-1.970748,2.042592,-11.62056,0,0,0,1,1,1,1
Blob5:-0.6843786,1.728544,-13.62416,0,0,0,1,1,1,1
Blob97:0.1690283,2.612878,-10.63882,0,0,0,1,1,1,1
-8587877605383603301
Blob57:-1.970748,2.042592,-11.62056,0,0,0,1,1,1,1
Blob5:-0.6766327,1.727659,-13.63139,0,0,0,1,1,1,1
Blob97:0.1690283,2.612878,-10.63882,0,0,0,1,1,1,1
-8587877605383283078
Blob57:-1.970748,2.042592,-11.62056,0,0,0,1,1,1,1
Blob5:-0.6771483,1.731511,-13.63033,0,0,0,1,1,1,1
Blob97:0.1690283,2.612878,-10.63882,0,0,0,1,1,1,1
-8587877605382952766
Blob57:-1.970748,2.042592,-11.62056,0,0,0,1,1,1,1
Blob5:-0.6764538,1.732251,-13.63383,0,0,0,1,1,1,1
Blob97:0.1690283,2.612878,-10.63882,0,0,0,1,1,1,1
-8587877605382602376
Blob57:-1.970748,2.042592,-11.62056,0,0,0,1,1,1,1
Blob5:-0.6754506,1.732917,-13.64308,0,0,0,1,1,1,1
Blob97:0.1690283,2.612878,-10.63882,0,0,0,1,1,1,1
-8587877605382242043
Blob57:-1.970748,2.042592,-11.62056,0,0,0,1,1,1,1
Blob5:-0.6705024,1.731501,-13.63355,0,0,0,1,1,1,1
Blob97:0.1690283,2.612878,-10.63882,0,0,0,1,1,1,1
-8587877605381911727
Blob57:-1.970748,2.042592,-11.62056,0,0,0,1,1,1,1
Blob5:-0.6663086,1.73672,-13.63316,0,0,0,1,1,1,1
Blob97:0.1690283,2.612878,-10.63882,0,0,0,1,1,1,1
-8587877605381600372
Blob57:-1.970748,2.042592,-11.62056,0,0,0,1,1,1,1
Blob5:-0.6506321,1.739643,-13.62829,0,0,0,1,1,1,1
Blob97:0.1690283,2.612878,-10.63882,0,0,0,1,1,1,1
-8587877605381280067
Blob57:-1.970748,2.042592,-11.62056,0,0,0,1,1,1,1
Blob5:-0.642508,1.759249,-13.62424,0,0,0,1,1,1,1
Blob97:0.1690283,2.612878,-10.63882,0,0,0,1,1,1,1
-8587877605380919724
Blob57:-1.970748,2.042592,-11.62056,0,0,0,1,1,1,1
Blob5:-0.6406551,1.796365,-13.64152,0,0,0,1,1,1,1
Blob97:0.1690283,2.612878,-10.63882,0,0,0,1,1,1,1
-8587877605380599411
Blob57:-1.970748,2.042592,-11.62056,0,0,0,1,1,1,1
Blob5:-0.6487209,1.879762,-13.63525,0,0,0,1,1,1,1
Blob97:0.1690283,2.612878,-10.63882,0,0,0,1,1,1,1
-8587877605380259087
Blob57:-1.970748,2.042592,-11.62056,0,0,0,1,1,1,1
Blob5:-0.6658549,1.984668,-13.57871,0,0,0,1,1,1,1
Blob97:0.1690283,2.612878,-10.63882,0,0,0,1,1,1,1
-8587877605379938778
Blob57:-1.970748,2.042592,-11.62056,0,0,0,1,1,1,1
Blob5:-0.6568902,2.032986,-13.48554,0,0,0,1,1,1,1
Blob97:0.1690283,2.612878,-10.63882,0,0,0,1,1,1,1
-8587877605379608458
-8587877605379279785
-8587877605378909345
-8587877605378579008
-8587877605378227161
-8587877605377906754
-8587877605377576419
-8587877605377246059
-8587877605376915785
-8587877605376595578
-8587877605376275125
-8587877605375914782
-8587877605375604640
-8587877605375284166
-8587877605374954003
-8587877605374613508
-8587877605374283360
-8587877605373952974
-8587877605373562681
-8587877605373242374
-8587877605372922069
-8587877605372601762
-8587877605372281457
-8587877605371920978
-8587877605371600756
-8587877605371240459
-8587877605370909983
-8587877605370579666
-8587877605370249505
-8587877605369919188
-8587877605369598881
-8587877605369248548
-8587877605368948229
-8587877605368607931
-8587877605368287618
-8587877605367947297
-8587877605367606968
-8587877605367276495
-8587877605366926159
-8587877605366607925
-8587877605366277616
-8587877605365947109
-8587877605365596804
-8587877605365286645
-8587877605364946321
-8587877605364555956
-8587877605364245531
-8587877605363915193
-8587877605363605024
-8587877605363284742
-8587877605362954415
-8587877605362584077
-8587877605362213674
-8587877605361893359
-8587877605361572962
-8587877605361242745
-8587877605360912425
-8587877605360602125
-8587877605360231736
-8587877605359911386
-8587877605359601203
-8587877605359280742
-8587877605358950413
-8587877605358600222
-8587877605358279861
-8587877605357909601
-8587877605357579281
-8587877605357248811
-8587877605356918537
-8587877605356608335
-8587877605356288022
-8587877605355947706
-8587877605355557339
-8587877605355236924
-8587877605354916579
-8587877605354606432
-8587877605354286107
-8587877605353945796
-8587877605353575353
-8587877605353225109
-8587877605352904666
-8587877605352574349
-8587877605352244030
-8587877605351933730
-8587877605351613551
-8587877605351283246
-8587877605350902746
-8587877605350582462
-8587877605350242110
-8587877605349911772
-8587877605349591621
-8587877605349280663
-8587877605348950351
-8587877605348559260
-8587877605348238855
-8587877605347908633
-8587877605347598330
-8587877605347277862
-8587877605346957685
-8587877605346607385
-8587877605346247042
-8587877605345936741
-8587877605345606424
-8587877605345286115
-8587877605344945788
-8587877605344605449
-8587877605344255031
-8587877605343894624
-8587877605343574475
-8587877605343254165
-8587877605342938410
-8587877605342607937
-8587877605342287788
-8587877605341897030
-8587877605341576820
-8587877605341246341
-8587877605340916025
-8587877605340605888
-8587877605340285576
-8587877605339915064
-8587877605339604925
-8587877605339284610
-8587877605338944125
-8587877605338603965
-8587877605338283658
-8587877605337903201
-8587877605337582988
-8587877605337242659
-8587877605336922234
-8587877605336612054
-8587877605336281737
-8587877605335951420
-8587877605335581050
-8587877605335200703
-8587877605334880396
-8587877605334560091
-8587877605334249785
-8587877605333909321
-8587877605333569138
-8587877605333248669
-8587877605332918398
-8587877605332608211
-8587877605332287901
-8587877605331947579
-8587877605331607250
-8587877605331256799
-8587877605330936451
-8587877605330606295
-8587877605330285983
-8587877605329955666
-8587877605329605335
-8587877605329285025
-8587877605328904663
-8587877605328574346
-8587877605328243865
-8587877605327913551
-8587877605327603399
-8587877605327283105
-8587877605326912593
-8587877605326602452
-8587877605326282144
-8587877605325921791
-8587877605325601417
-8587877605325281166
-8587877605324950849
-8587877605324570413
-8587877605324220031
-8587877605323889734
-8587877605323569545
-8587877605323239228
-8587877605322928930
-8587877605322558477
-8587877605322248277
-8587877605321917794
-8587877605321607599
-8587877605321287350
-8587877605320947024
-8587877605320616671
-8587877605320246259
-8587877605319916040
-8587877605319585564
-8587877605319275420
-8587877605318955115
-8587877605318614786
-8587877605318244344
-8587877605317934136
-8587877605317613816
-8587877605317283514
-8587877605316913000
-8587877605316602856
-8587877605316242354
-8587877605315812105
-8587877605315471768
-8587877605315150020
-8587877605314819700
-8587877605314479377
-8587877605314129197
-8587877605313818904
-8587877605313498438
-8587877605313178187
-8587877605312867848
-8587877605312557694
-8587877605312237223
-8587877605311917062
-8587877605311586745
-8587877605311226404
-8587877605310915958
