-8587877662016943437
Blob60:0.9787258,3.196714,-12.23224,0,0,0,1,1,1,1
Blob32:-1.748278,2.180758,-10.27062,0,0,0,1,1,1,1
Blob65:-1.736173,2.633051,-13.12889,0,0,0,1,1,1,1
-8587877662014701281
-8587877662014323753
-8587877662014063505
-8587877662013901050
-8587877662013640911
-8587877662013370562
-8587877662013209604
-8587877662012956495
-8587877662012696247
-8587877662012526133
-8587877662012265883
-8587877662012005552
-8587877662011839730
-8587877662011579480
-8587877662011319228
-8587877662011068991
-8587877662010899885
-8587877662010649640
-8587877662010389459
-8587877662010217040
-8587877662009966811
-8587877662009706553
-8587877662009536646
-8587877662009286460
-8587877662009036271
-8587877662008865020
-8587877662008603157
-8587877662008342910
-8587877662008174206
-8587877662007913956
-8587877662007653704
-8587877662007403467
-8587877662007232942
-8587877662006986944
-8587877662006746811
-8587877662006582590
-8587877662006336271
-8587877662006172885
-8587877662005922734
-8587877662005682506
-8587877662005522355
-8587877662005272112
-8587877662005021872
-8587877662004851499
-8587877662004591459
-8587877662004331210
-8587877662004160911
-8587877662003910625
-8587877662003660513
-8587877662003420282
-8587877662003249786
-8587877662003009556
-8587877662002839410
-8587877662002590745
-8587877662002320462
-8587877662001980154
-8587877662001709992
-8587877662001539726
-8587877662001299496
-8587877662001049261
-8587877662000888677
-8587877662000638417
-8587877662000388304
-8587877662000219808
-8587877661999949444
-8587877661999569179
-8587877661999308934
-8587877661999048692
-8587877661998881951
-8587877661998637733
-8587877661998387615
-8587877661998219933
-8587877661997969713
-8587877661997719568
-8587877661997551972
-8587877661997311755
-8587877661997071506
-8587877661996906071
-8587877661996665782
-8587877661996415542
-8587877661996254436
-8587877661996014200
-8587877661995848266
-8587877661995601912
-8587877661995342648
-8587877661995180454
-8587877661994930209
-8587877661994649938
-8587877661994389693
-8587877661994229542
-8587877661993969285
-8587877661993719052
-8587877661993548889
-8587877661993036354
-8587877661980779078
-8587877661980468712
-8587877661980206183
-8587877661979955941
-8587877661979555554
-8587877661979305230
-8587877661979064943
-8587877661978895061
-8587877661978624794
-8587877661978344525
-8587877661978175501
-8587877661977881329
-8587877661977601035
-8587877661977330903
-8587877661977162384
-8587877661976882120
-8587877661976612216
-8587877661976311921
-8587877661976052273
-8587877661975879176
-8587877661975608921
-8587877661975328655
-8587877661975050921
-8587877661974889984
-8587877661974609574
-8587877661974313799
-8587877661973987737
-8587877661973833246
-8587877661973557319
-8587877661973266900
-8587877661972996781
-8587877661972726507
-8587877661972563040
-8587877661972282864
-8587877661971966949
-8587877661971686527
-8587877661971516399
-8587877661971226067
-8587877661970955811
-8587877661970685538
-8587877661970522561
-8587877661970242290
-8587877661969943100
-8587877661969662979
-8587877661969502734
-8587877661969214432
-8587877661968944193
-8587877661968647371
-8587877661968357095
-8587877661968186988
-8587877661967916729
-8587877661967622482
-8587877661967344264
-8587877661967183867
-8587877661966903598
-8587877661966623258
-8587877661966353065
-8587877661966182715
-8587877661965912461
-8587877661965622177
-8587877661965344089
-8587877661965153961
-8587877661964843535
-8587877661964413248
-8587877661964127321
-8587877661963847050
-8587877661963566783
-8587877661963236443
-8587877661962796047
-8587877661962508930
-8587877661962218651
-8587877661961948341
-8587877661961658067
-8587877661961495868
-8587877661961215605
-8587877661960945343
-8587877661960665069
-8587877661960494885
-8587877661960214649
-8587877661959944316
-8587877661959674026
-8587877661959503909
-8587877661959223645
-8587877661958943376
-8587877661958653100
-8587877661958382836
-8587877661958217537
-8587877661957957269
-8587877661957646969
-8587877661957386834
-8587877661957216564
-8587877661956946312
-8587877661956670774
-8587877661956512871
-8587877661956222551
-8587877661955952292
-8587877661955672084
-8587877661955510149
-8587877661955229885
-8587877661954947294
-8587877661954667028
-8587877661954503242
-8587877661954223065
-8587877661953952808
-8587877661953632501
-8587877661953312194
-8587877661953021081
-8587877661952850498
-8587877661952460205
-8587877661951879385
-8587877661927912809
-8587877661927542257
-8587877661927221942
-8587877661926901645
-8587877661926570778
-8587877661926220539
-8587877661925900227
-8587877661925579924
-8587877661925239593
-8587877661924879247
-8587877661924548930
-8587877661924198594
-8587877661923858260
-8587877661923537958
-8587877661923187614
-8587877661922847293
-8587877661922504619
-8587877661922134291
-8587877661921800460
-8587877661921449896
-8587877661921129688
-8587877661920799215
-8587877661920478905
-8587877661920118166
-8587877661919788389
-8587877661919448026
-8587877661919107749
-8587877661918767256
-8587877661918437057
-8587877661918096587
-8587877661917776303
-8587877661917426084
-8587877661917095767
-8587877661916755443
-8587877661916384986
-8587877661916014633
-8587877661915674404
-8587877661915324068
-8587877661914973634
-8587877661914603235
-8587877661914252925
-8587877661913902704
-8587877661913582302
-8587877661913242070
-8587877661912911656
-8587877661912581426
-8587877661912260907
-8587877661911930807
-8587877661911510284
-8587877661911139931
-8587877661910769596
-8587877661910449394
-8587877661910128946
-8587877661909818643
-8587877661909478460
-8587877661909158155
-8587877661908847857
-8587877661908527548
-8587877661908207243
-8587877661907896945
-8587877661907576638
-8587877661907236163
-8587877661906926014
-8587877661906605699
-8587877661906275382
-8587877661905964744
-8587877661905634442
-8587877661905304089
-8587877661904953781
-8587877661904633479
-8587877661904313095
-8587877661904002874
-8587877661903842582
-8587877661903552301
-8587877661903281927
-8587877661902981705
-8587877661902721456
-8587877661902528096
-8587877661902239431
-8587877661901959146
-8587877661901688900
-8587877661901518942
-8587877661901228637
-8587877661900810187
-8587877661900529929
-8587877661900247871
-8587877661899967602
-8587877661899677333
-8587877661899512377
-8587877661899241969
-8587877661898971879
-8587877661898666074
-8587877661898497949
-8587877661898227677
-8587877661897947357
-8587877661897667239
-8587877661897507364
-8587877661897237097
-8587877661896956826
-8587877661896673137
-8587877661896502513
-8587877661896232256
-8587877661895950725
-8587877661895670584
-8587877661895480412
-8587877661895209991
-8587877661894929884
-8587877661894639472
-8587877661894359050
-8587877661894195678
-8587877661893925422
-8587877661893655160
-8587877661893394913
-8587877661893224370
-8587877661892964126
-8587877661892683855
-8587877661892523383
-8587877661892243097
-8587877661891962974
-8587877661891682597
-8587877661891522152
-8587877661891241845
-8587877661890971624
-8587877661890681171
-8587877661890513842
-8587877661890243703
-8587877661889973444
-8587877661889683163
-8587877661889522878
-8587877661889252622
-8587877661888982239
-8587877661888712093
-8587877661888551949
-8587877661888261668
-8587877661887981371
-8587877661887710933
-8587877661887550365
-8587877661887269998
-8587877661886979722
-8587877661886719424
-8587877661886559376
-8587877661886289111
-8587877661885988516
-8587877661885829980
-8587877661885559726
-8587877661885279442
-8587877661885001528
-8587877661884841390
-8587877661884559938
-8587877661884279738
-8587877661883989411
-8587877661883831710
-8587877661883561443
-8587877661883291094
-8587877661883010925
-8587877661882850825
-8587877661882570557
-8587877661882300297
-8587877661882009909
-8587877661881819358
-8587877661881538933
-8587877661881268835
-8587877661880978538
-8587877661880678258
-8587877661880517851
-8587877661880217545
-8587877661879817171
-8587877661879517497
-8587877661879237236
-8587877661878956906
-8587877661878676650
-8587877661878516560
-8587877661878246306
-8587877661877976047
-8587877661877685766
-8587877661877516831
-8587877661877226535
-8587877661876836170
-8587877661876535885
-8587877661876265623
-8587877661875985362
-8587877661875719470
-8587877661875546946
-8587877661875263705
-8587877661874993295
-8587877661874723044
-8587877661874529080
-8587877661874258821
-8587877661873988559
-8587877661873822015
-8587877661873551748
-8587877661873271490
-8587877661873001218
-8587877661872841103
-8587877661872560823
-8587877661872290567
-8587877661872010295
-8587877661871847981
-8587877661871577837
-8587877661871297409
-8587877661870997137
-8587877661870830130
-8587877661870549869
-8587877661870279607
-8587877661870007095
-8587877661869847169
-8587877661869561330
-8587877661869291091
-8587877661868990726
-8587877661868730494
-8587877661868559916
-8587877661868279637
-8587877661867999355
-8587877661867839360
-8587877661867525056
-8587877661867254800
-8587877661866974531
-8587877661866704287
-8587877661866544033
-8587877661866273859
-8587877661866013609
-8587877661865843013
-8587877661865562737
-8587877661865292475
-8587877661865012208
-8587877661864852482
-8587877661864572206
-8587877661864301905
-8587877661864011668
-8587877661863851120
-8587877661863570851
-8587877661863300579
-8587877661863010306
-8587877661862843550
-8587877661862563284
-8587877661862293014
-8587877661862012658
-8587877661861852622
-8587877661861572348
-8587877661861292085
-8587877661861011816
-8587877661860812013
-8587877661860521734
-8587877661860241471
-8587877661859961202
-8587877661859679284
-8587877661859508949
-8587877661859236399
-8587877661858966145
-8587877661858680789
-8587877661858510339
-8587877661858230191
-8587877661857949760
-8587877661857669553
-8587877661857508078
-8587877661857222390
-8587877661856942116
-8587877661856681777
-8587877661856511378
-8587877661856210985
-8587877661855820723
-8587877661855494239
-8587877661855163789
-8587877661854883502
-8587877661854603251
-8587877661854302937
-8587877661854012666
-8587877661853841907
-8587877661853551633
-8587877661853251386
-8587877661852981217
-8587877661852660914
-8587877661852501319
-8587877661852211081
-8587877661851930746
-8587877661851660617
-8587877661851390371
-8587877661851220149
-8587877661850949892
-8587877661850659616
-8587877661850389359
-8587877661850219242
-8587877661849948978
-8587877661849668716
-8587877661849388435
-8587877661849227616
-8587877661848947347
-8587877661848667173
-8587877661848506512
-8587877661848226200
-8587877661847935919
-8587877661847655808
-8587877661847385539
-8587877661847215243
-8587877661846944981
-8587877661846664707
-8587877661846354406
-8587877661846224294
-8587877661845953989
-8587877661845653745
-8587877661845383483
-8587877661845223234
-8587877661844942971
-8587877661844642624
-8587877661844342400
-8587877661844181644
-8587877661843901393
-8587877661843601241
-8587877661843320944
-8587877661843050554
-8587877661842880314
-8587877661842610062
-8587877661842319787
-8587877661842049525
-8587877661841879226
-8587877661841598960
-8587877661841304772
-8587877661840984467
-8587877661840704116
-8587877661840543766
-8587877661840263507
-8587877661839983228
-8587877661839712979
-8587877661839512743
-8587877661839222324
-8587877661838932189
-8587877661838651920
-8587877661838381661
-8587877661838211408
-8587877661837941141
-8587877661837650870
-8587877661837370550
-8587877661837214664
-8587877661836944407
-8587877661836644119
-8587877661836373717
-8587877661836213458
-8587877661835933194
-8587877661835642916
-8587877661835342620
-8587877661835182479
-8587877661834884416
-8587877661834583987
-8587877661834303677
-8587877661834013583
-8587877661833843271
-8587877661833562956
-8587877661833292825
-8587877661833012556
-8587877661832852139
-8587877661832561794
-8587877661832251445
-8587877661831971294
-8587877661831681015
-8587877661831510793
-8587877661831230532
-8587877661830960265
-8587877661830680004
-8587877661830514257
-8587877661830233988
-8587877661829943707
-8587877661829667856
-8587877661829507319
-8587877661829226809
-8587877661828951435
-8587877661828651052
-8587877661828390754
-8587877661828220626
-8587877661827950375
-8587877661827660086
-8587877661827399844
-8587877661827235369
-8587877661826965079
-8587877661826674816
-8587877661826510446
-8587877661826240179
-8587877661825959910
-8587877661825689556
-8587877661825489528
-8587877661825219269
-8587877661824949007
-8587877661824678750
-8587877661824508641
-8587877661824237678
-8587877661823967408
-8587877661823688015
-8587877661823513927
-8587877661823223761
-8587877661822943354
-8587877661822653201
-8587877661822382947
-8587877661822222491
-8587877661821952332
-8587877661821681955
-8587877661821508899
-8587877661821248603
-8587877661820968334
-8587877661820678309
-8587877661820516097
-8587877661820235828
-8587877661819965569
-8587877661819655271
-8587877661819356325
-8587877661819197684
-8587877661818927307
-8587877661818637282
-8587877661818316811
-8587877661818046715
-8587877661817886528
-8587877661817616256
-8587877661817312200
-8587877661817051932
-8587877661816889045
-8587877661816616635
-8587877661816346373
-8587877661816179712
-8587877661815899446
-8587877661815619164
-8587877661815349053
-8587877661815188621
-8587877661814908349
-8587877661814638087
-8587877661814357813
-8587877661814188037
-8587877661813925524
-8587877661813645253
-8587877661813374993
-8587877661813214714
-8587877661812934432
-8587877661812653905
-8587877661812373721
-8587877661812213396
-8587877661811933137
-8587877661811622844
-8587877661811351259
-8587877661811190834
-8587877661810910524
-8587877661810630163
-8587877661810347664
-8587877661810187467
-8587877661809908791
-8587877661809628522
-8587877661809350032
-8587877661809188849
-8587877661808908578
-8587877661808618438
-8587877661808348319
-8587877661808176154
-8587877661807905915
-8587877661807615732
-8587877661807345472
-8587877661807173571
-8587877661806893302
-8587877661806603031
-8587877661806332670
-8587877661806162314
-8587877661805882143
-8587877661805611881
-8587877661805321600
-8587877661805051246
-8587877661804894228
-8587877661804583938
-8587877661804293655
-8587877661804013355
-8587877661803852861
-8587877661803562577
-8587877661803282401
-8587877661803012146
-8587877661802851360
-8587877661802571084
-8587877661802270804
-8587877661801990535
-8587877661801830478
-8587877661801550220
-8587877661801279960
-8587877661800999692
-8587877661800829515
-8587877661800559279
-8587877661800268993
-8587877661799978720
-8587877661799702872
-8587877661799544769
-8587877661799274423
-8587877661798994241
-8587877661798834044
-8587877661798553690
-8587877661798273511
-8587877661797975465
-8587877661797635147
-8587877661797354868
-8587877661797184441
-8587877661796924188
-8587877661796633907
-8587877661796353636
-8587877661796194010
-8587877661795904619
-8587877661795624348
-8587877661795353997
-8587877661795193858
-8587877661794913431
-8587877661794633323
-8587877661794353054
-8587877661794182842
-8587877661793912588
-8587877661793622305
-8587877661793352048
-8587877661793196671
-8587877661792926407
-8587877661792646138
-8587877661792355852
-8587877661792195514
-8587877661791925260
-8587877661791644988
-8587877661791334691
-8587877661791177128
-8587877661790866840
-8587877661790596576
-8587877661790326317
-8587877661790056062
-8587877661789895975
-8587877661789625719
-8587877661789329634
-8587877661789167891
-8587877661788887617
-8587877661788607356
-8587877661788326201
-8587877661788165935
-8587877661787885666
-8587877661787595280
-8587877661787315111
-8587877661787044695
-8587877661786874455
-8587877661786604101
-8587877661786323927
-8587877661786166385
-8587877661785886356
-8587877661785595993
-8587877661785305930
-8587877661785015498
-8587877661784845419
-8587877661784575152
-8587877661784294886
-8587877661784014615
-8587877661783814241
-8587877661783524077
-8587877661783233791
-8587877661782963425
-8587877661782683271
-8587877661782513046
-8587877661782248724
-8587877661781969870
-8587877661781679635
-8587877661781517029
-8587877661781227913
-8587877661780937637
-8587877661780657363
-8587877661780389436
-8587877661780229346
-8587877661779959182
-8587877661779688764
-8587877661779519090
-8587877661779248835
-8587877661778968567
-8587877661778668273
-8587877661778508381
-8587877661778198063
-8587877661777817716
-8587877661777527532
-8587877661777247263
-8587877661776973420
-8587877661776653115
-8587877661776362837
-8587877661776187968
-8587877661775917801
-8587877661775637532
-8587877661775357263
-8587877661775186780
-8587877661774916523
-8587877661774646162
-8587877661774345968
-8587877661774185817
-8587877661773915481
-8587877661773625305
-8587877661773355043
-8587877661773194846
-8587877661772914521
-8587877661772634313
-8587877661772344030
-8587877661772173388
-8587877661771893232
-8587877661771607940
-8587877661771321374
-8587877661771053411
-8587877661770893398
-8587877661770623141
-8587877661770322080
-8587877661770051780
-8587877661769888874
-8587877661769588596
-8587877661769293198
-8587877661769007852
-8587877661768842891
-8587877661768570013
-8587877661768279686
-8587877661768009473
-8587877661767842947
-8587877661767572693
-8587877661767302526
-8587877661767012089
-8587877661766841905
-8587877661766561756
-8587877661766271478
-8587877661765981100
-8587877661765720950
-8587877661765559122
-8587877661765278855
-8587877661764999757
-8587877661764839396
-8587877661764551618
-8587877661764261337
-8587877661763981068
-8587877661763710812
-8587877661763550271
-8587877661763280007
-8587877661763009663
-8587877661762802887
-8587877661762522608
-8587877661762232345
-8587877661761962085
-8587877661761681816
-8587877661761523542
-8587877661761245162
-8587877661760964881
-8587877661760684609
-8587877661760514543
-8587877661760220514
-8587877661759938837
-8587877661759658720
-8587877661759388455
-8587877661759218016
-8587877661758947871
-8587877661758667531
-8587877661758507352
-8587877661758227183
-8587877661757956923
-8587877661757666642
-8587877661757497931
-8587877661757227679
-8587877661756947410
-8587877661756677148
-8587877661756510364
-8587877661756240095
-8587877661755939817
-8587877661755659540
-8587877661755488983
-8587877661755211079
-8587877661754942812
-8587877661754652541
-8587877661754382277
-8587877661754212229
-8587877661753931967
-8587877661753651699
-8587877661753321377
-8587877661753061137
-8587877661752892059
-8587877661752621705
-8587877661752351385
-8587877661752181378
-8587877661751911001
-8587877661751630691
-8587877661751327717
-8587877661751056995
-8587877661750898159
-8587877661750627880
-8587877661750357602
-8587877661750187406
-8587877661749917141
-8587877661749639184
-8587877661749350424
-8587877661749190104
-8587877661748898018
-8587877661748617772
-8587877661748347608
-8587877661748184930
-8587877661747914678
-8587877661747634407
-8587877661747354135
-8587877661747193736
-8587877661746913311
-8587877661746633203
-8587877661746332918
-8587877661746159562
-8587877661745889308
-8587877661745619049
-8587877661745096973
-8587877661501486788
-8587877661501106421
-8587877661500786111
-8587877661500447131
-8587877661500136836
-8587877661499816436
-8587877661499476204
-8587877661499165751
-8587877661498845410
-8587877661498525146
-8587877661498164944
-8587877661497844634
-8587877661497524171
-8587877661497203866
-8587877661496883548
-8587877661496563313
-8587877661496252956
-8587877661495922793
-8587877661495602330
-8587877661495282025
-8587877661494961756
-8587877661494631421
-8587877661494311244
-8587877661494000936
-8587877661493818631
-8587877661493508336
-8587877661493177855
-8587877661492857712
-8587877661492547414
-8587877661492217097
-8587877661491896726
-8587877661491556346
-8587877661491246166
-8587877661490925859
-8587877661490615561
-8587877661490295254
-8587877661489924893
-8587877661489614483
-8587877661489274156
-8587877661488681772
-8587877661192480803
-8587877661191960322
-8587877661191609816
-8587877661191279671
-8587877661190949211
-8587877661190629029
-8587877661190298587
-8587877661189928367
-8587877661189607924
-8587877661189277648
-8587877661188957320
-8587877661188627121
-8587877661188306648
-8587877661187956340
-8587877661187606024
-8587877661187295678
-8587877661186965348
-8587877661186635216
-8587877661186310554
-8587877661186000276
-8587877661185833774
-8587877661185483441
-8587877661185162862
-8587877661184841656
-8587877661184491297
-8587877661184171138
-8587877661183270274
