-8587945645897933488
Blob17:0.525232,-0.7241979,1.048499,0,0,0,1,0.05,0.05,0.05
Blob8:0.5631086,-0.7227941,1.023202,0,0,0,1,0.05,0.05,0.05
Blob10:0.5722952,-0.7604545,1.092854,0,0,0,1,0.05,0.05,0.05
Blob19:0.5140917,-0.733279,1.101268,0,0,0,1,0.05,0.05,0.05
Blob12:0.6031432,-0.7626034,1.017367,0,0,0,1,0.05,0.05,0.05
-8587945645897752747
-8587945645894163335
-8587945645893532787
-8587945645893362820
-8587945645893202600
-8587945645893032772
-8587945645892872756
-8587945645892662432
-8587945645892463144
-8587945645892263210
-8587945645892072926
-8587945645891882415
-8587945645891712421
-8587945645891492389
-8587945645891242389
-8587945645891062710
-8587945645890872503
-8587945645890682832
-8587945645890512349
-8587945645890332366
-8587945645890152506
-8587945645889972924
-8587945645889792313
-8587945645889602949
-8587945645889422339
-8587945645889252218
-8587945645889082255
-8587945645888902742
-8587945645888722286
-8587945645888542280
-8587945645888372094
-8587945645888212693
-8587945645888032314
-8587945645887832122
-8587945645887682953
-8587945645887502928
-8587945645887332919
-8587945645887152909
-8587945645886972903
-8587945645886802813
-8587945645886612837
-8587945645886442809
-8587945645886242867
-8587945645886062864
-8587945645885902856
-8587945645885732835
-8587945645885562749
-8587945645885382739
-8587945645885182751
-8587945645885002784
-8587945645884832767
-8587945645884632190
-8587945645884462769
-8587945645884292768
-8587945645884112689
-8587945645883922740
-8587945645883752704
-8587945645883572190
-8587945645883402685
-8587945645883202685
-8587945645883031898
-8587945645882872660
-8587945645882701908
-8587945645882522652
-8587945645882352632
-8587945645882152389
-8587945645881982534
-8587945645881792612
-8587945645881632542
-8587945645881432554
-8587945645881262572
-8587945645881102471
-8587945645880902548
-8587945645880722554
-8587945645880562526
-8587945645880372508
-8587945645880201756
-8587945645880012430
-8587945645879832409
-8587945645879662465
-8587945645879482390
-8587945645879312469
-8587945645879122451
-8587945645878942426
-8587945645878772420
-8587945645878572401
-8587945645878402404
-8587945645878222325
-8587945645878052381
-8587945645877882306
-8587945645877702350
-8587945645877512359
-8587945645877342338
-8587945645877112167
-8587945645876792316
-8587945645876592281
-8587945645876411779
