-8587945646290334133
Blob8:0.6078414,-0.7428454,1.084813,0,0,0,1,0.05,0.05,0.05
Blob12:0.5206049,-0.7434715,1.061938,0,0,0,1,0.05,0.05,0.05
Blob18:0.5988278,-0.7296388,1.075299,0,0,0,1,0.05,0.05,0.05
Blob16:0.5518357,-0.7660471,1.043339,0,0,0,1,0.05,0.05,0.05
Blob10:0.566368,-0.733673,1.051266,0,0,0,1,0.05,0.05,0.05
-8587945646290173936
-8587945646285894434
-8587945646285284245
-8587945646285124402
-8587945646284954104
-8587945646284793892
-8587945646284623771
-8587945646284463828
-8587945646284293857
-8587945646284123760
-8587945646283963790
-8587945646283793669
-8587945646283603762
-8587945646283434011
-8587945646283234208
-8587945646283064276
-8587945646282874273
-8587945646282704202
-8587945646282523861
-8587945646282343740
-8587945646282164149
-8587945646281993440
-8587945646281823415
-8587945646281653529
-8587945646281473677
-8587945646281303279
-8587945646281143817
-8587945646280973393
-8587945646280783409
-8587945646280613377
-8587945646280423366
-8587945646280243406
-8587945646280074102
-8587945646279914074
-8587945646279734091
-8587945646279544065
-8587945646279364040
-8587945646279193992
-8587945646279003982
-8587945646278833957
-8587945646278664021
-8587945646278483919
-8587945646278313344
-8587945646278123791
-8587945646277943958
-8587945646277763964
-8587945646277593951
-8587945646277413864
-8587945646277223919
-8587945646277053844
-8587945646276863795
-8587945646276703887
-8587945646276523893
-8587945646276333801
-8587945646276163873
-8587945646275983790
-8587945646275813665
-8587945646275623774
-8587945646275433829
-8587945646275273801
-8587945646275083798
-8587945646274893299
-8587945646274683706
-8587945646274513320
-8587945646274353519
-8587945646274183749
-8587945646274023725
-8587945646273813655
-8587945646273653666
-8587945646273473710
-8587945646273313694
-8587945646273143639
-8587945646272973353
-8587945646272773661
-8587945646272603667
-8587945646272413576
-8587945646272253590
-8587945646272073627
-8587945646271873607
-8587945646271713561
-8587945646271523096
-8587945646271353591
-8587945646271163492
-8587945646270993556
-8587945646270823543
-8587945646270643494
-8587945646270472920
-8587945646270313519
-8587945646270143506
-8587945646269953361
-8587945646269783494
-8587945646269593430
-8587945646269413474
-8587945646269243461
-8587945646269063447
-8587945646268873437
-8587945646268703362
-8587945646268523418
-8587945646268353408
-8587945646268153382
-8587945646267973376
-8587945646267803320
-8587945646267633319
-8587945646267433350
-8587945646267273342
-8587945646267093262
-8587945646266903313
-8587945646266733316
-8587945646266553302
-8587945646266373288
-8587945646266203279
-8587945646266002921
-8587945646265843256
-8587945646265653237
-8587945646265483240
-8587945646265293141
-8587945646265103168
-8587945646264933136
-8587945646264753115
-8587945646264563177
-8587945646264393126
-8587945646264213066
Blob8:0.8171759,-0.7703618,0.505583,0,0,0,1,0.05,0.05,0.05
Blob12:0.6709759,-0.7703618,0.505583,0,0,0,1,0.05,0.05,0.05
Blob18:0.5247759,-0.7703618,0.505583,0,0,0,1,0.05,0.05,0.05
Blob16:0.3785758,-0.7703618,0.505583,0,0,0,1,0.05,0.05,0.05
Blob10:0.2323758,-0.7703618,0.505583,0,0,0,1,0.05,0.05,0.05
-8587945646264023155
-8587945646263853131
-8587945646263673056
-8587945646263493111
-8587945646263303116
-8587945646263133095
-8587945646262963009
-8587945646262793081
-8587945646262632988
-8587945646262463075
-8587945646262262971
-8587945646262082611
-8587945646261903032
-8587945646261712933
-8587945646261543013
-8587945646261352994
-8587945646261182993
-8587945646260992982
-8587945646260822896
-8587945646260662880
-8587945646260452872
-8587945646260292844
-8587945646260122920
-8587945646259952533
-8587945646259782890
-8587945646259612815
-8587945646259442883
-8587945646259242876
-8587945646259062858
-8587945646258882787
-8587945646258702319
-8587945646258542834
-8587945646258372813
-8587945646258182814
-8587945646257992800
-8587945646257822787
-8587945646257642773
-8587945646257462763
-8587945646257282434
-8587945646257122749
-8587945646256942735
-8587945646256772722
-8587945646256602713
-8587945646256442685
-8587945646256252706
-8587945646256082647
-8587945646255892671
-8587945646255712665
-8587945646255532655
-8587945646255352645
-8587945646255172627
-8587945646254982628
-8587945646254812592
-8587945646254632082
-8587945646254432582
-8587945646254272497
-8587945646254102573
-8587945646253932560
-8587945646253772494
-8587945646253602454
-8587945646253431798
-8587945646253232518
-8587945646253062451
-8587945646252682484
-8587945646252511966
-8587945646252341876
-8587945646252181922
-8587945646252021952
-8587945646251852343
-8587945646251682257
-8587945646251521941
-8587945646251351866
-8587945646251181988
-8587945646251021460
-8587945646250861760
-8587945646250692062
-8587945646250521626
-8587945646250362334
-8587945646250192325
-8587945646250002337
-8587945646249822316
-8587945646249642310
-8587945646249462281
-8587945646249272162
-8587945646249112273
-8587945646248922182
-8587945646248761503
-8587945646248592233
-8587945646248432214
-8587945646248242218
-8587945646248052146
-8587945646247882195
-8587945646247691661
-8587945646247522175
-8587945646247332172
-8587945646247162155
-8587945646246972148
-8587945646246812132
-8587945646246622126
-8587945646246442035
-8587945646246272026
-8587945646246082004
-8587945646245911329
-8587945646245742070
-8587945646245561972
-8587945646245391547
-8587945646245202056
-8587945646245021961
-8587945646244862018
-8587945646244662019
-8587945646244491994
-8587945646244311984
-8587945646244121981
-8587945646243961900
-8587945646243771962
-8587945646243591960
-8587945646243421936
-8587945646243251938
-8587945646243071412
-8587945646242901145
-8587945646242721902
-8587945646242541892
-8587945646242361882
-8587945646242181868
-8587945646242021798
-8587945646241841838
-8587945646241661828
-8587945646241471826
-8587945646241291808
-8587945646241111806
-8587945646240931784
-8587945646240761760
-8587945646240581715
-8587945646240411760
-8587945646240251671
-8587945646240001656
-8587945646239701718
-8587945646239531608
-8587945646239371200
-8587945646238781582
