-8587947572891537933
Blob11:0.7992197,-0.7693799,1.057771,0,0,0,1,0.05,0.05,0.05
Blob5:0.8239287,-0.5484318,0.943421,0,0,0,1,0.05,0.05,0.05
Blob6:0.3418992,-0.5308656,0.8316467,0,0,0,1,0.05,0.05,0.05
Blob8:0.5379734,-0.512431,1.342601,0,0,0,1,0.05,0.05,0.05
Blob4:0.7910579,-0.4588947,1.246791,0,0,0,1,0.05,0.05,0.05
-8587947572891477688
-8587947572890247869
-8587947572890057618
-8587947572889887695
-8587947572889716585
-8587947572889557046
-8587947572889397033
-8587947572889225440
-8587947572889053392
-8587947572888903038
-8587947572888720862
-8587947572888560831
-8587947572888400848
-8587947572888230789
-8587947572888060705
-8587947572887900686
-8587947572887740012
-8587947572887569255
-8587947572887408466
-8587947572887235156
-8587947572887065193
-8587947572886903112
-8587947572886741330
-8587947572886570679
-8587947572886408336
-8587947572886248072
-8587947572886077955
-8587947572885908310
-8587947572885748067
-8587947572885578032
-8587947572885418242
-8587947572885248289
-8587947572885078036
-8587947572884918138
-8587947572884757995
-8587947572884588240
-8587947572884428031
-8587947572884256127
-8587947572884085685
-8587947572883923009
-8587947572883762401
-8587947572883591708
-8587947572883429419
-8587947572883269454
-8587947572883099407
-8587947572882936634
-8587947572882765923
-8587947572882595840
-8587947572882435392
-8587947572882264608
-8587947572882104831
-8587947572881944851
-8587947572881764836
-8587947572881604699
-8587947572881454526
-8587947572881293662
-8587947572881122631
-8587947572880962614
-8587947572880789875
-8587947572880628240
-8587947572880467611
-8587947572880295225
-8587947572880134943
-8587947572879964494
-8587947572879804339
-8587947572879634322
-8587947572879474539
-8587947572879304570
-8587947572879144569
-8587947572878974564
-8587947572878804565
-8587947572878644555
-8587947572878474541
-8587947572878314289
-8587947572878144520
-8587947572877983634
-8587947572877811921
-8587947572877650178
-8587947572877480185
-8587947572877318466
-8587947572877146382
-8587947572876986393
-8587947572876814489
-8587947572876652432
-8587947572876491163
-8587947572876320748
-8587947572876159923
-8587947572875989906
-8587947572875819895
-8587947572875659891
-8587947572875489481
-8587947572875329489
-8587947572875168169
-8587947572874997708
-8587947572874836822
-8587947572874665369
-8587947572874504531
-8587947572874333222
-8587947572874171612
-8587947572874010784
-8587947572873837730
-8587947572873668169
-8587947572873507097
-8587947572873334487
-8587947572873173323
-8587947572873010282
-8587947572872840241
-8587947572872678776
-8587947572872509022
-8587947572872348815
-8587947572872178798
-8587947572872019042
-8587947572871848759
-8587947572871678806
-8587947572871516643
-8587947572871347058
-8587947572871193788
-8587947572871012941
-8587947572870853166
-8587947572870693065
-8587947572870523175
-8587947572870360798
-8587947572870190905
-8587947572870030937
-8587947572869859362
-8587947572869698419
-8587947572869527883
-8587947572869367629
-8587947572869197877
-8587947572869037855
-8587947572868867612
-8587947572868697299
-8587947572868534961
-8587947572868373768
-8587947572868203760
-8587947572868043774
-8587947572867874026
-8587947572867711567
-8587947572867539887
-8587947572867379816
-8587947572867208969
-8587947572867038337
-8587947572866876491
-8587947572866715871
-8587947572866552794
-8587947572866381585
Blob11:0.8171759,-0.7703618,0.505583,0,0,0,1,0.05,0.05,0.05
Blob5:0.6709759,-0.7703618,0.505583,0,0,0,1,0.05,0.05,0.05
Blob6:0.5247759,-0.7703618,0.505583,0,0,0,1,0.05,0.05,0.05
Blob8:0.3785758,-0.7703618,0.505583,0,0,0,1,0.05,0.05,0.05
Blob4:0.2323758,-0.7703618,0.505583,0,0,0,1,0.05,0.05,0.05
-8587947572866211559
-8587947572866051558
-8587947572865881049
-8587947572865721543
-8587947572865549754
-8587947572865388959
-8587947572865228351
-8587947572865057341
-8587947572864897487
-8587947572864726495
-8587947572864566769
-8587947572864396209
-8587947572864235945
-8587947572864065530
-8587947572863894695
-8587947572863733456
-8587947572863573452
-8587947572863402571
-8587947572863230752
-8587947572863069510
-8587947572862899533
-8587947572862729262
-8587947572862569466
-8587947572862409118
-8587947572862239234
-8587947572862077449
-8587947572861917442
-8587947572861745291
-8587947572861573429
-8587947572861412930
-8587947572861249575
-8587947572861079607
-8587947572860917387
-8587947572860747382
-8587947572860587347
-8587947572860417400
-8587947572860257212
-8587947572860087394
-8587947572859926922
-8587947572859757367
-8587947572859587347
-8587947572859417345
-8587947572859257075
-8587947572859097062
-8587947572858927317
-8587947572858767328
-8587947572858596683
-8587947572858426844
-8587947572858265439
-8587947572858105429
-8587947572857934597
-8587947572857773959
-8587947572857603628
-8587947572857443249
-8587947572857271705
-8587947572857101646
-8587947572856941141
-8587947572856770961
-8587947572856611201
-8587947572856441190
-8587947572856270793
-8587947572856110903
-8587947572855950274
-8587947572855778567
-8587947572855606585
-8587947572855446973
-8587947572855284107
-8587947572855123783
-8587947572854944046
-8587947572854793231
-8587947572854621074
-8587947572854451021
-8587947572854290965
-8587947572854119451
-8587947572853959100
-8587947572853799029
-8587947572853627584
-8587947572853466213
-8587947572853286449
-8587947572853136436
-8587947572852966172
-8587947572852796004
-8587947572852636431
-8587947572852464887
-8587947572852302459
-8587947572852131684
-8587947572851971620
-8587947572851799692
-8587947572851637701
-8587947572851475901
-8587947572851303315
-8587947572851142617
-8587947572850981496
-8587947572850811234
-8587947572850640463
-8587947572850477829
-8587947572850307511
-8587947572850147503
-8587947572849987756
-8587947572849817724
-8587947572849647115
-8587947572849487220
-8587947572849327252
-8587947572849154014
-8587947572848982630
-8587947572848822311
-8587947572848652551
-8587947572848492254
-8587947572848319261
-8587947572848157916
-8587947572847995111
-8587947572847834068
-8587947572847662615
-8587947572847491405
-8587947572847330348
-8587947572847170618
-8587947572847000348
-8587947572846840567
-8587947572846670124
-8587947572846500578
-8587947572846340115
-8587947572846168800
-8587947572846006746
-8587947572845836222
-8587947572845673438
-8587947572845512272
-8587947572845341705
-8587947572845181224
-8587947572845009185
-8587947572844847255
-8587947572844676052
-8587947572844515413
-8587947572844343314
-8587947572844182494
-8587947572844012490
-8587947572843852461
-8587947572843692466
-8587947572843522265
-8587947572843352200
-8587947572843192259
-8587947572843022396
Blob11:0.8171759,-0.7703618,0.505583,0,0,0,1,0.05,0.05,0.05
Blob5:0.6486219,-0.7703618,0.4984338,0,0,0,1,0.05,0.05,0.05
Blob6:0.5247759,-0.7703618,0.505583,0,0,0,1,0.05,0.05,0.05
Blob8:0.3785758,-0.7703618,0.505583,0,0,0,1,0.05,0.05,0.05
Blob4:0.2323758,-0.7703618,0.505583,0,0,0,1,0.05,0.05,0.05
-8587947572842862009
Blob11:0.8171759,-0.7703618,0.505583,0,0,0,1,0.05,0.05,0.05
Blob5:0.6421891,-0.7703618,0.508072,0,0,0,1,0.05,0.05,0.05
Blob6:0.5247759,-0.7703618,0.505583,0,0,0,1,0.05,0.05,0.05
Blob8:0.3785758,-0.7703618,0.505583,0,0,0,1,0.05,0.05,0.05
Blob4:0.2323758,-0.7703618,0.505583,0,0,0,1,0.05,0.05,0.05
-8587947572842690881
Blob11:0.8171759,-0.7703618,0.505583,0,0,0,1,0.05,0.05,0.05
Blob5:0.6336786,-0.7703618,0.5260333,0,0,0,1,0.05,0.05,0.05
Blob6:0.5247759,-0.7703618,0.505583,0,0,0,1,0.05,0.05,0.05
Blob8:0.3785758,-0.7703618,0.505583,0,0,0,1,0.05,0.05,0.05
Blob4:0.2323758,-0.7703618,0.505583,0,0,0,1,0.05,0.05,0.05
-8587947572842530502
Blob11:0.8171759,-0.7703618,0.505583,0,0,0,1,0.05,0.05,0.05
Blob5:0.6273448,-0.7703618,0.5432949,0,0,0,1,0.05,0.05,0.05
Blob6:0.5247759,-0.7703618,0.505583,0,0,0,1,0.05,0.05,0.05
Blob8:0.3785758,-0.7703618,0.505583,0,0,0,1,0.05,0.05,0.05
Blob4:0.2323758,-0.7703618,0.505583,0,0,0,1,0.05,0.05,0.05
-8587947572842359157
Blob11:0.8171759,-0.7703618,0.505583,0,0,0,1,0.05,0.05,0.05
Blob5:0.6189649,-0.7703618,0.5609634,0,0,0,1,0.05,0.05,0.05
Blob6:0.5247759,-0.7703618,0.505583,0,0,0,1,0.05,0.05,0.05
Blob8:0.3785758,-0.7703618,0.505583,0,0,0,1,0.05,0.05,0.05
Blob4:0.2323758,-0.7703618,0.505583,0,0,0,1,0.05,0.05,0.05
-8587947572842198576
Blob11:0.8171759,-0.7703618,0.505583,0,0,0,1,0.05,0.05,0.05
Blob5:0.6127281,-0.7703618,0.577978,0,0,0,1,0.05,0.05,0.05
Blob6:0.5247759,-0.7703618,0.505583,0,0,0,1,0.05,0.05,0.05
Blob8:0.3785758,-0.7703618,0.505583,0,0,0,1,0.05,0.05,0.05
Blob4:0.2323758,-0.7703618,0.505583,0,0,0,1,0.05,0.05,0.05
-8587947572842028303
Blob11:0.8171759,-0.7703618,0.505583,0,0,0,1,0.05,0.05,0.05
Blob5:0.6065319,-0.7703618,0.5979629,0,0,0,1,0.05,0.05,0.05
Blob6:0.5247759,-0.7703618,0.505583,0,0,0,1,0.05,0.05,0.05
Blob8:0.3785758,-0.7703618,0.505583,0,0,0,1,0.05,0.05,0.05
Blob4:0.2323758,-0.7703618,0.505583,0,0,0,1,0.05,0.05,0.05
-8587947572841868284
Blob11:0.8171759,-0.7703618,0.505583,0,0,0,1,0.05,0.05,0.05
Blob5:0.5983335,-0.7703618,0.6228727,0,0,0,1,0.05,0.05,0.05
Blob6:0.5247759,-0.7703618,0.505583,0,0,0,1,0.05,0.05,0.05
Blob8:0.3785758,-0.7703618,0.505583,0,0,0,1,0.05,0.05,0.05
Blob4:0.2323758,-0.7703618,0.505583,0,0,0,1,0.05,0.05,0.05
-8587947572841698297
Blob11:0.8171759,-0.7703618,0.505583,0,0,0,1,0.05,0.05,0.05
Blob5:0.5942608,-0.7703618,0.6681588,0,0,0,1,0.05,0.05,0.05
Blob6:0.5247759,-0.7703618,0.505583,0,0,0,1,0.05,0.05,0.05
Blob8:0.3785758,-0.7703618,0.505583,0,0,0,1,0.05,0.05,0.05
Blob4:0.2323758,-0.7703618,0.505583,0,0,0,1,0.05,0.05,0.05
-8587947572841528265
Blob11:0.8171759,-0.7703618,0.505583,0,0,0,1,0.05,0.05,0.05
Blob5:0.590206,-0.7703618,0.7101941,0,0,0,1,0.05,0.05,0.05
Blob6:0.5247759,-0.7703618,0.505583,0,0,0,1,0.05,0.05,0.05
Blob8:0.3785758,-0.7703618,0.505583,0,0,0,1,0.05,0.05,0.05
Blob4:0.2323758,-0.7703618,0.505583,0,0,0,1,0.05,0.05,0.05
-8587947572841366724
Blob11:0.8171759,-0.7703618,0.505583,0,0,0,1,0.05,0.05,0.05
Blob5:0.5861685,-0.7703618,0.753572,0,0,0,1,0.05,0.05,0.05
Blob6:0.5247759,-0.7703618,0.505583,0,0,0,1,0.05,0.05,0.05
Blob8:0.3785758,-0.7703618,0.505583,0,0,0,1,0.05,0.05,0.05
Blob4:0.2323758,-0.7703618,0.505583,0,0,0,1,0.05,0.05,0.05
-8587947572841206696
Blob11:0.8171759,-0.7703618,0.505583,0,0,0,1,0.05,0.05,0.05
Blob5:0.5841562,-0.7703618,0.794984,0,0,0,1,0.05,0.05,0.05
Blob6:0.5247759,-0.7703618,0.505583,0,0,0,1,0.05,0.05,0.05
Blob8:0.3785758,-0.7703618,0.505583,0,0,0,1,0.05,0.05,0.05
Blob4:0.2323758,-0.7703618,0.505583,0,0,0,1,0.05,0.05,0.05
-8587947572841036347
Blob11:0.8171759,-0.7703618,0.505583,0,0,0,1,0.05,0.05,0.05
Blob5:0.5821483,-0.7703618,0.8317441,0,0,0,1,0.05,0.05,0.05
Blob6:0.5247759,-0.7703618,0.505583,0,0,0,1,0.05,0.05,0.05
Blob8:0.3785758,-0.7703618,0.505583,0,0,0,1,0.05,0.05,0.05
Blob4:0.2323758,-0.7703618,0.505583,0,0,0,1,0.05,0.05,0.05
-8587947572840866333
Blob11:0.8171759,-0.7703618,0.505583,0,0,0,1,0.05,0.05,0.05
Blob5:0.5781456,-0.7703618,0.8716392,0,0,0,1,0.05,0.05,0.05
Blob6:0.5247759,-0.7703618,0.505583,0,0,0,1,0.05,0.05,0.05
Blob8:0.3785758,-0.7703618,0.505583,0,0,0,1,0.05,0.05,0.05
Blob4:0.2323758,-0.7703618,0.505583,0,0,0,1,0.05,0.05,0.05
-8587947572840706317
Blob11:0.8171759,-0.7703618,0.505583,0,0,0,1,0.05,0.05,0.05
Blob5:0.5781456,-0.7703618,0.8974392,0,0,0,1,0.05,0.05,0.05
Blob6:0.5247759,-0.7703618,0.505583,0,0,0,1,0.05,0.05,0.05
Blob8:0.3785758,-0.7703618,0.505583,0,0,0,1,0.05,0.05,0.05
Blob4:0.2323758,-0.7703618,0.505583,0,0,0,1,0.05,0.05,0.05
-8587947572840536318
Blob11:0.8171759,-0.7703618,0.505583,0,0,0,1,0.05,0.05,0.05
Blob5:0.5781456,-0.7703618,0.9338626,0,0,0,1,0.05,0.05,0.05
Blob6:0.5247759,-0.7703618,0.505583,0,0,0,1,0.05,0.05,0.05
Blob8:0.3785758,-0.7703618,0.505583,0,0,0,1,0.05,0.05,0.05
Blob4:0.2323758,-0.7703618,0.505583,0,0,0,1,0.05,0.05,0.05
-8587947572840376305
Blob11:0.8171759,-0.7703618,0.505583,0,0,0,1,0.05,0.05,0.05
Blob5:0.5741598,-0.7703618,0.9628524,0,0,0,1,0.05,0.05,0.05
Blob6:0.5247759,-0.7703618,0.505583,0,0,0,1,0.05,0.05,0.05
Blob8:0.3785758,-0.7703618,0.505583,0,0,0,1,0.05,0.05,0.05
Blob4:0.2323758,-0.7703618,0.505583,0,0,0,1,0.05,0.05,0.05
-8587947572840205838
Blob11:0.8171759,-0.7703618,0.505583,0,0,0,1,0.05,0.05,0.05
Blob5:0.5741598,-0.7703618,0.9870827,0,0,0,1,0.05,0.05,0.05
Blob6:0.5247759,-0.7703618,0.505583,0,0,0,1,0.05,0.05,0.05
Blob8:0.3785758,-0.7703618,0.505583,0,0,0,1,0.05,0.05,0.05
Blob4:0.2323758,-0.7703618,0.505583,0,0,0,1,0.05,0.05,0.05
-8587947572840045834
Blob11:0.8171759,-0.7703618,0.505583,0,0,0,1,0.05,0.05,0.05
Blob5:0.5741598,-0.7703618,1.008284,0,0,0,1,0.05,0.05,0.05
Blob6:0.5247759,-0.7703618,0.505583,0,0,0,1,0.05,0.05,0.05
Blob8:0.3785758,-0.7703618,0.505583,0,0,0,1,0.05,0.05,0.05
Blob4:0.2323758,-0.7703618,0.505583,0,0,0,1,0.05,0.05,0.05
-8587947572839875826
Blob11:0.8171759,-0.7703618,0.505583,0,0,0,1,0.05,0.05,0.05
Blob5:0.5741598,-0.7703618,1.020399,0,0,0,1,0.05,0.05,0.05
Blob6:0.5247759,-0.7703618,0.505583,0,0,0,1,0.05,0.05,0.05
Blob8:0.3785758,-0.7703618,0.505583,0,0,0,1,0.05,0.05,0.05
Blob4:0.2323758,-0.7703618,0.505583,0,0,0,1,0.05,0.05,0.05
-8587947572839704016
Blob11:0.8171759,-0.7703618,0.505583,0,0,0,1,0.05,0.05,0.05
Blob5:0.5741599,-0.7703618,1.024942,0,0,0,1,0.05,0.05,0.05
Blob6:0.5247759,-0.7703618,0.505583,0,0,0,1,0.05,0.05,0.05
Blob8:0.3785758,-0.7703618,0.505583,0,0,0,1,0.05,0.05,0.05
Blob4:0.2323758,-0.7703618,0.505583,0,0,0,1,0.05,0.05,0.05
-8587947572839543828
Blob11:0.8171759,-0.7703618,0.505583,0,0,0,1,0.05,0.05,0.05
Blob5:0.5741598,-0.7703618,1.031,0,0,0,1,0.05,0.05,0.05
Blob6:0.5247759,-0.7703618,0.505583,0,0,0,1,0.05,0.05,0.05
Blob8:0.3785758,-0.7703618,0.505583,0,0,0,1,0.05,0.05,0.05
Blob4:0.2323758,-0.7703618,0.505583,0,0,0,1,0.05,0.05,0.05
-8587947572839373563
Blob11:0.8171759,-0.7703618,0.505583,0,0,0,1,0.05,0.05,0.05
Blob5:0.5741598,-0.7703618,1.037058,0,0,0,1,0.05,0.05,0.05
Blob6:0.5247759,-0.7703618,0.505583,0,0,0,1,0.05,0.05,0.05
Blob8:0.3785758,-0.7703618,0.505583,0,0,0,1,0.05,0.05,0.05
Blob4:0.2323758,-0.7703618,0.505583,0,0,0,1,0.05,0.05,0.05
-8587947572839211280
Blob11:0.8171759,-0.7703618,0.505583,0,0,0,1,0.05,0.05,0.05
Blob5:0.5741598,-0.7703618,1.038572,0,0,0,1,0.05,0.05,0.05
Blob6:0.5247759,-0.7703618,0.505583,0,0,0,1,0.05,0.05,0.05
Blob8:0.3785758,-0.7703618,0.505583,0,0,0,1,0.05,0.05,0.05
Blob4:0.2323758,-0.7703618,0.505583,0,0,0,1,0.05,0.05,0.05
-8587947572839050959
-8587947572838888627
-8587947572838719072
-8587947572838548424
-8587947572838387198
-8587947572838217144
-8587947572838053907
-8587947572837893595
-8587947572837723593
-8587947572837553576
-8587947572837393575
-8587947572837223320
-8587947572837063270
-8587947572836892254
-8587947572836720532
-8587947572836560633
-8587947572836398564
-8587947572836228019
-8587947572836066657
-8587947572835906224
-8587947572835733988
-8587947572835563618
-8587947572835402316
-8587947572835239815
-8587947572835069300
-8587947572834908623
-8587947572834745416
-8587947572834575964
-8587947572834405895
-8587947572834245731
-8587947572834075729
-8587947572833915091
-8587947572833743921
Blob11:0.8171759,-0.7703618,0.505583,0,0,0,1,0.05,0.05,0.05
Blob5:0.5741598,-0.7703618,1.038572,0,0,0,1,0.05,0.05,0.05
Blob6:0.508927,-0.7703618,0.5212007,0,0,0,1,0.05,0.05,0.05
Blob8:0.3785758,-0.7703618,0.505583,0,0,0,1,0.05,0.05,0.05
Blob4:0.2323758,-0.7703618,0.505583,0,0,0,1,0.05,0.05,0.05
-8587947572833583956
-8587947572833412783
Blob11:0.8171759,-0.7703618,0.505583,0,0,0,1,0.05,0.05,0.05
Blob5:0.5741598,-0.7703618,1.038572,0,0,0,1,0.05,0.05,0.05
Blob6:0.5089271,-0.7703618,0.5241229,0,0,0,1,0.05,0.05,0.05
Blob8:0.3785758,-0.7703618,0.505583,0,0,0,1,0.05,0.05,0.05
Blob4:0.2323758,-0.7703618,0.505583,0,0,0,1,0.05,0.05,0.05
-8587947572833242778
Blob11:0.8171759,-0.7703618,0.505583,0,0,0,1,0.05,0.05,0.05
Blob5:0.5741598,-0.7703618,1.038572,0,0,0,1,0.05,0.05,0.05
Blob6:0.5052325,-0.7703618,0.5383003,0,0,0,1,0.05,0.05,0.05
Blob8:0.3785758,-0.7703618,0.505583,0,0,0,1,0.05,0.05,0.05
Blob4:0.2323758,-0.7703618,0.505583,0,0,0,1,0.05,0.05,0.05
-8587947572833081947
Blob11:0.8171759,-0.7703618,0.505583,0,0,0,1,0.05,0.05,0.05
Blob5:0.5741598,-0.7703618,1.038572,0,0,0,1,0.05,0.05,0.05
Blob6:0.4978888,-0.7703618,0.5679321,0,0,0,1,0.05,0.05,0.05
Blob8:0.3785758,-0.7703618,0.505583,0,0,0,1,0.05,0.05,0.05
Blob4:0.2323758,-0.7703618,0.505583,0,0,0,1,0.05,0.05,0.05
-8587947572832919951
Blob11:0.8171759,-0.7703618,0.505583,0,0,0,1,0.05,0.05,0.05
Blob5:0.5741598,-0.7703618,1.038572,0,0,0,1,0.05,0.05,0.05
Blob6:0.4924206,-0.7703618,0.6113493,0,0,0,1,0.05,0.05,0.05
Blob8:0.3785758,-0.7703618,0.505583,0,0,0,1,0.05,0.05,0.05
Blob4:0.2323758,-0.7703618,0.505583,0,0,0,1,0.05,0.05,0.05
-8587947572832749840
Blob11:0.8171759,-0.7703618,0.505583,0,0,0,1,0.05,0.05,0.05
Blob5:0.5741598,-0.7703618,1.038572,0,0,0,1,0.05,0.05,0.05
Blob6:0.4851816,-0.7703618,0.6520051,0,0,0,1,0.05,0.05,0.05
Blob8:0.3785758,-0.7703618,0.505583,0,0,0,1,0.05,0.05,0.05
Blob4:0.2323758,-0.7703618,0.505583,0,0,0,1,0.05,0.05,0.05
-8587947572832589821
Blob11:0.8171759,-0.7703618,0.505583,0,0,0,1,0.05,0.05,0.05
Blob5:0.5741598,-0.7703618,1.038572,0,0,0,1,0.05,0.05,0.05
Blob6:0.4797913,-0.7703618,0.7121044,0,0,0,1,0.05,0.05,0.05
Blob8:0.3785758,-0.7703618,0.505583,0,0,0,1,0.05,0.05,0.05
Blob4:0.2323758,-0.7703618,0.505583,0,0,0,1,0.05,0.05,0.05
-8587947572832419288
Blob11:0.8171759,-0.7703618,0.505583,0,0,0,1,0.05,0.05,0.05
Blob5:0.5741598,-0.7703618,1.038572,0,0,0,1,0.05,0.05,0.05
Blob6:0.4762159,-0.7703618,0.7730052,0,0,0,1,0.05,0.05,0.05
Blob8:0.3785758,-0.7703618,0.505583,0,0,0,1,0.05,0.05,0.05
Blob4:0.2323758,-0.7703618,0.505583,0,0,0,1,0.05,0.05,0.05
-8587947572832258786
Blob11:0.8171759,-0.7703618,0.505583,0,0,0,1,0.05,0.05,0.05
Blob5:0.5741598,-0.7703618,1.038572,0,0,0,1,0.05,0.05,0.05
Blob6:0.4744336,-0.7703618,0.8234243,0,0,0,1,0.05,0.05,0.05
Blob8:0.3785758,-0.7703618,0.505583,0,0,0,1,0.05,0.05,0.05
Blob4:0.2323758,-0.7703618,0.505583,0,0,0,1,0.05,0.05,0.05
-8587947572832088778
Blob11:0.8171759,-0.7703618,0.505583,0,0,0,1,0.05,0.05,0.05
Blob5:0.5741598,-0.7703618,1.038572,0,0,0,1,0.05,0.05,0.05
Blob6:0.472655,-0.7703618,0.8751729,0,0,0,1,0.05,0.05,0.05
Blob8:0.3785758,-0.7703618,0.505583,0,0,0,1,0.05,0.05,0.05
Blob4:0.2323758,-0.7703618,0.505583,0,0,0,1,0.05,0.05,0.05
-8587947572831928031
Blob11:0.8171759,-0.7703618,0.505583,0,0,0,1,0.05,0.05,0.05
Blob5:0.5741598,-0.7703618,1.038572,0,0,0,1,0.05,0.05,0.05
Blob6:0.4708799,-0.7703618,0.9096559,0,0,0,1,0.05,0.05,0.05
Blob8:0.3785758,-0.7703618,0.505583,0,0,0,1,0.05,0.05,0.05
Blob4:0.2323758,-0.7703618,0.505583,0,0,0,1,0.05,0.05,0.05
-8587947572831757576
Blob11:0.8171759,-0.7703618,0.505583,0,0,0,1,0.05,0.05,0.05
Blob5:0.5741598,-0.7703618,1.038572,0,0,0,1,0.05,0.05,0.05
Blob6:0.4673406,-0.7703618,0.9398792,0,0,0,1,0.05,0.05,0.05
Blob8:0.3785758,-0.7703618,0.505583,0,0,0,1,0.05,0.05,0.05
Blob4:0.2323758,-0.7703618,0.505583,0,0,0,1,0.05,0.05,0.05
-8587947572831587532
Blob11:0.8171759,-0.7703618,0.505583,0,0,0,1,0.05,0.05,0.05
Blob5:0.5741598,-0.7703618,1.038572,0,0,0,1,0.05,0.05,0.05
Blob6:0.4673406,-0.7703618,0.9598596,0,0,0,1,0.05,0.05,0.05
Blob8:0.3785758,-0.7703618,0.505583,0,0,0,1,0.05,0.05,0.05
Blob4:0.2323758,-0.7703618,0.505583,0,0,0,1,0.05,0.05,0.05
-8587947572831424890
Blob11:0.8171759,-0.7703618,0.505583,0,0,0,1,0.05,0.05,0.05
Blob5:0.5741598,-0.7703618,1.038572,0,0,0,1,0.05,0.05,0.05
Blob6:0.4673406,-0.7703618,0.9741313,0,0,0,1,0.05,0.05,0.05
Blob8:0.3785758,-0.7703618,0.505583,0,0,0,1,0.05,0.05,0.05
Blob4:0.2323758,-0.7703618,0.505583,0,0,0,1,0.05,0.05,0.05
-8587947572831255129
Blob11:0.8171759,-0.7703618,0.505583,0,0,0,1,0.05,0.05,0.05
Blob5:0.5741598,-0.7703618,1.038572,0,0,0,1,0.05,0.05,0.05
Blob6:0.4673406,-0.7703618,0.9812672,0,0,0,1,0.05,0.05,0.05
Blob8:0.3785758,-0.7703618,0.505583,0,0,0,1,0.05,0.05,0.05
Blob4:0.2323758,-0.7703618,0.505583,0,0,0,1,0.05,0.05,0.05
-8587947572831095146
Blob11:0.8171759,-0.7703618,0.505583,0,0,0,1,0.05,0.05,0.05
Blob5:0.5741598,-0.7703618,1.038572,0,0,0,1,0.05,0.05,0.05
Blob6:0.4673406,-0.7703618,0.9841214,0,0,0,1,0.05,0.05,0.05
Blob8:0.3785758,-0.7703618,0.505583,0,0,0,1,0.05,0.05,0.05
Blob4:0.2323758,-0.7703618,0.505583,0,0,0,1,0.05,0.05,0.05
-8587947572830925154
Blob11:0.8171759,-0.7703618,0.505583,0,0,0,1,0.05,0.05,0.05
Blob5:0.5741598,-0.7703618,1.038572,0,0,0,1,0.05,0.05,0.05
Blob6:0.4673406,-0.7703618,0.9869757,0,0,0,1,0.05,0.05,0.05
Blob8:0.3785758,-0.7703618,0.505583,0,0,0,1,0.05,0.05,0.05
Blob4:0.2323758,-0.7703618,0.505583,0,0,0,1,0.05,0.05,0.05
-8587947572830764832
-8587947572830604876
-8587947572830433350
-8587947572830263210
-8587947572830102801
-8587947572829932428
-8587947572829771672
-8587947572829611290
-8587947572829431291
-8587947572829279866
-8587947572829109930
-8587947572828949174
-8587947572828768058
-8587947572828607640
-8587947572828447226
-8587947572828276176
-8587947572828116187
-8587947572827945947
-8587947572827776199
-8587947572827616104
-8587947572827455916
-8587947572827285971
-8587947572827126036
-8587947572826955458
-8587947572826794956
-8587947572826624537
-8587947572826463057
-8587947572826291476
-8587947572826121103
-8587947572825961416
-8587947572825799679
-8587947572825628838
-8587947572825469314
-8587947572825298760
-8587947572825128930
-8587947572824968911
-8587947572824798903
-8587947572824638645
-8587947572824468882
-8587947572824308835
-8587947572824134224
-8587947572823974461
-8587947572823804493
-8587947572823644482
-8587947572823473506
-8587947572823312538
Blob11:0.8171759,-0.7703618,0.505583,0,0,0,1,0.05,0.05,0.05
Blob5:0.5741598,-0.7703618,1.038572,0,0,0,1,0.05,0.05,0.05
Blob6:0.4673406,-0.7703618,0.9869757,0,0,0,1,0.05,0.05,0.05
Blob8:0.3785758,-0.7703618,0.505583,0,0,0,1,0.05,0.05,0.05
Blob4:0.2214797,-0.7703618,0.5092672,0,0,0,1,0.05,0.05,0.05
-8587947572823142509
Blob11:0.8171759,-0.7703618,0.505583,0,0,0,1,0.05,0.05,0.05
Blob5:0.5741598,-0.7703618,1.038572,0,0,0,1,0.05,0.05,0.05
Blob6:0.4673406,-0.7703618,0.9869757,0,0,0,1,0.05,0.05,0.05
Blob8:0.3785758,-0.7703618,0.505583,0,0,0,1,0.05,0.05,0.05
Blob4:0.2201767,-0.7703618,0.5305541,0,0,0,1,0.05,0.05,0.05
-8587947572822972082
Blob11:0.8171759,-0.7703618,0.505583,0,0,0,1,0.05,0.05,0.05
Blob5:0.5741598,-0.7703618,1.038572,0,0,0,1,0.05,0.05,0.05
Blob6:0.4673406,-0.7703618,0.9869757,0,0,0,1,0.05,0.05,0.05
Blob8:0.3785758,-0.7703618,0.505583,0,0,0,1,0.05,0.05,0.05
Blob4:0.2201767,-0.7703618,0.5562865,0,0,0,1,0.05,0.05,0.05
-8587947572822811716
Blob11:0.8171759,-0.7703618,0.505583,0,0,0,1,0.05,0.05,0.05
Blob5:0.5741598,-0.7703618,1.038572,0,0,0,1,0.05,0.05,0.05
Blob6:0.4673406,-0.7703618,0.9869757,0,0,0,1,0.05,0.05,0.05
Blob8:0.3785758,-0.7703618,0.505583,0,0,0,1,0.05,0.05,0.05
Blob4:0.2240926,-0.7703618,0.5894372,0,0,0,1,0.05,0.05,0.05
-8587947572822650833
Blob11:0.8171759,-0.7703618,0.505583,0,0,0,1,0.05,0.05,0.05
Blob5:0.5741598,-0.7703618,1.038572,0,0,0,1,0.05,0.05,0.05
Blob6:0.4673406,-0.7703618,0.9869757,0,0,0,1,0.05,0.05,0.05
Blob8:0.3785758,-0.7703618,0.505583,0,0,0,1,0.05,0.05,0.05
Blob4:0.2346358,-0.7703618,0.6283798,0,0,0,1,0.05,0.05,0.05
-8587947572822479660
Blob11:0.8171759,-0.7703618,0.505583,0,0,0,1,0.05,0.05,0.05
Blob5:0.5741598,-0.7703618,1.038572,0,0,0,1,0.05,0.05,0.05
Blob6:0.4673406,-0.7703618,0.9869757,0,0,0,1,0.05,0.05,0.05
Blob8:0.3785758,-0.7703618,0.505583,0,0,0,1,0.05,0.05,0.05
Blob4:0.2493761,-0.7703618,0.6668987,0,0,0,1,0.05,0.05,0.05
-8587947572822318666
Blob11:0.8171759,-0.7703618,0.505583,0,0,0,1,0.05,0.05,0.05
Blob5:0.5741598,-0.7703618,1.038572,0,0,0,1,0.05,0.05,0.05
Blob6:0.4673406,-0.7703618,0.9869757,0,0,0,1,0.05,0.05,0.05
Blob8:0.3785758,-0.7703618,0.505583,0,0,0,1,0.05,0.05,0.05
Blob4:0.2657872,-0.7703618,0.6995675,0,0,0,1,0.05,0.05,0.05
-8587947572822148670
Blob11:0.8171759,-0.7703618,0.505583,0,0,0,1,0.05,0.05,0.05
Blob5:0.5741598,-0.7703618,1.038572,0,0,0,1,0.05,0.05,0.05
Blob6:0.4673406,-0.7703618,0.9869757,0,0,0,1,0.05,0.05,0.05
Blob8:0.3785758,-0.7703618,0.505583,0,0,0,1,0.05,0.05,0.05
Blob4:0.2839678,-0.7703618,0.7250072,0,0,0,1,0.05,0.05,0.05
-8587947572821977397
Blob11:0.8171759,-0.7703618,0.505583,0,0,0,1,0.05,0.05,0.05
Blob5:0.5741598,-0.7703618,1.038572,0,0,0,1,0.05,0.05,0.05
Blob6:0.4673406,-0.7703618,0.9869757,0,0,0,1,0.05,0.05,0.05
Blob8:0.3785758,-0.7703618,0.505583,0,0,0,1,0.05,0.05,0.05
Blob4:0.3011335,-0.7703618,0.7474373,0,0,0,1,0.05,0.05,0.05
-8587947572821817686
Blob11:0.8171759,-0.7703618,0.505583,0,0,0,1,0.05,0.05,0.05
Blob5:0.5741598,-0.7703618,1.038572,0,0,0,1,0.05,0.05,0.05
Blob6:0.4673406,-0.7703618,0.9869757,0,0,0,1,0.05,0.05,0.05
Blob8:0.3785758,-0.7703618,0.505583,0,0,0,1,0.05,0.05,0.05
Blob4:0.3157287,-0.7703618,0.766943,0,0,0,1,0.05,0.05,0.05
-8587947572821647669
Blob11:0.8171759,-0.7703618,0.505583,0,0,0,1,0.05,0.05,0.05
Blob5:0.5741598,-0.7703618,1.038572,0,0,0,1,0.05,0.05,0.05
Blob6:0.4673406,-0.7703618,0.9869757,0,0,0,1,0.05,0.05,0.05
Blob8:0.3785758,-0.7703618,0.505583,0,0,0,1,0.05,0.05,0.05
Blob4:0.3246158,-0.7703618,0.7785581,0,0,0,1,0.05,0.05,0.05
-8587947572821487640
Blob11:0.8171759,-0.7703618,0.505583,0,0,0,1,0.05,0.05,0.05
Blob5:0.5741598,-0.7703618,1.038572,0,0,0,1,0.05,0.05,0.05
Blob6:0.4673406,-0.7703618,0.9869757,0,0,0,1,0.05,0.05,0.05
Blob8:0.3785758,-0.7703618,0.505583,0,0,0,1,0.05,0.05,0.05
Blob4:0.3351101,-0.7703618,0.7900748,0,0,0,1,0.05,0.05,0.05
-8587947572821317288
Blob11:0.8171759,-0.7703618,0.505583,0,0,0,1,0.05,0.05,0.05
Blob5:0.5741598,-0.7703618,1.038572,0,0,0,1,0.05,0.05,0.05
Blob6:0.4673406,-0.7703618,0.9869757,0,0,0,1,0.05,0.05,0.05
Blob8:0.3785758,-0.7703618,0.505583,0,0,0,1,0.05,0.05,0.05
Blob4:0.344215,-0.7703618,0.7993087,0,0,0,1,0.05,0.05,0.05
-8587947572821157372
Blob11:0.8171759,-0.7703618,0.505583,0,0,0,1,0.05,0.05,0.05
Blob5:0.5741598,-0.7703618,1.038572,0,0,0,1,0.05,0.05,0.05
Blob6:0.4673406,-0.7703618,0.9869757,0,0,0,1,0.05,0.05,0.05
Blob8:0.3785758,-0.7703618,0.505583,0,0,0,1,0.05,0.05,0.05
Blob4:0.3549677,-0.7703618,0.8070982,0,0,0,1,0.05,0.05,0.05
-8587947572820986878
Blob11:0.8171759,-0.7703618,0.505583,0,0,0,1,0.05,0.05,0.05
Blob5:0.5741598,-0.7703618,1.038572,0,0,0,1,0.05,0.05,0.05
Blob6:0.4673406,-0.7703618,0.9869757,0,0,0,1,0.05,0.05,0.05
Blob8:0.3785758,-0.7703618,0.505583,0,0,0,1,0.05,0.05,0.05
Blob4:0.3674324,-0.7703618,0.8161276,0,0,0,1,0.05,0.05,0.05
-8587947572820825600
Blob11:0.8171759,-0.7703618,0.505583,0,0,0,1,0.05,0.05,0.05
Blob5:0.5741598,-0.7703618,1.038572,0,0,0,1,0.05,0.05,0.05
Blob6:0.4673406,-0.7703618,0.9869757,0,0,0,1,0.05,0.05,0.05
Blob8:0.3785758,-0.7703618,0.505583,0,0,0,1,0.05,0.05,0.05
Blob4:0.3800885,-0.7703618,0.8212279,0,0,0,1,0.05,0.05,0.05
-8587947572820664714
Blob11:0.8171759,-0.7703618,0.505583,0,0,0,1,0.05,0.05,0.05
Blob5:0.5741598,-0.7703618,1.038572,0,0,0,1,0.05,0.05,0.05
Blob6:0.4673406,-0.7703618,0.9869757,0,0,0,1,0.05,0.05,0.05
Blob8:0.3785758,-0.7703618,0.505583,0,0,0,1,0.05,0.05,0.05
Blob4:0.3880978,-0.7703618,0.8242853,0,0,0,1,0.05,0.05,0.05
-8587947572820494254
-8587947572820332816
-8587947572820161793
-8587947572819998949
-8587947572819828684
-8587947572819666471
-8587947572819496197
-8587947572819333503
-8587947572819173728
-8587947572819002368
-8587947572818841576
-8587947572818671251
-8587947572818501476
-8587947572818341203
-8587947572818171455
-8587947572818011022
-8587947572817841177
-8587947572817681200
-8587947572817511198
-8587947572817348664
-8587947572817178777
-8587947572817017849
-8587947572816847005
-8587947572816686844
-8587947572816516876
-8587947572816354985
-8587947572816182565
-8587947572816022558
-8587947572815851131
-8587947572815690656
-8587947572815520851
-8587947572815361082
-8587947572815191047
-8587947572815030825
-8587947572814860657
-8587947572814701064
-8587947572814529486
-8587947572814359388
-8587947572814196081
-8587947572814026194
-8587947572813865296
-8587947572813705289
-8587947572813535284
-8587947572813375005
-8587947572813205260
-8587947572813034105
-8587947572812873585
-8587947572812712769
-8587947572812532754
-8587947572812372336
-8587947572812211221
-8587947572812041189
-8587947572811871188
-8587947572811711177
-8587947572811550699
-8587947572811388962
-8587947572811218997
-8587947572811048627
-8587947572810888351
-8587947572810718611
-8587947572810558607
-8587947572810388225
-8587947572810225936
-8587947572810055958
-8587947572809894149
-8587947572809723921
-8587947572809562486
-8587947572809392058
-8587947572809231227
-8587947572809060238
-8587947572808900201
-8587947572808729818
-8587947572808569959
-8587947572808400018
-8587947572808240019
-8587947572808067678
-8587947572807896339
-8587947572807736299
-8587947572807574073
-8587947572807402417
-8587947572807241960
-8587947572807070615
-8587947572806908920
-8587947572806737080
-8587947572806576789
-8587947572806412888
-8587947572806242883
-8587947572806081840
-8587947572805909532
-8587947572805749525
Blob11:0.7577314,-0.7703618,0.5213552,0,0,0,1,0.05,0.05,0.05
Blob5:0.5741598,-0.7703618,1.038572,0,0,0,1,0.05,0.05,0.05
Blob6:0.4673406,-0.7703618,0.9869757,0,0,0,1,0.05,0.05,0.05
Blob8:0.3785758,-0.7703618,0.505583,0,0,0,1,0.05,0.05,0.05
Blob4:0.3880978,-0.7703618,0.8242853,0,0,0,1,0.05,0.05,0.05
-8587947572805579529
-8587947572805418852
Blob11:0.7577315,-0.7703618,0.5230194,0,0,0,1,0.05,0.05,0.05
Blob5:0.5741598,-0.7703618,1.038572,0,0,0,1,0.05,0.05,0.05
Blob6:0.4673406,-0.7703618,0.9869757,0,0,0,1,0.05,0.05,0.05
Blob8:0.3785758,-0.7703618,0.505583,0,0,0,1,0.05,0.05,0.05
Blob4:0.3880978,-0.7703618,0.8242853,0,0,0,1,0.05,0.05,0.05
-8587947572805249203
Blob11:0.7553326,-0.7703618,0.5269464,0,0,0,1,0.05,0.05,0.05
Blob5:0.5741598,-0.7703618,1.038572,0,0,0,1,0.05,0.05,0.05
Blob6:0.4673406,-0.7703618,0.9869757,0,0,0,1,0.05,0.05,0.05
Blob8:0.3785758,-0.7703618,0.505583,0,0,0,1,0.05,0.05,0.05
Blob4:0.3880978,-0.7703618,0.8242853,0,0,0,1,0.05,0.05,0.05
-8587947572805088961
Blob11:0.7481697,-0.7703618,0.5370156,0,0,0,1,0.05,0.05,0.05
Blob5:0.5741598,-0.7703618,1.038572,0,0,0,1,0.05,0.05,0.05
Blob6:0.4673406,-0.7703618,0.9869757,0,0,0,1,0.05,0.05,0.05
Blob8:0.3785758,-0.7703618,0.505583,0,0,0,1,0.05,0.05,0.05
Blob4:0.3880978,-0.7703618,0.8242853,0,0,0,1,0.05,0.05,0.05
-8587947572804919076
Blob11:0.7386975,-0.7703618,0.5492321,0,0,0,1,0.05,0.05,0.05
Blob5:0.5741598,-0.7703618,1.038572,0,0,0,1,0.05,0.05,0.05
Blob6:0.4673406,-0.7703618,0.9869757,0,0,0,1,0.05,0.05,0.05
Blob8:0.3785758,-0.7703618,0.505583,0,0,0,1,0.05,0.05,0.05
Blob4:0.3880978,-0.7703618,0.8242853,0,0,0,1,0.05,0.05,0.05
-8587947572804758955
Blob11:0.7269807,-0.7703618,0.5684414,0,0,0,1,0.05,0.05,0.05
Blob5:0.5741598,-0.7703618,1.038572,0,0,0,1,0.05,0.05,0.05
Blob6:0.4673406,-0.7703618,0.9869757,0,0,0,1,0.05,0.05,0.05
Blob8:0.3785758,-0.7703618,0.505583,0,0,0,1,0.05,0.05,0.05
Blob4:0.3880978,-0.7703618,0.8242853,0,0,0,1,0.05,0.05,0.05
-8587947572804588455
Blob11:0.7177047,-0.7703618,0.5852807,0,0,0,1,0.05,0.05,0.05
Blob5:0.5741598,-0.7703618,1.038572,0,0,0,1,0.05,0.05,0.05
Blob6:0.4673406,-0.7703618,0.9869757,0,0,0,1,0.05,0.05,0.05
Blob8:0.3785758,-0.7703618,0.505583,0,0,0,1,0.05,0.05,0.05
Blob4:0.3880978,-0.7703618,0.8242853,0,0,0,1,0.05,0.05,0.05
-8587947572804428490
Blob11:0.7039503,-0.7703618,0.6126803,0,0,0,1,0.05,0.05,0.05
Blob5:0.5741598,-0.7703618,1.038572,0,0,0,1,0.05,0.05,0.05
Blob6:0.4673406,-0.7703618,0.9869757,0,0,0,1,0.05,0.05,0.05
Blob8:0.3785758,-0.7703618,0.505583,0,0,0,1,0.05,0.05,0.05
Blob4:0.3880978,-0.7703618,0.8242853,0,0,0,1,0.05,0.05,0.05
-8587947572804258488
Blob11:0.6881409,-0.7703618,0.6385475,0,0,0,1,0.05,0.05,0.05
Blob5:0.5741598,-0.7703618,1.038572,0,0,0,1,0.05,0.05,0.05
Blob6:0.4673406,-0.7703618,0.9869757,0,0,0,1,0.05,0.05,0.05
Blob8:0.3785758,-0.7703618,0.505583,0,0,0,1,0.05,0.05,0.05
Blob4:0.3880978,-0.7703618,0.8242853,0,0,0,1,0.05,0.05,0.05
-8587947572804087288
Blob11:0.685903,-0.7703618,0.6470261,0,0,0,1,0.05,0.05,0.05
Blob5:0.5741598,-0.7703618,1.038572,0,0,0,1,0.05,0.05,0.05
Blob6:0.4673406,-0.7703618,0.9869757,0,0,0,1,0.05,0.05,0.05
Blob8:0.3785758,-0.7703618,0.505583,0,0,0,1,0.05,0.05,0.05
Blob4:0.3880978,-0.7703618,0.8242853,0,0,0,1,0.05,0.05,0.05
-8587947572803926970
Blob11:0.6836702,-0.7703618,0.6506739,0,0,0,1,0.05,0.05,0.05
Blob5:0.5741598,-0.7703618,1.038572,0,0,0,1,0.05,0.05,0.05
Blob6:0.4673406,-0.7703618,0.9869757,0,0,0,1,0.05,0.05,0.05
Blob8:0.3785758,-0.7703618,0.505583,0,0,0,1,0.05,0.05,0.05
Blob4:0.3880978,-0.7703618,0.8242853,0,0,0,1,0.05,0.05,0.05
-8587947572803757010
Blob11:0.6814424,-0.7703618,0.6511096,0,0,0,1,0.05,0.05,0.05
Blob5:0.5741598,-0.7703618,1.038572,0,0,0,1,0.05,0.05,0.05
Blob6:0.4673406,-0.7703618,0.9869757,0,0,0,1,0.05,0.05,0.05
Blob8:0.3785758,-0.7703618,0.505583,0,0,0,1,0.05,0.05,0.05
Blob4:0.3880978,-0.7703618,0.8242853,0,0,0,1,0.05,0.05,0.05
-8587947572803597256
Blob11:0.6814423,-0.7703618,0.6543136,0,0,0,1,0.05,0.05,0.05
Blob5:0.5741598,-0.7703618,1.038572,0,0,0,1,0.05,0.05,0.05
Blob6:0.4673406,-0.7703618,0.9869757,0,0,0,1,0.05,0.05,0.05
Blob8:0.3785758,-0.7703618,0.505583,0,0,0,1,0.05,0.05,0.05
Blob4:0.3880978,-0.7703618,0.8242853,0,0,0,1,0.05,0.05,0.05
-8587947572803426959
Blob11:0.6792197,-0.7703618,0.657945,0,0,0,1,0.05,0.05,0.05
Blob5:0.5741598,-0.7703618,1.038572,0,0,0,1,0.05,0.05,0.05
Blob6:0.4673406,-0.7703618,0.9869757,0,0,0,1,0.05,0.05,0.05
Blob8:0.3785758,-0.7703618,0.505583,0,0,0,1,0.05,0.05,0.05
Blob4:0.3880978,-0.7703618,0.8242853,0,0,0,1,0.05,0.05,0.05
-8587947572803267238
Blob11:0.6792197,-0.7703618,0.6611454,0,0,0,1,0.05,0.05,0.05
Blob5:0.5741598,-0.7703618,1.038572,0,0,0,1,0.05,0.05,0.05
Blob6:0.4673406,-0.7703618,0.9869757,0,0,0,1,0.05,0.05,0.05
Blob8:0.3785758,-0.7703618,0.505583,0,0,0,1,0.05,0.05,0.05
Blob4:0.3880978,-0.7703618,0.8242853,0,0,0,1,0.05,0.05,0.05
-8587947572803097242
Blob11:0.6792198,-0.7703618,0.667546,0,0,0,1,0.05,0.05,0.05
Blob5:0.5741598,-0.7703618,1.038572,0,0,0,1,0.05,0.05,0.05
Blob6:0.4673406,-0.7703618,0.9869757,0,0,0,1,0.05,0.05,0.05
Blob8:0.3785758,-0.7703618,0.505583,0,0,0,1,0.05,0.05,0.05
Blob4:0.3880978,-0.7703618,0.8242853,0,0,0,1,0.05,0.05,0.05
-8587947572802936275
Blob11:0.6792198,-0.7703618,0.6803474,0,0,0,1,0.05,0.05,0.05
Blob5:0.5741598,-0.7703618,1.038572,0,0,0,1,0.05,0.05,0.05
Blob6:0.4673406,-0.7703618,0.9869757,0,0,0,1,0.05,0.05,0.05
Blob8:0.3785758,-0.7703618,0.505583,0,0,0,1,0.05,0.05,0.05
Blob4:0.3880978,-0.7703618,0.8242853,0,0,0,1,0.05,0.05,0.05
-8587947572802765413
-8587947572802605146
-8587947572802435407
-8587947572802265128
-8587947572802095295
-8587947572801935109
-8587947572801775027
-8587947572801605088
-8587947572801444414
-8587947572801272879
-8587947572801111758
-8587947572800941686
-8587947572800780780
-8587947572800608991
-8587947572800447595
-8587947572800277337
-8587947572800115877
-8587947572799944526
-8587947572799784576
-8587947572799614741
-8587947572799453692
-8587947572799283708
-8587947572799123955
-8587947572798953705
-8587947572798793834
-8587947572798622854
-8587947572798463094
-8587947572798291734
-8587947572798131769
-8587947572797960992
-8587947572797789897
-8587947572797629398
-8587947572797469336
-8587947572797299362
-8587947572797137468
-8587947572796966092
-8587947572796805801
-8587947572796634973
-8587947572796474443
-8587947572796303050
-8587947572796143006
-8587947572795972986
-8587947572795802978
-8587947572795642084
-8587947572795479200
-8587947572795309603
-8587947572795147054
-8587947572794976273
-8587947572794813187
-8587947572794653177
-8587947572794480232
-8587947572794319068
-8587947572794149054
-8587947572793987013
-8587947572793817002
-8587947572793656931
-8587947572793496308
-8587947572793325398
-8587947572793155348
-8587947572792995781
-8587947572792825809
-8587947572792665796
-8587947572792495547
-8587947572792335751
-8587947572792165136
-8587947572792004217
-8587947572791833884
-8587947572791663136
-8587947572791500536
-8587947572791339053
-8587947572791167101
-8587947572791006931
-8587947572790836307
-8587947572790675150
-8587947572790511731
-8587947572790341923
-8587947572790170227
-8587947572790010163
-8587947572789849259
-8587947572789679502
-8587947572789519223
-8587947572789349236
-8587947572789189015
-8587947572789019460
-8587947572788858212
-8587947572788677850
-8587947572788526992
-8587947572788346480
-8587947572788186714
-8587947572788024328
-8587947572787853505
-8587947572787693374
-8587947572787523572
-8587947572787363815
-8587947572787192865
-8587947572787032103
-8587947572786860333
-8587947572786700555
-8587947572786530794
-8587947572786370796
-8587947572786200638
-8587947572786030581
-8587947572785868959
-8587947572785707630
-8587947572785537534
-8587947572785377108
-8587947572785206629
-8587947572785036820
-8587947572784875107
-8587947572784713899
-8587947572784543224
-8587947572784381620
-8587947572784208853
-8587947572784047629
-8587947572783886982
-8587947572783714496
-8587947572783554480
-8587947572783384433
-8587947572783224437
-8587947572783054031
Blob11:0.6792198,-0.7703618,0.6803474,0,0,0,1,0.05,0.05,0.05
Blob5:0.5741598,-0.7703618,1.038572,0,0,0,1,0.05,0.05,0.05
Blob6:0.4673406,-0.7703618,0.9869757,0,0,0,1,0.05,0.05,0.05
Blob8:0.365864,-0.7703618,0.5138662,0,0,0,1,0.05,0.05,0.05
Blob4:0.3880978,-0.7703618,0.8242853,0,0,0,1,0.05,0.05,0.05
-8587947572782892412
-8587947572782720430
-8587947572782559019
-8587947572782388960
-8587947572782227845
-8587947572782055534
-8587947572781894730
-8587947572781724163
-8587947572781562194
-8587947572781389315
-8587947572781227071
-8587947572781065492
-8587947572780905702
-8587947572780735691
-8587947572780565942
-8587947572780405694
-8587947572780235930
-8587947572780065654
-8587947572779905650
-8587947572779741655
-8587947572779571741
-8587947572779402004
-8587947572779239733
-8587947572779078676
-8587947572778915466
-8587947572778744392
-8587947572778573440
-8587947572778411437
-8587947572778250237
-8587947572778078651
-8587947572777917735
-8587947572777747694
-8587947572777585894
-8587947572777414784
-8587947572777255160
-8587947572777095111
-8587947572776925148
-8587947572776754603
-8587947572776593503
-8587947572776431781
-8587947572776260901
-8587947572776090280
-8587947572775929558
-8587947572775757799
-8587947572775596962
-8587947572775424436
-8587947572775263696
-8587947572775100295
-8587947572774940542
-8587947572774770051
-8587947572774607876
-8587947572774437862
-8587947572774273602
-8587947572774103851
-8587947572773943834
-8587947572773773561
-8587947572773613816
-8587947572773443353
-8587947572773271763
-8587947572773112012
-8587947572772941304
-8587947572772780932
-8587947572772621239
-8587947572772450965
-8587947572772280245
-8587947572772119151
-8587947572771949143
-8587947572771787786
-8587947572771616656
-8587947572771456893
-8587947572771286659
-8587947572771125411
-8587947572770955626
-8587947572770795867
-8587947572770625581
-8587947572770465861
-8587947572770295817
-8587947572770135797
-8587947572769964497
-8587947572769804454
-8587947572769634304
-8587947572769474463
-8587947572769304021
-8587947572769134004
-8587947572768971802
-8587947572768811405
-8587947572768630998
-8587947572768470919
-8587947572768310954
-8587947572768140955
-8587947572767800921
-8587947572767630907
-8587947572767460872
-8587947572767300889
-8587947572767140873
-8587947572766970841
-8587947572766808974
-8587947572766638957
-8587947572766478669
-8587947572766306440
-8587947572766145337
-8587947572765975196
-8587947572765815053
-8587947572765644897
-8587947572765484830
-8587947572765314894
-8587947572765142994
-8587947572764982443
-8587947572764821874
-8587947572764651870
-8587947572764481421
-8587947572764311815
-8587947572764151810
-8587947572763981824
-8587947572763821566
-8587947572763661809
-8587947572763491542
-8587947572763331378
-8587947572763161101
-8587947572762988509
-8587947572762827126
-8587947572762667387
-8587947572762497379
-8587947572762327335
-8587947572762163316
-8587947572762003369
-8587947572761833349
-8587947572761671570
-8587947572761500497
-8587947572761338358
-8587947572761178354
-8587947572761008558
-8587947572760838592
-8587947572760678078
-8587947572760518086
-8587947572760345316
-8587947572760184303
-8587947572760012291
-8587947572759840692
-8587947572759680582
-8587947572759521131
-8587947572759350613
-8587947572759191113
-8587947572759010844
-8587947572758860596
-8587947572758689674
-8587947572758519204
-8587947572758358626
-8587947572758188573
-8587947572758028551
-8587947572757858546
-8587947572757688487
-8587947572757528531
-8587947572757368023
-8587947572757198241
-8587947572757036719
-8587947572756865881
-8587947572756704621
-8587947572756533409
-8587947572756373607
-8587947572756203393
-8587947572756033573
-8587947572755871655
-8587947572755700536
-8587947572755539720
-8587947572755368166
-8587947572755207374
-8587947572755047367
-8587947572754877350
-8587947572754707333
-8587947572754547335
-8587947572754387005
-8587947572754216288
-8587947572754045196
-8587947572753884860
-8587947572753712887
-8587947572753552424
-8587947572753391901
-8587947572753220196
-8587947572753059827
-8587947572752890169
-8587947572752729824
-8587947572752559236
-8587947572752389256
-8587947572752228002
-8587947572752057134
-8587947572751897392
