-8587927614224527440
Blob15:0.2921472,-0.4639604,0.8805866,0,0,0,1,0.05,0.05,0.05
Blob13:0.7530591,-0.5776517,1.071907,0,0,0,1,0.05,0.05,0.05
Blob2:0.7792811,-0.4572474,1.253927,0,0,0,1,0.05,0.05,0.05
Blob4:0.8836035,-0.7120438,1.219379,0,0,0,1,0.05,0.05,0.05
Blob5:0.3937988,-0.497385,1.332943,0,0,0,1,0.05,0.05,0.05
-8587927614224477398
-8587927614223037754
-8587927614222867632
-8587927614222827595
-8587927614222727520
-8587927614222638050
-8587927614222547426
-8587927614222456917
-8587927614222332521
-8587927614222237254
-8587927614222139687
-8587927614222037995
-8587927614221956300
-8587927614221856406
-8587927614221784302
-8587927614221683557
-8587927614221603357
-8587927614221516613
-8587927614221423065
-8587927614221331497
-8587927614221241156
-8587927614221149489
-8587927614221059091
-8587927614220968229
-8587927614220868002
-8587927614220787773
-8587927614220711723
-8587927614220621432
-8587927614220530701
-8587927614220439958
-8587927614220349001
-8587927614220256620
-8587927614220175677
-8587927614220080385
-8587927614219988829
-8587927614219897387
-8587927614219804185
-8587927614219703925
-8587927614219622916
-8587927614219533376
-8587927614219452043
-8587927614219350330
-8587927614219269202
-8587927614219187913
-8587927614219096357
-8587927614219005844
-8587927614218914280
-8587927614218824653
-8587927614218724583
-8587927614218643032
-8587927614218541963
-8587927614218460424
-8587927614218370810
-8587927614218290803
-8587927614218189714
-8587927614218109009
-8587927614218017444
-8587927614217943103
-8587927614217856091
-8587927614217766637
-8587927614217676494
-8587927614217578644
-8587927614217501264
-8587927614217400586
-8587927614217315611
-8587927614217223480
-8587927614217153773
-8587927614217051034
-8587927614216976807
-8587927614216879031
-8587927614216798827
-8587927614216708761
-8587927614216618588
-8587927614216518563
-8587927614216438399
-8587927614216340730
-8587927614216260542
-8587927614216164150
-8587927614216063110
-8587927614215982253
-8587927614215891387
-8587927614215810838
-8587927614215710352
-8587927614215630160
-8587927614215550124
-8587927614215460046
-8587927614215380006
-8587927614215289919
-8587927614215188293
-8587927614215107271
-8587927614215009253
-8587927614214928486
-8587927614214838556
-8587927614214747263
-8587927614214666714
-8587927614214557089
-8587927614214477004
-8587927614214406940
-8587927614214315864
-8587927614214235960
-8587927614214145898
-8587927614214065841
-8587927614213965758
-8587927614213885710
-8587927614213804405
-8587927614213705299
-8587927614213614133
-8587927614213535994
-8587927614213430344
-8587927614213320091
-8587927614213229644
-8587927614213139406
-8587927614213049500
-8587927614212969345
-8587927614212859376
-8587927614212789341
-8587927614212699279
-8587927614212619239
-8587927614212519160
-8587927614212429094
-8587927614212359042
-8587927614212268997
-8587927614212178923
-8587927614212078852
-8587927614212008801
-8587927614211908726
-8587927614211838691
-8587927614211738489
-8587927614211668568
-8587927614211578494
-8587927614211478305
-8587927614211408384
-8587927614211318195
-8587927614211228130
-8587927614211148204
-8587927614211058126
-8587927614210978066
-8587927614210877880
-8587927614210807943
-8587927614210717882
-8587927614210617696
-8587927614210547640
-8587927614210457693
-8587927614210337629
-8587927614210257556
-8587927614210167449
-8587927614210077445
-8587927614210007393
-8587927614209907323
-8587927614209837148
-8587927614209737204
-8587927614209667153
-8587927614209567074
-8587927614209487025
-8587927614209396836
-8587927614209316907
-8587927614209226829
-8587927614209146772
-8587927614209041102
-8587927614208956041
-8587927614208885985
-8587927614208795940
-8587927614208710866
-8587927614208620685
-8587927614208535756
-8587927614208455699
-8587927614208355624
-8587927614208270432
-8587927614208185440
-8587927614208100416
-8587927614208010383
-8587927614207925322
-8587927614207835260
-8587927614207750187
-8587927614207665006
-8587927614207580064
-8587927614207489994
-8587927614207409954
-8587927614207314892
-8587927614207234700
-8587927614207144770
-8587927614207064303
-8587927614206984098
-8587927614206888626
-8587927614206813114
-8587927614206717493
-8587927614206630511
-8587927614206537501
-8587927614206454251
-8587927614206356688
-8587927614206264582
-8587927614206174225
-8587927614206090465
-8587927614205997538
-8587927614205897102
-8587927614205826512
-8587927614205697198
-8587927614205626769
-8587927614205542106
-8587927614205446416
-8587927614205363867
-8587927614205269014
-8587927614205177967
-8587927614205086978
-8587927614204997273
-8587927614204906998
-8587927614204819499
-8587927614204721870
-8587927614204641958
-8587927614204547934
-8587927614204460800
-8587927614204364194
-8587927614204282631
-8587927614204192167
-8587927614204100939
-8587927614204020102
-8587927614203932582
-8587927614203827564
-8587927614203748308
-8587927614203660611
-8587927614203549201
-8587927614203458499
-8587927614203376312
-8587927614203281730
-8587927614203199165
-8587927614203101804
-8587927614203011697
-8587927614202906572
-8587927614202826713
-8587927614202712749
-8587927614202632873
-8587927614202542175
-8587927614202440766
-8587927614202360713
-8587927614202259735
-8587927614202178114
-8587927614202078031
-8587927614201997995
-8587927614201897013
-8587927614201816965
-8587927614201716093
-8587927614201614943
-8587927614201534689
-8587927614201434639
-8587927614201354562
-8587927614201274505
-8587927614201178917
-8587927614201093286
-8587927614201008803
-8587927614200914595
-8587927614200843727
-8587927614200741004
-8587927614200664293
-8587927614200572269
-8587927614200488287
-8587927614200393702
-8587927614200311083
-8587927614200209887
-8587927614200127384
-8587927614200042237
-8587927614199948513
-8587927614199861793
-8587927614199772179
-8587927614199679449
-8587927614199589235
-8587927614199510254
Blob15:0.8171759,-0.7703618,0.505583,0,0,0,1,0.05,0.05,0.05
Blob13:0.6709759,-0.7703618,0.505583,0,0,0,1,0.05,0.05,0.05
Blob2:0.5247759,-0.7703618,0.505583,0,0,0,1,0.05,0.05,0.05
Blob4:0.3785758,-0.7703618,0.505583,0,0,0,1,0.05,0.05,0.05
Blob5:0.2323758,-0.7703618,0.505583,0,0,0,1,0.05,0.05,0.05
-8587927614199414416
-8587927614199333267
-8587927614199232100
-8587927614199157315
-8587927614199061005
-8587927614198970993
-8587927614198880824
-8587927614198791136
-8587927614198699428
-8587927614198629389
-8587927614198528674
-8587927614198427765
-8587927614198339531
-8587927614198248320
-8587927614198157560
-8587927614198066320
-8587927614197977753
-8587927614197897524
-8587927614197817504
-8587927614197715853
-8587927614197632298
-8587927614197540689
-8587927614197451498
-8587927614197357868
-8587927614197267876
-8587927614197187573
-8587927614197090319
-8587927614197010266
-8587927614196916658
-8587927614196836613
-8587927614196741970
-8587927614196652417
-8587927614196562561
-8587927614196461099
-8587927614196379621
-8587927614196292856
-8587927614196211938
-8587927614196123321
-8587927614196028522
-8587927614195937914
-8587927614195847487
-8587927614195756182
-8587927614195664219
-8587927614195580431
-8587927614195487179
-8587927614195387256
-8587927614195307199
-8587927614195217101
-8587927614195116250
-8587927614195025733
-8587927614194947967
-8587927614194853397
-8587927614194762761
-8587927614194652673
-8587927614194582486
-8587927614194493734
-8587927614194404887
-8587927614194310572
-8587927614194220983
-8587927614194139764
-8587927614194051579
-8587927614193973493
-8587927614193880660
-8587927614193802086
-8587927614193710443
-8587927614193642017
-8587927614193546257
-8587927614193461131
-8587927614193370285
-8587927614193303526
-8587927614193222143
-8587927614193136655
-8587927614193041268
-8587927614192916663
-8587927614192886455
-8587927614192800565
-8587927614192710503
-8587927614192628804
-8587927614192537741
-8587927614192454696
-8587927614192370546
-8587927614192297280
-8587927614192206996
-8587927614192127005
-8587927614192034903
-8587927614191952293
-8587927614191862174
-8587927614191762095
-8587927614191681234
-8587927614191587678
-8587927614191504699
-8587927614191404488
-8587927614191333127
-8587927614191237071
-8587927614191164425
-8587927614191075673
-8587927614190994352
-8587927614190900439
-8587927614190810382
-8587927614190728761
-8587927614190647773
-8587927614190546700
-8587927614190472141
-8587927614190376192
-8587927614190297810
-8587927614190200223
-8587927614190122613
-8587927614190030988
-8587927614189960123
-8587927614189860188
-8587927614189780246
-8587927614189671813
-8587927614189591588
-8587927614189510242
-8587927614189430904
-8587927614189348142
-8587927614189244651
-8587927614189168749
-8587927614189080264
-8587927614188989997
-8587927614188896992
-8587927614188815457
-8587927614188734592
-8587927614188640589
-8587927614188552161
-8587927614188478895
-8587927614188375018
-8587927614188304971
-8587927614188214893
-8587927614188118098
-8587927614188019723
-8587927614187959689
-8587927614187848307
-8587927614187797773
-8587927614187694492
-8587927614187611245
-8587927614187513121
-8587927614187453090
-8587927614187361929
-8587927614187267995
-8587927614187197944
-8587927614187116561
-8587927614187026520
-8587927614186955939
-8587927614186861127
-8587927614186780923
-8587927614186710863
-8587927614186630814
-8587927614186528810
-8587927614186448606
-8587927614186361163
-8587927614186290627
-8587927614186204314
-8587927614186124253
-8587927614186033719
-8587927614185963668
-8587927614185873602
-8587927614185803555
-8587927614185723502
-8587927614185643445
-8587927614185553384
-8587927614185483332
-8587927614185393266
-8587927614185313206
-8587927614185223144
-8587927614185143087
-8587927614185063035
-8587927614184982974
-8587927614184882907
-8587927614184812856
-8587927614184732799
-8587927614184662752
-8587927614184562681
-8587927614184492629
-8587927614184392559
-8587927614184322511
-8587927614184192417
-8587927614184132375
-8587927614184052322
-8587927614183972261
-8587927614183872191
-8587927614183802143
-8587927614183722082
-8587927614183642030
-8587927614183561973
-8587927614183491922
-8587927614183421870
-8587927614183351822
-8587927614183291776
-8587927614183221728
-8587927614183161686
-8587927614183091638
-8587927614183031596
-8587927614182981563
-8587927614182911027
-8587927614182850984
-8587927614182800951
-8587927614182725895
-8587927614182670861
-8587927614182605814
-8587927614182545771
-8587927614182480724
-8587927614182420682
-8587927614182365640
-8587927614182305597
-8587927614182240554
-8587927614182180512
-8587927614182125474
-8587927614182055422
-8587927614182000385
-8587927614181930333
-8587927614181870291
-8587927614181815253
-8587927614181745205
-8587927614181690167
-8587927614181630121
-8587927614181565078
-8587927614181500031
-8587927614181424975
-8587927614181379946
-8587927614181314899
-8587927614181249856
-8587927614181194814
-8587927614181139776
-8587927614181064720
-8587927614181009682
-8587927614180949639
-8587927614180884596
-8587927614180824546
-8587927614180759499
-8587927614180699456
-8587927614180644418
-8587927614180564362
-8587927614180514324
-8587927614180454286
-8587927614180389239
-8587927614180324184
-8587927614180254136
-8587927614180209103
-8587927614180139056
-8587927614180064000
-8587927614179998953
-8587927614179928905
-8587927614179848848
-8587927614179758795
-8587927614179693740
-8587927614179598674
-8587927614179528622
-8587927614179433556
-8587927614179348495
-8587927614179268438
-8587927614179193382
-8587927614179103320
-8587927614179028268
-8587927614178933202
-8587927614178848141
-8587927614178768084
-8587927614178698037
-8587927614178597962
-8587927614178522910
-8587927614178432848
-8587927614178357796
-8587927614178262726
-8587927614178177669
-8587927614178097612
-8587927614178022556
-8587927614177927490
-8587927614177852437
-8587927614177762372
-8587927614177687336
-8587927614177592253
-8587927614177507192
-8587927614177417131
-8587927614177332069
-8587927614177231999
-8587927614177156943
-8587927614177051879
-8587927614176981836
-8587927614176896763
-8587927614176806697
-8587927614176726640
-8587927614176636579
-8587927614176561518
-8587927614176406414
-8587927614176371390
-8587927614176291342
-8587927614176181253
-8587927614176086187
-8587927614175996126
-8587927614175916069
-8587927614175831008
-8587927614175750951
-8587927614175675899
-8587927614175580829
-8587927614175475758
-8587927614175410711
-8587927614175345668
-8587927614175245593
-8587927614175175545
-8587927614175075470
-8587927614175000422
-8587927614174915361
-8587927614174820295
-8587927614174745243
-8587927614174670187
-8587927614174575121
-8587927614174500068
-8587927614174410003
-8587927614174329946
-8587927614174244885
-8587927614174149819
-8587927614174064758
-8587927614173999715
-8587927614173899640
-8587927614173829592
-8587927614173739526
-8587927614173664479
-8587927614173569408
-8587927614173494356
-8587927614173399286
-8587927614173329238
-8587927614173239177
-8587927614173144106
-8587927614173069054
-8587927614172984010
-8587927614172900476
-8587927614172819815
-8587927614172729056
-8587927614172648572
-8587927614172553436
-8587927614172451588
-8587927614172394838
-8587927614172298162
-8587927614172220581
-8587927614172130183
-8587927614172040117
-8587927614171964917
-8587927614171869724
-8587927614171791987
-8587927614171699565
-8587927614171620128
-8587927614171526786
-8587927614171445650
-8587927614171356873
-8587927614171269365
-8587927614171183528
-8587927614171084993
-8587927614171012909
-8587927614170916200
-8587927614170835483
-8587927614170752310
-8587927614170674158
-8587927614170582960
-8587927614170482704
-8587927614170411979
-8587927614170321971
-8587927614170233761
-8587927614170139228
-8587927614170058769
-8587927614169967373
-8587927614169877299
-8587927614169786421
-8587927614169676361
-8587927614169646712
-8587927614169536525
-8587927614169453307
-8587927614169373649
-8587927614169303601
-8587927614169202726
-8587927614169116466
-8587927614169033860
-8587927614168953561
-8587927614168852390
-8587927614168782576
-8587927614168694498
-8587927614168610791
-8587927614168509854
-8587927614168428426
-8587927614168348374
-8587927614168251789
-8587927614168176712
-8587927614168087065
-8587927614168012255
-8587927614167922193
-8587927614167831483
-8587927614167751431
-8587927614167670553
-8587927614167560703
-8587927614167488833
-8587927614167390030
-8587927614167328691
-8587927614167214518
-8587927614167142733
-8587927614167072600
-8587927614166981323
-8587927614166886873
-8587927614166801824
-8587927614166711848
-8587927614166630461
-8587927614166551636
-8587927614166461751
-8587927614166371172
-8587927614166301121
-8587927614166212373
-8587927614166133848
-8587927614166041138
-8587927614165961492
-8587927614165851564
-8587927614165776298
-8587927614165673292
-8587927614165578123
-8587927614165492114
-8587927614165416984
-8587927614165339119
-8587927614165251209
-8587927614165154320
-8587927614165069468
-8587927614164980338
-8587927614164893836
-8587927614164793774
-8587927614164710892
-8587927614164630553
-8587927614164525740
-8587927614164449206
-8587927614164348926
-8587927614164257476
-8587927614164177485
-8587927614164097987
-8587927614164007219
-8587927614163909793
-8587927614163835348
-8587927614163743657
-8587927614163653874
-8587927614163564896
-8587927614163476296
-8587927614163395271
-8587927614163305262
-8587927614163222492
-8587927614163140251
-8587927614163039955
-8587927614162968942
-8587927614162877276
-8587927614162797207
-8587927614162717577
-8587927614162647525
-8587927614162570154
-8587927614162502791
-8587927614162432744
-8587927614162362696
-8587927614162304505
-8587927614162234331
-8587927614162174461
-8587927614162104195
-8587927614162034324
-8587927614161978363
-8587927614161908319
-8587927614161848273
-8587927614161787298
-8587927614161707234
-8587927614161647060
-8587927614161573120
-8587927614161513086
-8587927614161433021
-8587927614161372983
-8587927614161292257
-8587927614161232219
-8587927614161172024
-8587927614161101468
-8587927614161031420
-8587927614160960580
-8587927614160890225
-8587927614160826307
-8587927614160765148
-8587927614160691069
-8587927614160620102
-8587927614160539347
-8587927614160475659
-8587927614160415617
-8587927614160345565
-8587927614160272352
-8587927614160201356
-8587927614160140370
-8587927614160069632
-8587927614159996009
-8587927614159934739
-8587927614159863045
-8587927614159803007
-8587927614159722022
-8587927614159661643
-8587927614159601601
-8587927614159541415
-8587927614159471507
-8587927614159390699
-8587927614159320208
-8587927614159249947
-8587927614159179748
-8587927614159099814
-8587927614159038848
-8587927614158980505
-8587927614158899849
-8587927614158829100
-8587927614158759048
-8587927614158688352
-8587927614158618440
-8587927614158558274
-8587927614158497402
-8587927614158427359
-8587927614158366865
-8587927614158306675
-8587927614158226261
-8587927614158156205
-8587927614158076153
-8587927614158016110
-8587927614157955789
-8587927614157885601
-8587927614157825087
-8587927614157764556
-8587927614157703380
-8587927614157643744
-8587927614157551999
-8587927614157492039
-8587927614157421987
-8587927614157351817
-8587927614157277602
-8587927614157206220
-8587927614157134720
-8587927614157064561
-8587927614157014019
-8587927614156953007
-8587927614156873456
-8587927614156803417
-8587927614156731842
-8587927614156671808
-8587927614156593771
-8587927614156533901
-8587927614156449328
-8587927614156384983
-8587927614156324941
-8587927614156244125
-8587927614156183717
-8587927614156109449
-8587927614156039089
-8587927614155962908
-8587927614155878496
-8587927614155798316
-8587927614155724500
-8587927614155634434
-8587927614155542463
-8587927614155469801
-8587927614155369401
-8587927614155288577
-8587927614155197764
-8587927614155074325
-8587927614155014278
-8587927614154918830
-8587927614154845404
-8587927614154755552
-8587927614154662074
-8587927614154583919
-8587927614154493138
-8587927614154399764
-8587927614154328283
-8587927614154235582
-8587927614154146235
-8587927614154063370
-8587927614153975152
-8587927614153883341
-8587927614153797028
-8587927614153704889
-8587927614153634135
-8587927614153535986
-8587927614153455096
-8587927614153360629
-8587927614153289198
-8587927614153192756
-8587927614153121961
-8587927614153030368
-8587927614152942199
-8587927614152858661
-8587927614152778609
-8587927614152690563
-8587927614152607435
-8587927614152519689
-8587927614152429624
-8587927614152337907
-8587927614152243806
-8587927614152163704
-8587927614152083853
-8587927614151992769
-8587927614151910130
-8587927614151821903
-8587927614151727548
-8587927614151647113
-8587927614151550269
-8587927614151468341
-8587927614151387323
-8587927614151297159
-8587927614151212857
-8587927614151129040
-8587927614151037221
-8587927614150946712
-8587927614150850459
-8587927614150780396
-8587927614150679964
-8587927614150604255
-8587927614150524202
-8587927614150448653
-8587927614150356091
-8587927614150273727
-8587927614150184044
-8587927614150094704
-8587927614150010255
-8587927614149919253
-8587927614149838458
-8587927614149749894
-8587927614149668582
-8587927614149588279
-8587927614149497564
-8587927614149405947
-8587927614149319715
-8587927614149236612
-8587927614149143640
-8587927614149053024
-8587927614148968488
-8587927614148878554
-8587927614148807915
-8587927614148723729
-8587927614148637263
-8587927614148553315
-8587927614148466849
-8587927614148372149
-8587927614148292117
-8587927614148203668
-8587927614148114313
-8587927614148021357
-8587927614147943066
-8587927614147851834
-8587927614147763111
-8587927614147671559
-8587927614147576415
-8587927614147499749
-8587927614147416687
-8587927614147320201
-8587927614147228497
-8587927614147154705
-8587927614147060809
-8587927614146979336
-8587927614146883408
-8587927614146801228
-8587927614146713408
-8587927614146631677
-8587927614146544669
-8587927614146464605
-8587927614146360379
-8587927614146290118
-8587927614146188032
-8587927614146117836
-8587927614146030965
-8587927614145949159
-8587927614145859414
-8587927614145774570
-8587927614145682702
-8587927614145588912
-8587927614145498071
-8587927614145417546
-8587927614145327349
-8587927614145240691
-8587927614145160047
-8587927614145070330
-8587927614144977694
-8587927614144886836
-8587927614144817943
-8587927614144706590
-8587927614144636538
-8587927614144546136
-8587927614144455939
-8587927614144374228
-8587927614144287422
-8587927614144190828
-8587927614144110267
-8587927614144028436
-8587927614143938350
-8587927614143845016
-8587927614143774698
-8587927614143691217
-8587927614143601870
-8587927614143522093
-8587927614143419981
-8587927614143348370
-8587927614143253784
-8587927614143152802
-8587927614143080866
-8587927614143000489
-8587927614142898509
-8587927614142818424
-8587927614142738236
-8587927614142641630
-8587927614142555551
-8587927614142471988
-8587927614142391451
-8587927614142295736
-8587927614142205165
-8587927614142120802
-8587927614142042847
-8587927614141946045
-8587927614141865491
-8587927614141789487
-8587927614141695747
-8587927614141607602
-8587927614141517512
-8587927614141406984
-8587927614141356947
-8587927614141278923
-8587927614141180761
-8587927614141109498
-8587927614141020007
-8587927614140928160
-8587927614140827633
-8587927614140747392
-8587927614140677525
-8587927614140577454
-8587927614140492594
-8587927614140391916
-8587927614140320263
-8587927614140229384
-8587927614140145432
-8587927614140064529
-8587927614139983561
-8587927614139877406
-8587927614139806706
-8587927614139716517
-8587927614139636579
-8587927614139546953
-8587927614139459059
-8587927614139370323
-8587927614139301393
-8587927614139200866
-8587927614139130190
-8587927614139028280
-8587927614138958635
-8587927614138869403
-8587927614138787068
-8587927614138695738
-8587927614138616268
-8587927614138520565
-8587927614138439684
-8587927614138348062
-8587927614138254638
-8587927614138154083
-8587927614138055215
-8587927614137974095
-8587927614137879484
-8587927614137782078
-8587927614137702021
-8587927614137628082
-8587927614137531287
-8587927614137457528
-8587927614137368957
-8587927614137273932
-8587927614137186740
-8587927614137116064
-8587927614136994826
-8587927614136908254
-8587927614136801729
-8587927614136721008
-8587927614136639974
-8587927614136544292
-8587927614136450166
-8587927614136378570
-8587927614136287331
-8587927614136196316
-8587927614136124762
-8587927614136037127
-8587927614135954722
-8587927614135862452
-8587927614135775600
-8587927614135690560
-8587927614135608040
-8587927614135508265
-8587927614135418100
-8587927614135327817
-8587927614135237751
-8587927614135157625
-8587927614135067428
-8587927614134976434
-8587927614134905566
-8587927614134815496
-8587927614134721953
-8587927614134650936
-8587927614134563087
-8587927614134472845
-8587927614134371941
-8587927614134311878
-8587927614134218897
-8587927614134116860
-8587927614134035215
-8587927614133958623
-8587927614133866036
-8587927614133752947
-8587927614133699970
-8587927614133596254
-8587927614133517790
-8587927614133435085
-8587927614133355017
-8587927614133253406
-8587927614133179064
-8587927614133097657
-8587927614133004697
-8587927614132933057
-8587927614132833203
-8587927614132751706
-8587927614132661788
-8587927614132581583
-8587927614132491522
-8587927614132410825
-8587927614132319133
-8587927614132221612
-8587927614132141383
-8587927614132050508
-8587927614131959231
-8587927614131888018
-8587927614131781227
-8587927614131710695
-8587927614131630264
-8587927614131542904
-8587927614131469318
-8587927614131368877
-8587927614131284888
-8587927614131198587
-8587927614131118542
-8587927614131018985
-8587927614130936896
-8587927614130852089
-8587927614130772107
-8587927614130678863
-8587927614130598926
-8587927614130508121
-8587927614130419915
-8587927614130338343
-8587927614130237575
-8587927614130157530
-8587927614130052775
-8587927614129987047
-8587927614129896993
-8587927614129816165
-8587927614129718541
-8587927614129627777
-8587927614129537716
-8587927614129467007
-8587927614129387874
-8587927614129297817
-8587927614129207217
-8587927614129126976
-8587927614129036331
-8587927614128952157
-8587927614128861229
-8587927614128778541
-8587927614128689198
-8587927614128605040
-8587927614128511312
-8587927614128418306
-8587927614128338110
-8587927614128249642
-8587927614128175698
-8587927614128079523
-8587927614127997184
-8587927614127918178
-8587927614127816736
-8587927614127716514
-8587927614127645686
-8587927614127565359
-8587927614127465308
-8587927614127393672
-8587927614127292706
-8587927614127211812
-8587927614127144852
-8587927614127054692
-8587927614126954539
-8587927614126870274
-8587927614126786642
-8587927614126683750
-8587927614126622768
-8587927614126537477
-8587927614126446315
-8587927614126355966
-8587927614126241530
-8587927614126191509
-8587927614126116342
-8587927614126030583
-8587927614125950662
-8587927614125860452
-8587927614125777838
-8587927614125683289
-8587927614125605236
-8587927614125510584
-8587927614125422715
-8587927614125344296
-8587927614125254239
-8587927614125173497
-8587927614125091358
-8587927614124996058
-8587927614124905861
-8587927614124807806
-8587927614124706771
-8587927614124626706
-8587927614124526368
-8587927614124446242
-8587927614124353770
-8587927614124272913
-8587927614124182277
-8587927614124093057
-8587927614123992850
-8587927614123922942
-8587927614123831033
-8587927614123720555
-8587927614123660509
-8587927614123573013
-8587927614123488276
-8587927614123388373
-8587927614123308424
-8587927614123228371
-8587927614123138851
-8587927614123037360
-8587927614122946313
-8587927614122856145
-8587927614122768739
-8587927614122674498
-8587927614122580397
-8587927614122497286
-8587927614122407791
-8587927614122327250
-8587927614122241273
-8587927614122154972
-8587927614122030030
-8587927614121948233
-8587927614121873846
-8587927614121789380
-8587927614121714841
-8587927614121624837
-8587927614121543553
-8587927614121462437
-8587927614121368631
-8587927614121291079
-8587927614121194210
-8587927614121114577
-8587927614121020126
-8587927614120951060
-8587927614120851112
-8587927614120771836
-8587927614120671264
-8587927614120582056
-8587927614120499216
-8587927614120419160
-8587927614120320045
-8587927614120238847
-8587927614120155646
-8587927614120065453
-8587927614119976816
-8587927614119897096
-8587927614119799883
-8587927614119719822
-8587927614119638431
-8587927614119547692
-8587927614119466724
-8587927614119376798
-8587927614119297825
-8587927614119207702
-8587927614119127354
-8587927614119036980
-8587927614118955971
-8587927614118866176
-8587927614118784748
-8587927614118701387
-8587927614118611797
-8587927614118530431
-8587927614118442890
-8587927614118352348
-8587927614118270140
-8587927614118176942
-8587927614118089294
-8587927614118014369
-8587927614117919229
-8587927614117790716
-8587927614117720180
-8587927614117638292
-8587927614117537392
-8587927614117467747
-8587927614117368074
-8587927614117278000
-8587927614117193719
-8587927614117122522
-8587927614117033315
-8587927614116952178
-8587927614116851323
-8587927614116779851
-8587927614116690972
-8587927614116610201
-8587927614116519762
-8587927614116442213
-8587927614116350042
-8587927614116269065
-8587927614116177871
-8587927614116082505
-8587927614116003602
-8587927614115907378
-8587927614115844732
-8587927614115774812
-8587927614115714314
-8587927614115642715
-8587927614115572663
-8587927614115511799
-8587927614115441411
-8587927614115373975
-8587927614115313785
-8587927614115243885
-8587927614115183194
-8587927614115122314
-8587927614115061298
-8587927614114990586
-8587927614114930059
-8587927614114859367
-8587927614114789323
-8587927614114719974
-8587927614114654385
-8587927614114593690
-8587927614114522956
-8587927614114451998
-8587927614114382077
-8587927614114321908
-8587927614114241999
-8587927614114181020
-8587927614114129940
-8587927614114060032
-8587927614113999362
-8587927614113931387
-8587927614113870524
-8587927614113799532
-8587927614113729480
-8587927614113658940
-8587927614113599017
-8587927614113528858
-8587927614113447989
-8587927614113387138
-8587927614113307196
-8587927614113237149
-8587927614113176486
-8587927614113116321
-8587927614113046265
-8587927614112975462
-8587927614112905016
-8587927614112824373
-8587927614112754325
-8587927614112684278
-8587927614112592483
-8587927614112510715
-8587927614112390207
-8587927614112330169
-8587927614112229515
-8587927614112154036
-8587927614112069837
-8587927614111988503
-8587927614111890986
-8587927614111808741
-8587927614111730089
-8587927614111638122
-8587927614111558045
-8587927614111468094
-8587927614111378012
-8587927614111308486
-8587927614111207914
-8587927614111137284
-8587927614111035867
-8587927614110954406
-8587927614110862131
-8587927614110792232
-8587927614110695987
-8587927614110624708
-8587927614110534503
-8587927614110457414
-8587927614110358165
-8587927614110276753
-8587927614110199850
-8587927614110079970
-8587927614110029497
-8587927614109941414
-8587927614109851341
-8587927614109770820
-8587927614109681411
-8587927614109596875
-8587927614109506916
-8587927614109436220
-8587927614109346286
-8587927614109268401
-8587927614109167801
-8587927614109057507
-8587927614108981039
-8587927614108898108
-8587927614108796408
-8587927614108714935
-8587927614108635030
-8587927614108540083
-8587927614108458712
-8587927614108370630
-8587927614108279698
-8587927614108197904
-8587927614108109403
-8587927614108019575
-8587927614107937302
-8587927614107854297
-8587927614107767931
-8587927614107667634
-8587927614107573869
-8587927614107493008
-8587927614107400963
-8587927614107311875
-8587927614107221920
-8587927614107144679
-8587927614107064615
-8587927614106968563
-8587927614106867675
-8587927614106797135
-8587927614106714985
-8587927614106614347
-8587927614106533967
-8587927614106462946
-8587927614106373935
-8587927614106275289
-8587927614106184521
-8587927614106110093
-8587927614106021243
-8587927614105901244
-8587927614105850336
-8587927614105754519
-8587927614105677595
-8587927614105567363
-8587927614105497389
-8587927614105402409
-8587927614105308907
-8587927614105238925
-8587927614105157436
-8587927614105058843
-8587927614104976081
-8587927614104896858
-8587927614104806324
-8587927614104719699
-8587927614104634387
-8587927614104533425
-8587927614104462536
-8587927614104364728
-8587927614104293453
-8587927614104208149
-8587927614104132169
-8587927614104026889
-8587927614103946840
-8587927614103866348
-8587927614103788295
-8587927614103687486
-8587927614103607224
-8587927614103517601
-8587927614103436568
-8587927614103359089
-8587927614103271179
-8587927614103178317
-8587927614103107457
-8587927614102996646
-8587927614102935856
-8587927614102839727
-8587927614102759313
-8587927614102671189
-8587927614102596897
-8587927614102500541
-8587927614102420485
-8587927614102330333
-8587927614102240271
-8587927614102159287
-8587927614102060476
-8587927614101979447
-8587927614101907420
-8587927614101815322
-8587927614101737421
-8587927614101646822
-8587927614101566786
-8587927614101477627
-8587927614101397546
-8587927614101315387
-8587927614101227304
-8587927614101135732
-8587927614101035739
-8587927614100975060
-8587927614100891904
-8587927614100802610
-8587927614100715566
-8587927614100631449
-8587927614100545472
-8587927614100470367
-8587927614100365140
-8587927614100297937
-8587927614100197863
-8587927614100116656
-8587927614100017337
-8587927614099950237
-8587927614099851065
-8587927614099770048
-8587927614099677174
-8587927614099598074
-8587927614099497638
-8587927614099383338
-8587927614099306426
-8587927614099196986
-8587927614099116655
-8587927614099003869
-8587927614098904410
-8587927614098826382
-8587927614098746186
-8587927614098652827
-8587927614098569511
-8587927614098478739
-8587927614098398042
-8587927614098308350
-8587927614098224454
-8587927614098134372
-8587927614098051085
-8587927614097958014
-8587927614097877485
-8587927614097785568
-8587927614097655461
-8587927614097583870
-8587927614097488299
-8587927614097408398
-8587927614097327874
-8587927614097235271
-8587927614097146987
-8587927614097054491
-8587927614096972894
-8587927614096893417
-8587927614096798568
-8587927614096717694
-8587927614096635244
-8587927614096544723
-8587927614096452875
-8587927614096362526
-8587927614096271976
-8587927614096178273
-8587927614096105565
-8587927614095995161
-8587927614095900444
-8587927614095819882
-8587927614095729656
-8587927614095639594
-8587927614095557731
-8587927614095474066
-8587927614095385306
-8587927614095288667
-8587927614095207777
-8587927614095117744
-8587927614095026755
-8587927614094942769
-8587927614094861637
-8587927614094778809
-8587927614094690706
-8587927614094600648
-8587927614094507594
-8587927614094429545
-8587927614094346421
-8587927614094265888
-8587927614094177009
-8587927614094096957
-8587927614094011781
-8587927614093931703
-8587927614093847377
-8587927614093766376
-8587927614093697725
-8587927614093626840
-8587927614093537287
-8587927614093487365
-8587927614093397336
-8587927614093347298
-8587927614093277251
-8587927614093216995
-8587927614093116932
-8587927614093076896
-8587927614093016853
-8587927614092955854
-8587927614092874866
-8587927614092811009
-8587927614092735054
-8587927614092674987
-8587927614092615109
-8587927614092544593
-8587927614092483697
-8587927614092413091
-8587927614092352864
-8587927614092282812
-8587927614092222421
-8587927614092161188
-8587927614092081180
-8587927614092011129
-8587927614091951074
-8587927614091861024
-8587927614091800978
-8587927614091720925
-8587927614091669886
-8587927614091599276
-8587927614091528728
-8587927614091458541
-8587927614091388132
-8587927614091328118
-8587927614091263519
-8587927614091193447
-8587927614091113411
-8587927614091022696
-8587927614090962153
-8587927614090870938
-8587927614090810895
-8587927614090740219
-8587927614090669872
-8587927614090598995
-8587927614090518487
-8587927614090438431
-8587927614090356251
-8587927614090278305
-8587927614090198253
-8587927614090118676
-8587927614090038755
-8587927614089951502
-8587927614089857281
-8587927614089787927
-8587927614089697402
-8587927614089616812
-8587927614089525933
-8587927614089438072
-8587927614089359834
-8587927614089277137
-8587927614089177711
-8587927614089107770
-8587927614089022910
-8587927614088932873
-8587927614088842040
-8587927614088752746
-8587927614088669187
-8587927614088561296
-8587927614088491622
-8587927614088402673
-8587927614088322473
-8587927614088207343
-8587927614088127853
-8587927614088034002
-8587927614087947327
-8587927614087847051
-8587927614087766477
-8587927614087674823
-8587927614087597209
-8587927614087502992
-8587927614087422932
-8587927614087332242
-8587927614087244303
-8587927614087152808
-8587927614087051260
-8587927614086976663
-8587927614086874055
-8587927614086790874
-8587927614086686550
-8587927614086606490
-8587927614086516001
-8587927614086436412
-8587927614086339281
-8587927614086248792
-8587927614086167558
-8587927614086056501
-8587927614085977072
-8587927614085885857
-8587927614085784932
-8587927614085699567
-8587927614085613948
-8587927614085532815
-8587927614085446124
-8587927614085365398
-8587927614085277119
-8587927614085188683
-8587927614085108478
-8587927614085012275
-8587927614084938389
-8587927614084836409
-8587927614084746770
-8587927614084667058
-8587927614084570769
-8587927614084500656
-8587927614084409346
-8587927614084321772
-8587927614084235110
-8587927614084141924
-8587927614084058961
-8587927614083984762
-8587927614083887455
-8587927614083797414
-8587927614083716544
-8587927614083637391
-8587927614083540748
-8587927614083453355
-8587927614083362201
-8587927614083274328
-8587927614083181606
-8587927614083097103
-8587927614082997640
-8587927614082905168
-8587927614082823330
-8587927614082730423
-8587927614082653092
-8587927614082560567
-8587927614082481874
-8587927614082390379
-8587927614082279515
-8587927614082178935
-8587927614082102073
-8587927614082000643
-8587927614081920509
-8587927614081833481
-8587927614081740303
-8587927614081647335
-8587927614081567705
-8587927614081477800
-8587927614081396117
-8587927614081302205
-8587927614081227185
-8587927614081143032
-8587927614081052990
-8587927614080968089
-8587927614080882396
-8587927614080791838
-8587927614080710167
-8587927614080619617
-8587927614080542168
-8587927614080458215
-8587927614080370235
-8587927614080297186
-8587927614080195880
-8587927614080114817
-8587927614080027178
-8587927614079943619
-8587927614079849522
-8587927614079768710
-8587927614079680011
-8587927614079600657
-8587927614079512061
-8587927614079431938
-8587927614079337057
-8587927614079241445
-8587927614079156970
-8587927614079074861
-8587927614078984340
-8587927614078892792
-8587927614078823196
-8587927614078719980
-8587927614078631003
-8587927614078559198
-8587927614078469846
-8587927614078389466
-8587927614078301461
-8587927614078210052
-8587927614078123292
-8587927614078042911
-8587927614077972013
-8587927614077872090
-8587927614077790843
-8587927614077701229
-8587927614077619083
-8587927614077524891
-8587927614077442835
-8587927614077354379
-8587927614077271949
-8587927614077188998
-8587927614077098600
-8587927614077008538
-8587927614076918017
-8587927614076836971
-8587927614076751819
-8587927614076657771
-8587927614076573556
-8587927614076474618
-8587927614076404566
-8587927614076302956
-8587927614076222542
-8587927614076130120
-8587927614076049554
-8587927614075968906
-8587927614075887721
-8587927614075792055
-8587927614075711637
-8587927614075610224
-8587927614075490168
-8587927614075430101
-8587927614075358670
-8587927614075289702
-8587927614075209497
-8587927614075169453
-8587927614075097948
-8587927614075037905
-8587927614074967854
-8587927614074907684
-8587927614074829992
-8587927614074759801
-8587927614074699463
-8587927614074638501
-8587927614074557717
-8587927614074490092
-8587927614074416009
-8587927614074361131
-8587927614074300567
-8587927614074230508
-8587927614074156268
-8587927614074081048
-8587927614074020197
-8587927614073939496
-8587927614073879314
-8587927614073808568
-8587927614073728039
-8587927614073667549
-8587927614073586105
-8587927614073525127
-8587927614073451261
-8587927614073381218
-8587927614073331049
-8587927614073270994
-8587927614073191093
-8587927614073123444
-8587927614073042894
-8587927614072982725
-8587927614072912665
-8587927614072842765
-8587927614072781758
-8587927614072711718
-8587927614072631650
-8587927614072561758
-8587927614072490746
-8587927614072410697
-8587927614072340744
-8587927614072267429
-8587927614072187343
-8587927614072107197
-8587927614072014643
-8587927614071954145
-8587927614071813323
-8587927614071733287
-8587927614071652130
-8587927614071571330
-8587927614071476888
-8587927614071396836
-8587927614071309118
-8587927614071208855
-8587927614071128970
-8587927614071058943
-8587927614070968767
-8587927614070888209
-8587927614070798279
-8587927614070697658
-8587927614070626987
-8587927614070536584
-8587927614070458350
-8587927614070367291
-8587927614070284426
-8587927614070194488
-8587927614070112584
-8587927614070014467
-8587927614069940253
-8587927614069845753
-8587927614069776847
-8587927614069676259
-8587927614069597368
-8587927614069507360
-8587927614069410044
-8587927614069336166
-8587927614069241588
-8587927614069167452
-8587927614069067377
-8587927614068988100
-8587927614068898039
-8587927614068817317
-8587927614068727748
-8587927614068649621
-8587927614068554017
-8587927614068484860
-8587927614068394310
-8587927614068309479
-8587927614068215833
-8587927614068138383
-8587927614068046803
-8587927614067941497
-8587927614067859322
-8587927614067775148
-8587927614067698092
-8587927614067616106
-8587927614067517255
-8587927614067444313
-8587927614067354255
-8587927614067271066
-8587927614067177252
-8587927614067086230
-8587927614067005837
-8587927614066925193
-8587927614066835649
-8587927614066734629
-8587927614066663231
-8587927614066563111
-8587927614066483198
-8587927614066402333
-8587927614066322929
-8587927614066228433
-8587927614066137699
-8587927614066047567
-8587927614065963077
-8587927614065862423
-8587927614065807894
-8587927614065707663
-8587927614065617745
-8587927614065522281
-8587927614065442236
-8587927614065370543
-8587927614065290486
-8587927614065188243
-8587927614065117711
-8587927614065027785
-8587927614064949818
-8587927614064849005
-8587927614064762872
-8587927614064672112
-8587927614064602217
-8587927614064508156
-8587927614064432981
-8587927614064327684
-8587927614064237236
-8587927614064160789
-8587927614064070710
-8587927614063990383
-8587927614063900674
-8587927614063818906
-8587927614063686069
-8587927614063625082
-8587927614063515696
-8587927614063432811
-8587927614063355444
-8587927614063264926
-8587927614063178793
-8587927614063105589
-8587927614063025963
-8587927614062944847
-8587927614062854006
-8587927614062763103
-8587927614062680390
-8587927614062601996
-8587927614062510177
-8587927614062428289
-8587927614062329787
-8587927614062247599
-8587927614062046522
-8587927614062016650
-8587927614061928288
-8587927614061830956
-8587927614061738238
-8587927614061655480
-8587927614061564983
-8587927614061484935
-8587927614061395916
-8587927614061303933
-8587927614060863117
-8587927614060365899
-8587927614060343500
-8587927614060256661
-8587927614060156286
-8587927614060069402
-8587927614059978795
-8587927614059895585
-8587927614059811316
-8587927614059714838
-8587927614059634646
-8587927614059543763
-8587927614059462902
-8587927614059387037
-8587927614059262284
-8587927614059192089
-8587927614059112163
-8587927614059010426
-8587927614058919535
-8587927614058809726
-8587927614058698488
-8587927614058615110
-8587927614058535017
-8587927614058436247
-8587927614058346124
-8587927614058266059
-8587927614058175267
-8587927614057994561
-8587927614057945944
-8587927614057847137
-8587927614057764736
-8587927614057674207
-8587927614057594310
-8587927614057503354
-8587927614057418292
-8587927614057320114
-8587927614057230964
-8587927614057148013
-8587927614056894796
-8587927614056378702
-8587927614056348539
-8587927614056260776
-8587927614056157700
-8587927614056061407
-8587927614055967387
-8587927614055866824
-8587927614055786603
-8587927614055685354
-8587927614055607518
-8587927614055501092
-8587927614055386291
-8587927614055346300
-8587927614055265061
-8587927614055166197
-8587927614055086744
-8587927614054991711
-8587927614054892670
-8587927614054811205
-8587927614054697825
-8587927614054616483
-8587927614054516408
-8587927614054425784
-8587927614054325865
-8587927614054235804
-8587927614054135700
-8587927614053934187
-8587927614053864140
-8587927614053783878
-8587927614053682723
-8587927614053592752
-8587927614053492743
-8587927614053392672
-8587927614053191754
-8587927614052949207
-8587927614052909167
-8587927614052827636
-8587927614052729368
-8587927614052636740
-8587927614052548547
-8587927614052451362
-8587927614052370476
-8587927614052288802
-8587927614052207559
-8587927614052117411
-8587927614052024808
-8587927614051950762
-8587927614051862642
-8587927614051775446
-8587927614051688895
-8587927614051609585
-8587927614051509518
-8587927614051432508
-8587927614051334917
-8587927614051255008
-8587927614051164060
-8587927614051063574
-8587927614050974974
-8587927614050894897
-8587927614050812381
-8587927614050712154
-8587927614050640452
-8587927614050549919
-8587927614050477330
-8587927614050385462
-8587927614050295798
-8587927614050184450
-8587927614050134417
-8587927614050023663
-8587927614049954055
-8587927614049863813
-8587927614049773595
-8587927614049692512
-8587927614049604401
-8587927614049512134
-8587927614049432082
-8587927614049347546
-8587927614049257563
-8587927614049174000
-8587927614049084681
-8587927614048993027
-8587927614048903080
-8587927614048812197
-8587927614048731348
-8587927614048647576
-8587927614048547333
-8587927614048477002
-8587927614048387093
-8587927614048252905
-8587927614048222857
-8587927614048137455
-8587927614048042061
-8587927614047967649
-8587927614047873104
-8587927614047795187
-8587927614047704312
-8587927614047624247
-8587927614047534169
-8587927614047450873
-8587927614047363965
-8587927614047280180
-8587927614047189462
-8587927614047108170
-8587927614047017964
-8587927614046932045
-8587927614046843786
-8587927614046763725
-8587927614046663658
-8587927614046583626
-8587927614046503570
-8587927614046403355
-8587927614046323430
-8587927614046233364
-8587927614046148800
-8587927614046058701
-8587927614045978049
-8587927614045887885
-8587927614045807701
-8587927614045712421
-8587927614045627869
-8587927614045526838
-8587927614045455821
-8587927614045368211
-8587927614045278161
-8587927614045198097
-8587927614045111007
-8587927614045028044
-8587927614044939937
-8587927614044848220
-8587927614044764530
-8587927614044644064
-8587927614044566035
-8587927614044472591
-8587927614044402547
-8587927614044320696
-8587927614044229009
-8587927614044144650
-8587927614044054153
-8587927614043852657
-8587927614043822674
-8587927614043722834
-8587927614043644822
-8587927614043552219
-8587927614043463561
-8587927614043385557
-8587927614043290318
-8587927614043087430
-8587927614042857709
-8587927614042817681
-8587927614042717614
-8587927614042639380
-8587927614042546461
-8587927614042462496
-8587927614042373604
-8587927614042292456
-8587927614042195591
-8587927614042114718
-8587927614042022534
-8587927614041937575
-8587927614041844085
-8587927614041763470
-8587927614041652914
-8587927614041555118
-8587927614041474092
-8587927614041377926
-8587927614041297828
-8587927614041208177
-8587927614041126068
-8587927614041038367
-8587927614040913355
-8587927614040843291
-8587927614040758838
-8587927614040667228
-8587927614040575176
-8587927614040474542
-8587927614040393636
-8587927614040298401
-8587927614040208323
-8587927614040138424
-8587927614040027280
-8587927614039953579
-8587927614039873264
-8587927614039793232
-8587927614039698785
-8587927614039622161
-8587927614039524200
-8587927614039443134
-8587927614039351873
-8587927614039267054
-8587927614039178450
-8587927614039095364
-8587927614039004695
-8587927614038917195
-8587927614038828714
-8587927614038728676
-8587927614038657265
-8587927614038556418
-8587927614038472051
-8587927614038391974
-8587927614038309035
-8587927614038210463
-8587927614038132939
-8587927614038042488
-8587927614037948046
-8587927614037859142
-8587927614037769014
-8587927614037688128
-8587927614037598198
-8587927614037508769
-8587927614037438393
-8587927614037353496
-8587927614037264457
-8587927614037174387
-8587927614037093829
-8587927614036993307
-8587927614036903697
-8587927614036823016
-8587927614036735147
-8587927614036650032
-8587927614036564220
-8587927614036482771
-8587927614036382417
-8587927614036290594
-8587927614036199708
-8587927614036119774
-8587927614036027976
-8587927614035968048
-8587927614035863966
-8587927614035773416
-8587927614035683359
-8587927614035602826
-8587927614035507965
-8587927614035427982
-8587927614035358464
-8587927614035273062
-8587927614035182660
-8587927614035102209
-8587927614035004154
-8587927614034921211
-8587927614034831096
-8587927614034754312
-8587927614034660596
-8587927614034573446
-8587927614034491180
-8587927614034391528
-8587927614034316718
-8587927614034225996
-8587927614034146169
-8587927614034052334
-8587927614033962445
-8587927614033872010
-8587927614033785926
-8587927614033694223
-8587927614033604001
-8587927614033512970
-8587927614033435221
-8587927614033354060
-8587927614033254527
-8587927614033151209
-8587927614033060240
-8587927614032969156
-8587927614032878142
-8587927614032807335
-8587927614032717454
-8587927614032626037
-8587927614032544470
-8587927614032453612
-8587927614032362557
-8587927614032291015
-8587927614032197862
-8587927614032103021
-8587927614032022135
-8587927614031950688
-8587927614031849390
-8587927614031768643
-8587927614031677535
-8587927614031598800
-8587927614031505569
-8587927614031313987
-8587927614031284091
-8587927614031187588
-8587927614031102925
-8587927614031012790
-8587927614030941749
-8587927614030840532
-8587927614030740605
-8587927614030648298
-8587927614030582323
-8587927614030367903
-8587927614030107489
-8587927614030067633
-8587927614029987346
-8587927614029894395
-8587927614029798253
-8587927614029706532
-8587927614029616475
-8587927614029527181
-8587927614029437362
-8587927614029358746
-8587927614029266669
-8587927614029176595
-8587927614029076023
-8587927614028994854
-8587927614028895690
-8587927614028805592
-8587927614028714257
-8587927614028633626
-8587927614028543236
-8587927614028452324
-8587927614028360928
-8587927614028280346
-8587927614028189468
-8587927614028082167
-8587927614028019908
-8587927614027932753
-8587927614027845249
-8587927614027752572
-8587927614027664838
-8587927614027572174
-8587927614027494736
-8587927614027393820
-8587927614027309173
-8587927614027216492
-8587927614027116093
-8587927614027035552
-8587927614026924589
-8587927614026843355
-8587927614026763232
-8587927614026662349
-8587927614026480809
-8587927614026450938
-8587927614026351897
-8587927614026271828
-8587927614026174902
-8587927614026084837
-8587927614025995419
-8587927614025898838
-8587927614025818597
-8587927614025607182
-8587927614025347897
-8587927614025317841
-8587927614025217770
-8587927614025137701
-8587927614025027022
-8587927614024946033
-8587927614024860607
-8587927614024777738
-8587927614024682589
-8587927614024601560
-8587927614024501600
-8587927614024419105
-8587927614024329905
-8587927614024231632
-8587927614024148460
-8587927614024055385
-8587927614023977931
-8587927614023875573
-8587927614023802800
-8587927614023706806
-8587927614023617512
-8587927614023528226
-8587927614023448174
-8587927614023347828
-8587927614023262393
-8587927614023127943
-8587927614023046556
-8587927614022966237
-8587927614022865115
-8587927614022785050
-8587927614022703401
-8587927614022612686
-8587927614022521570
-8587927614022431615
-8587927614022352227
-8587927614022262297
-8587927614022182343
-8587927614022082420
-8587927614022000126
-8587927614021906759
-8587927614021811841
-8587927614021720141
-8587927614021649696
-8587927614021550647
-8587927614021460446
-8587927614021368697
-8587927614021288562
-8587927614021202598
-8587927614021108968
-8587927614021005580
-8587927614020935090
-8587927614020854487
-8587927614020772513
-8587927614020659662
-8587927614020589610
-8587927614020490004
-8587927614020408806
-8587927614020327484
-8587927614020217285
-8587927614020131871
-8587927614020051297
-8587927614019963481
-8587927614019882460
-8587927614019778542
-8587927614019698034
-8587927614019596637
-8587927614019506325
-8587927614019425365
-8587927614019338334
-8587927614019256664
-8587927614019176471
-8587927614019080215
-8587927614018984738
-8587927614018894138
-8587927614018812169
-8587927614018726015
-8587927614018625949
-8587927614018544837
-8587927614018459751
-8587927614018359044
-8587927614018278445
-8587927614018189693
-8587927614018098174
-8587927614018009878
-8587927614017928257
-8587927614017828207
-8587927614017747756
-8587927614017657707
-8587927614017568249
-8587927614017472653
-8587927614017389837
-8587927614017306636
-8587927614017219961
-8587927614017128274
-8587927614017045298
-8587927614016953599
-8587927614016853056
-8587927614016762214
-8587927614016672161
-8587927614016605024
-8587927614016504383
-8587927614016414165
-8587927614016332844
-8587927614016242339
-8587927614016143204
-8587927614016059773
-8587927614015969571
-8587927614015869258
-8587927614015789337
-8587927614015708648
-8587927614015498953
-8587927614015468942
-8587927614015369295
-8587927614015289295
-8587927614015199234
-8587927614015114341
-8587927614015023446
-8587927614014938023
-8587927614014847268
-8587927614014625782
-8587927614014335509
-8587927614014295686
-8587927614014175047
-8587927614014073494
-8587927614013952223
-8587927614013839240
-8587927614013722513
-8587927614013617282
-8587927614013511640
-8587927614013407406
-8587927614013287847
-8587927614013178161
-8587927614013056804
-8587927614012957706
-8587927614012838138
-8587927614012728009
-8587927614012598724
-8587927614012497380
-8587927614012366453
-8587927614012275582
-8587927614012153995
-8587927614012042971
-8587927614011951374
-8587927614011850178
-8587927614011730372
-8587927614011621947
-8587927614011507864
-8587927614011407789
-8587927614011282429
-8587927614011172127
-8587927614011051229
-8587927614010952333
-8587927614010822148
-8587927614010733294
-8587927614010613915
-8587927614010492750
-8587927614010363050
-8587927614010272988
-8587927614010151495
-8587927614010050086
-8587927614009946349
-8587927614009830513
-8587927614009720429
-8587927614009620371
-8587927614009509166
-8587927614009398015
-8587927614009281038
-8587927614009179661
-8587927614009072156
-8587927614008965204
-8587927614008822560
-8587927614008729168
-8587927614008626679
-8587927614008518821
-8587927614008405933
-8587927614008299117
-8587927614008188191
-8587927614008059012
-8587927614007968483
-8587927614007838286
-8587927614007758024
-8587927614007637931
-8587927614007527383
-8587927614007417159
-8587927614007306217
-8587927614007192130
-8587927614006968354
-8587927614006931651
-8587927614006815002
-8587927614006684448
-8587927614006593451
-8587927614006492842
-8587927614006372195
-8587927614006272009
-8587927614006129898
-8587927614005898017
-8587927614005858001
-8587927614005747330
-8587927614005627356
-8587927614005506031
-8587927614005402282
-8587927614005300688
-8587927614005189052
-8587927614005084724
-8587927614004963231
-8587927614004852297
-8587927614004762104
-8587927614004628028
-8587927614004527661
-8587927614004412351
-8587927614004282684
-8587927614004171175
-8587927614004078667
-8587927614003980558
-8587927614003848761
-8587927614003758691
-8587927614003637875
-8587927614003515503
-8587927614003422207
-8587927614003295048
-8587927614003203217
-8587927614003085595
-8587927614002975039
-8587927614002853993
-8587927614002763788
-8587927614002648076
-8587927614002535442
-8587927614002426877
-8587927614002333453
-8587927614002202858
-8587927614002092778
-8587927614001991903
-8587927614001860877
-8587927614001768541
-8587927614001669804
-8587927614001561769
-8587927614001328122
-8587927614001287967
-8587927614001167997
-8587927614001046959
-8587927614000946146
-8587927614000777370
-8587927614000667212
-8587927614000565901
-8587927614000338754
-8587927614000298697
-8587927614000177926
-8587927614000066369
-8587927613999954938
-8587927613999853755
-8587927613999744323
-8587927613999614081
-8587927613999492161
-8587927613999395227
-8587927613999283628
-8587927613999172608
-8587927613999072414
-8587927613998962338
-8587927613998851782
-8587927613998740889
-8587927613998630814
-8587927613998520734
-8587927613998410662
-8587927613998300114
-8587927613998176872
-8587927613998086186
-8587927613997960354
-8587927613997739722
-8587927613997699689
-8587927613997588752
-8587927613997478405
-8587927613997368448
-8587927613997267856
-8587927613997105411
-8587927613996984829
-8587927613996741284
-8587927613996513472
-8587927613996485777
-8587927613996384384
-8587927613996300694
-8587927613996209893
-8587927613996119019
-8587927613996039089
-8587927613995948268
-8587927613995868618
-8587927613995777592
-8587927613995686023
-8587927613995606209
-8587927613995506532
-8587927613995418306
-8587927613995331664
-8587927613995251603
-8587927613995166246
-8587927613995080426
-8587927613994984649
-8587927613994903677
-8587927613994815344
-8587927613994721764
-8587927613994637864
-8587927613994557783
-8587927613994477402
-8587927613994387796
-8587927613994307998
-8587927613994219259
-8587927613994137457
-8587927613994027968
-8587927613993947908
-8587927613993865786
-8587927613993785955
-8587927613993695114
-8587927613993619372
-8587927613993529310
-8587927613993450456
-8587927613993352902
-8587927613993131605
-8587927613993091532
-8587927613993000945
-8587927613992920954
-8587927613992828482
-8587927613992733892
-8587927613992656668
-8587927613992564353
-8587927613992482555
-8587927613992392600
-8587927613992292690
-8587927613992221222
-8587927613992007865
-8587927613991758105
-8587927613991728085
-8587927613991644687
-8587927613991544378
-8587927613991463582
-8587927613991369428
-8587927613991272194
-8587927613991180818
-8587927613991101862
-8587927613991011800
-8587927613990918508
-8587927613990838316
-8587927613990757914
-8587927613990657995
-8587927613990577778
-8587927613990496975
-8587927613990411835
-8587927613990324791
-8587927613990224721
-8587927613990144652
-8587927613990043374
-8587927613989968379
-8587927613989873346
-8587927613989788166
-8587927613989688156
-8587927613989597204
-8587927613989512303
-8587927613989415225
-8587927613989322051
-8587927613989243070
-8587927613989152873
-8587927613989053299
-8587927613988975747
-8587927613988874100
-8587927613988783385
-8587927613988699166
-8587927613988608394
-8587927613988507814
-8587927613988432618
-8587927613988322440
-8587927613988242383
-8587927613988151730
-8587927613988049865
-8587927613987959135
-8587927613987879074
-8587927613987781750
-8587927613987701225
-8587927613987598543
-8587927613987517710
-8587927613987426717
-8587927613987335711
-8587927613987260269
-8587927613987057463
-8587927613987027440
-8587927613986938848
-8587927613986842776
-8587927613986725811
-8587927613986665785
-8587927613986564413
-8587927613986484381
-8587927613986393354
-8587927613986190265
-8587927613985974424
-8587927613985944368
-8587927613985854237
-8587927613985766384
-8587927613985663669
-8587927613985592201
-8587927613985495144
-8587927613985411035
-8587927613985321302
-8587927613985231265
-8587927613985150711
-8587927613985058646
-8587927613984979460
-8587927613984887809
-8587927613984797074
-8587927613984697041
-8587927613984616951
-8587927613984536110
-8587927613984456431
-8587927613984364674
-8587927613984292615
-8587927613984194113
-8587927613984117574
-8587927613984027373
-8587927613983927216
-8587927613983857308
-8587927613983767374
-8587927613983677920
-8587927613983605980
-8587927613983498556
-8587927613983438140
-8587927613983338307
-8587927613983277961
-8587927613983172836
-8587927613983091737
-8587927613983015724
-8587927613982923573
-8587927613982835901
-8587927613982754707
-8587927613982664317
-8587927613982482268
-8587927613982442231
-8587927613982345149
-8587927613982269137
-8587927613982175824
-8587927613982095159
-8587927613981997687
-8587927613981923132
-8587927613981829137
-8587927613981747763
-8587927613981654158
-8587927613981447509
-8587927613981207500
-8587927613981167455
-8587927613981076055
-8587927613980984647
-8587927613980883874
-8587927613980803033
-8587927613980709055
-8587927613980629162
-8587927613980532179
-8587927613980440853
-8587927613980351354
-8587927613980260824
-8587927613980151294
-8587927613980082006
-8587927613980002188
-8587927613979911354
-8587927613979820919
-8587927613979740152
-8587927613979599096
-8587927613979518913
-8587927613979438421
-8587927613979335833
-8587927613979255305
-8587927613979178397
-8587927613979085281
-8587927613978995215
-8587927613978914378
-8587927613978814993
-8587927613978743960
-8587927613978653324
-8587927613978538876
-8587927613978468471
-8587927613978358395
-8587927613978288348
-8587927613978197568
-8587927613978098901
-8587927613978020930
-8587927613977929345
-8587927613977839222
-8587927613977768107
-8587927613977658113
-8587927613977569591
-8587927613977478286
-8587927613977397777
-8587927613977304304
-8587927613977235373
-8587927613977134486
-8587927613977047363
-8587927613976956263
-8587927613976867113
-8587927613976774592
-8587927613976684473
-8587927613976603661
-8587927613976504099
-8587927613976413910
-8587927613976343370
-8587927613976204367
-8587927613976164318
-8587927613976087990
-8587927613975993055
-8587927613975892865
-8587927613975808732
-8587927613975712742
-8587927613975638256
-8587927613975548330
-8587927613975463897
-8587927613975375071
-8587927613975292383
-8587927613975185152
-8587927613975102222
-8587927613974997241
-8587927613974922365
-8587927613974822910
-8587927613974742878
-8587927613974661241
-8587927613974563789
-8587927613974482399
-8587927613974383108
-8587927613974301680
-8587927613974208215
-8587927613974128101
-8587927613974029783
-8587927613973947834
-8587927613973871723
-8587927613973774788
-8587927613973672127
-8587927613973591294
-8587927613973500982
-8587927613973418216
-8587927613973322218
-8587927613973250947
-8587927613973141746
-8587927613973081227
-8587927613972981866
-8587927613972892318
-8587927613972810361
-8587927613972709662
-8587927613972632072
-8587927613972542253
-8587927613972351636
-8587927613972321596
-8587927613972221825
-8587927613972122177
-8587927613972021314
-8587927613971950511
-8587927613971869322
-8587927613971778324
-8587927613971687807
-8587927613971607742
-8587927613971382791
-8587927613971173683
-8587927613971143631
-8587927613971044049
-8587927613970952665
-8587927613970858843
-8587927613970776068
-8587927613970677476
-8587927613970593502
-8587927613970503133
-8587927613970416635
-8587927613970320066
-8587927613970230961
-8587927613970149098
-8587927613970028890
-8587927613969968712
-8587927613969855861
-8587927613969785000
-8587927613969676493
-8587927613969596576
-8587927613969514585
-8587927613969420238
-8587927613969324313
-8587927613969249278
-8587927613969148057
-8587927613969063099
-8587927613968973082
-8587927613968872519
-8587927613968801646
-8587927613968724410
-8587927613968621794
-8587927613968541347
-8587927613968439914
-8587927613968349848
-8587927613968258193
-8587927613968165381
-8587927613968077783
-8587927613967997726
-8587927613967902524
-8587927613967821564
-8587927613967729885
-8587927613967642287
-8587927613967541362
-8587927613967459351
-8587927613967347412
-8587927613967276720
-8587927613967185225
-8587927613967095168
-8587927613967004724
-8587927613966929623
-8587927613966824162
-8587927613966733611
-8587927613966653871
-8587927613966575530
-8587927613966475447
-8587927613966385394
-8587927613966294039
-8587927613966203690
-8587927613966123682
-8587927613966023981
-8587927613965938284
-8587927613965854413
-8587927613965756091
-8587927613965662257
-8587927613965582832
-8587927613965497081
-8587927613965413909
-8587927613965269289
-8587927613965219256
-8587927613965148626
-8587927613965048153
-8587927613964950931
-8587927613964868965
-8587927613964775521
-8587927613964698194
-8587927613964596609
-8587927613964507126
-8587927613964418263
-8587927613964339602
-8587927613964239548
-8587927613964147721
-8587927613964067672
-8587927613963974749
-8587927613963871936
-8587927613963791337
-8587927613963690162
-8587927613963608542
-8587927613963508138
-8587927613963427880
-8587927613963347894
-8587927613963250791
-8587927613963171178
-8587927613963073936
-8587927613962993547
-8587927613962913322
-8587927613962807043
-8587927613962708849
-8587927613962633357
-8587927613962542754
-8587927613962442515
-8587927613962358464
-8587927613962265737
-8587927613962164702
-8587927613962083841
-8587927613961997408
-8587927613961914309
-8587927613961814600
-8587927613961747549
-8587927613961614512
-8587927613961523719
-8587927613961443605
-8587927613961362157
-8587927613961253621
-8587927613961165193
-8587927613960984540
-8587927613960954681
-8587927613960848591
-8587927613960762327
-8587927613960673169
-8587927613960580936
-8587927613960500243
-8587927613960412607
-8587927613960312955
-8587927613960111418
-8587927613959845285
-8587927613959815229
-8587927613959695008
-8587927613959573359
-8587927613959455578
-8587927613959355260
-8587927613959237499
-8587927613959137400
-8587927613959015599
-8587927613958907851
-8587927613958794519
-8587927613958683511
-8587927613958595141
-8587927613958464378
-8587927613958353366
-8587927613958251867
-8587927613958133342
-8587927613958022186
-8587927613957921438
-8587927613957760520
-8587927613957669013
-8587927613957550160
-8587927613957437469
-8587927613957331248
-8587927613957203158
-8587927613957111503
-8587927613956980777
-8587927613956878300
-8587927613956777548
-8587927613956647458
-8587927613956557220
-8587927613956446302
-8587927613956335685
-8587927613956224184
-8587927613956123568
-8587927613956014300
-8587927613955898444
-8587927613955788229
-8587927613955679233
-8587927613955575894
-8587927613955455152
-8587927613955348652
-8587927613955238704
-8587927613955140443
-8587927613955018601
-8587927613954922180
-8587927613954810971
-8587927613954688953
-8587927613954583171
-8587927613954478806
-8587927613954358491
-8587927613954258162
-8587927613954137605
-8587927613954025148
-8587927613953919305
-8587927613953812448
-8587927613953681828
-8587927613953591804
-8587927613953471361
-8587927613953351120
-8587927613953265776
-8587927613953149279
-8587927613953039335
-8587927613952938431
-8587927613952834041
-8587927613952753984
-8587927613952685936
-8587927613952605785
-8587927613952532790
-8587927613952454876
-8587927613952375358
-8587927613952303939
-8587927613952243001
-8587927613952152661
-8587927613952073232
-8587927613952002565
-8587927613951932513
-8587927613951852341
-8587927613951781481
-8587927613951705932
-8587927613951637946
-8587927613951557240
-8587927613951497321
-8587927613951426395
-8587927613951337081
-8587927613951263137
-8587927613951184755
-8587927613951113916
-8587927613951042456
-8587927613950973796
-8587927613950883738
-8587927613950823211
-8587927613950742654
-8587927613950680247
-8587927613950602961
-8587927613950516939
-8587927613950457020
-8587927613950368071
-8587927613950286528
-8587927613950226346
-8587927613950146281
-8587927613950072892
-8587927613950001724
-8587927613949937555
-8587927613949846993
-8587927613949787710
-8587927613949703765
-8587927613949632905
-8587927613949552840
-8587927613949474216
-8587927613949410389
-8587927613949329819
-8587927613949252985
-8587927613949182942
-8587927613949113818
-8587927613949023292
-8587927613948952781
-8587927613948878817
-8587927613948812115
-8587927613948725974
-8587927613948645942
-8587927613948585888
-8587927613948482688
-8587927613948422642
-8587927613948341813
-8587927613948267472
-8587927613948195687
-8587927613948125053
-8587927613948036539
-8587927613947966496
-8587927613947888233
-8587927613947805471
-8587927613947739582
-8587927613947647127
-8587927613947586276
-8587927613947506211
-8587927613947422780
-8587927613947352671
-8587927613947292485
-8587927613947202312
-8587927613947124854
-8587927613947034731
-8587927613946983905
-8587927613946891549
-8587927613946824621
-8587927613946754566
-8587927613946675720
-8587927613946606079
-8587927613946522734
-8587927613946452444
-8587927613946374785
-8587927613946304114
-8587927613946222591
-8587927613946153402
-8587927613946072356
-8587927613945988888
-8587927613945927347
-8587927613945818137
-8587927613945726249
-8587927613945647436
-8587927613945527733
-8587927613945443386
-8587927613945333060
-8587927613945232114
-8587927613945107247
-8587927613945010448
-8587927613944909330
-8587927613944749771
-8587927613944648177
-8587927613944539625
-8587927613944438367
-8587927613944318196
-8587927613944207936
-8587927613944089169
-8587927613943988240
-8587927613943871690
-8587927613943771561
-8587927613943661059
-8587927613943550170
-8587927613943434539
-8587927613943324468
-8587927613943203266
-8587927613943091860
-8587927613942992459
-8587927613942876122
-8587927613942779841
-8587927613942672150
-8587927613942568442
-8587927613942451284
-8587927613942342120
-8587927613942238834
-8587927613942113720
-8587927613942008805
-8587927613941891668
-8587927613941773521
-8587927613941653440
-8587927613941563378
-8587927613941451479
-8587927613941337959
-8587927613941223330
-8587927613941109629
-8587927613941007621
-8587927613940894203
-8587927613940784144
-8587927613940672319
-8587927613940571895
-8587927613940460227
-8587927613940353608
-8587927613940213036
-8587927613940102447
-8587927613940002364
-8587927613939890728
-8587927613939778333
-8587927613939678258
-8587927613939561786
-8587927613939451768
-8587927613939323771
-8587927613939203953
-8587927613939106986
-8587927613938994369
-8587927613938873664
-8587927613938773319
-8587927613938658197
-8587927613938547542
-8587927613938450883
-8587927613938343115
-8587927613938242551
-8587927613938137332
-8587927613938032828
-8587927613937951252
-8587927613937852758
-8587927613937757536
-8587927613937646187
-8587927613937571225
-8587927613937468141
-8587927613937379664
-8587927613937293211
-8587927613937191979
-8587927613937117583
-8587927613937026668
-8587927613936946459
-8587927613936851504
-8587927613936767252
-8587927613936665736
-8587927613936575005
-8587927613936467183
-8587927613936369772
-8587927613936233344
-8587927613936162738
-8587927613936058980
-8587927613935958088
-8587927613935868019
-8587927613935787646
-8587927613935671256
-8587927613935580357
-8587927613935469369
-8587927613935378335
-8587927613935292469
-8587927613935182262
-8587927613935101860
-8587927613935002151
-8587927613934921429
-8587927613934831367
-8587927613934739524
-8587927613934637150
-8587927613934535281
-8587927613934442305
-8587927613934335406
-8587927613934242340
-8587927613934120469
-8587927613933999238
-8587927613933908044
-8587927613933800369
-8587927613933684197
-8587927613933582710
-8587927613933469633
-8587927613933361302
-8587927613933261301
-8587927613933160003
-8587927613933044840
-8587927613932950763
-8587927613932829878
-8587927613932730641
-8587927613932619604
-8587927613932510185
-8587927613932370788
-8587927613932279335
-8587927613932177761
-8587927613932077407
-8587927613931956612
-8587927613931834593
-8587927613931724752
-8587927613931609134
-8587927613931494377
-8587927613931393206
-8587927613931271886
-8587927613931153780
-8587927613931022023
-8587927613930914070
-8587927613930793623
-8587927613930663148
-8587927613930569641
-8587927613930450731
-8587927613930340265
-8587927613930231889
-8587927613930099331
-8587927613929998632
-8587927613929868629
-8587927613929777344
-8587927613929654028
-8587927613929537305
-8587927613929428325
-8587927613929318118
-8587927613929197709
-8587927613929107643
-8587927613928980661
-8587927613928868619
-8587927613928765050
-8587927613928658382
-8587927613928537845
-8587927613928433546
-8587927613928317439
-8587927613928196275
-8587927613928084273
-8587927613927972695
-8587927613927851083
-8587927613927750651
-8587927613927640583
-8587927613927529941
-8587927613927422505
-8587927613927308274
-8587927613927176567
-8587927613927076098
-8587927613926964622
-8587927613926845801
-8587927613926754771
-8587927613926625490
-8587927613926503738
-8587927613926406278
-8587927613926303584
-8587927613926180925
-8587927613926073871
-8587927613925963294
-8587927613925844585
-8587927613925745368
-8587927613925624141
-8587927613925514624
-8587927613925413995
-8587927613925291418
-8587927613925160708
-8587927613925060149
-8587927613924937009
-8587927613924824622
-8587927613924722150
-8587927613924603941
-8587927613924492428
-8587927613924362449
-8587927613924271891
-8587927613924139411
-8587927613924049341
-8587927613923939032
-8587927613923828217
-8587927613923708046
-8587927613923608193
-8587927613923498059
-8587927613923392077
-8587927613923281627
-8587927613923157773
-8587927613923041962
-8587927613922937581
-8587927613922828240
-8587927613922718057
-8587927613922607653
-8587927613922491596
-8587927613922380986
-8587927613922269305
-8587927613922139215
-8587927613922028647
-8587927613921928325
-8587927613921808080
-8587927613921688000
-8587927613921587929
-8587927613921467844
-8587927613921357444
-8587927613921248062
-8587927613921010729
-8587927613920980857
-8587927613920851478
-8587927613920746291
-8587927613920628555
-8587927613920377637
-8587927613920138395
-8587927613920078393
-8587927613919988209
-8587927613919905295
-8587927613919802637
-8587927613919708203
-8587927613919572448
-8587927613919502384
-8587927613919412322
-8587927613919331855
-8587927613919246322
-8587927613919147594
-8587927613919048114
-8587927613918966144
-8587927613918869374
-8587927613918788217
-8587927613918681262
-8587927613918580825
-8587927613918482840
-8587927613918412193
-8587927613918321471
-8587927613918235974
-8587927613918136097
-8587927613918035418
-8587927613917952857
-8587927613917862993
-8587927613917762897
-8587927613917662478
-8587927613917581854
-8587927613917493677
-8587927613917399444
-8587927613917322902
-8587927613917215655
-8587927613917120810
-8587927613917033791
-8587927613916932648
-8587927613916851845
-8587927613916764160
-8587927613916674226
-8587927613916583852
-8587927613916482743
-8587927613916405412
-8587927613916302430
-8587927613916205710
-8587927613916124643
-8587927613916028304
-8587927613915953162
-8587927613915858129
-8587927613915762221
-8587927613915627726
-8587927613915557181
-8587927613915473052
-8587927613915389091
-8587927613915292945
-8587927613915189996
-8587927613915101331
-8587927613914999371
-8587927613914938980
-8587927613914824565
-8587927613914733563
-8587927613914652730
-8587927613914562394
-8587927613914469848
-8587927613914381860
-8587927613914288781
-8587927613914184247
-8587927613914104195
-8587927613914004025
-8587927613913923755
-8587927613913838329
-8587927613913732777
-8587927613913636775
-8587927613913562371
-8587927613913456060
-8587927613913354877
-8587927613913274705
-8587927613913173838
-8587927613913104341
-8587927613912993193
-8587927613912912431
-8587927613912820452
-8587927613912742891
-8587927613912642492
-8587927613912561483
-8587927613912475022
-8587927613912380842
-8587927613912284438
-8587927613912182577
-8587927613912110629
-8587927613911898454
-8587927613911858578
-8587927613911774875
-8587927613911679563
-8587927613911592744
-8587927613911501919
-8587927613911411841
-8587927613911313199
-8587927613911222329
-8587927613910999833
-8587927613910748964
-8587927613910714445
-8587927613910624486
-8587927613910522392
-8587927613910425823
-8587927613910328905
-8587927613910248787
-8587927613910142677
-8587927613910062616
-8587927613909972550
-8587927613909859970
-8587927613909778284
-8587927613909696339
-8587927613909609208
-8587927613909486746
-8587927613909416682
-8587927613909336642
-8587927613909246564
-8587927613909146013
-8587927613909055943
-8587927613908968160
-8587927613908847151
-8587927613908775728
-8587927613908630099
-8587927613908538486
-8587927613908468286
-8587927613908348128
-8587927613908267316
-8587927613908167245
-8587927613908086392
-8587927613907985381
-8587927613907904663
-8587927613907820830
-8587927613907732492
-8587927613907636108
-8587927613907554672
-8587927613907463502
-8587927613907361440
-8587927613907280529
-8587927613907177380
-8587927613907097848
-8587927613906987296
-8587927613906907207
-8587927613906824831
-8587927613906748334
-8587927613906638902
-8587927613906544423
-8587927613906463981
-8587927613906363089
-8587927613906272091
-8587927613906166642
-8587927613906096008
-8587927613905999964
-8587927613905917383
-8587927613905834608
-8587927613905733585
-8587927613905630386
-8587927613905554726
-8587927613905457854
-8587927613905346944
-8587927613905286918
-8587927613905193162
-8587927613905104841
-8587927613905003801
-8587927613904902121
-8587927613904822060
-8587927613904732126
-8587927613904630130
-8587927613904539900
-8587927613904448816
-8587927613904372672
-8587927613904263405
-8587927613904173335
-8587927613904092781
-8587927613903995630
-8587927613903902620
-8587927613903822514
-8587927613903738525
-8587927613903630699
-8587927613903544944
-8587927613903453843
-8587927613903363170
-8587927613903272283
-8587927613903181561
-8587927613903092936
-8587927613902983554
-8587927613902897717
-8587927613902811046
-8587927613902710988
-8587927613902621899
-8587927613902533315
-8587927613902448747
-8587927613902360323
-8587927613902260253
-8587927613902175351
-8587927613902070309
-8587927613901989579
-8587927613901893893
-8587927613901796934
-8587927613901702135
-8587927613901631044
-8587927613901520131
-8587927613901449837
-8587927613901359476
-8587927613901261860
-8587927613901172431
-8587927613901077258
-8587927613900988325
-8587927613900898149
-8587927613900810218
-8587927613900720136
-8587927613900629433
-8587927613900539162
-8587927613900439244
-8587927613900326397
-8587927613900266490
-8587927613900166419
-8587927613900078455
-8587927613899973979
-8587927613899883125
-8587927613899792879
-8587927613899704184
-8587927613899603403
-8587927613899512237
-8587927613899432226
-8587927613899332134
-8587927613899252086
-8587927613899161392
-8587927613899060861
-8587927613898970923
-8587927613898902801
-8587927613898785467
-8587927613898700176
-8587927613898621658
-8587927613898527442
-8587927613898440529
-8587927613898326504
-8587927613898245499
-8587927613898142333
-8587927613898072269
-8587927613897971779
-8587927613897883208
-8587927613897778523
-8587927613897698076
-8587927613897598005
-8587927613897506297
-8587927613897417574
-8587927613897327726
-8587927613897245612
-8587927613897147496
-8587927613897066692
-8587927613896968538
-8587927613896872183
-8587927613896787315
-8587927613896692984
-8587927613896602930
-8587927613896512860
-8587927613896429429
-8587927613896291473
-8587927613896211125
-8587927613896109428
-8587927613896019231
-8587927613895928262
-8587927613895848300
-8587927613895751969
-8587927613895664671
-8587927613895579568
-8587927613895476246
-8587927613895406182
-8587927613895302384
-8587927613895212187
-8587927613895132257
-8587927613895022185
-8587927613894932120
-8587927613894860504
-8587927613894747267
-8587927613894657209
-8587927613894576529
-8587927613894476536
-8587927613894395252
-8587927613894295550
-8587927613894214837
-8587927613894132428
-8587927613894039111
-8587927613893947333
-8587927613893858466
-8587927613893777198
-8587927613893666482
-8587927613893595860
-8587927613893495497
-8587927613893407571
-8587927613893309930
-8587927613893204461
-8587927613893121814
-8587927613893028176
-8587927613892948629
-8587927613892827751
-8587927613892757494
-8587927613892640977
-8587927613892568606
-8587927613892482543
-8587927613892388294
-8587927613892311809
-8587927613892170712
-8587927613892099864
-8587927613892009166
-8587927613891918419
-8587927613891839729
-8587927613891730294
-8587927613891650246
-8587927613891561202
-8587927613891457675
-8587927613891369637
-8587927613891281337
-8587927613891188890
-8587927613891104978
-8587927613891008516
-8587927613890924485
-8587927613890824312
-8587927613890734078
-8587927613890641959
-8587927613890532179
-8587927613890461807
-8587927613890360919
-8587927613890264227
-8587927613890183810
-8587927613890082548
-8587927613890001572
-8587927613889901345
-8587927613889823961
-8587927613889720610
-8587927613889635496
-8587927613889530256
-8587927613889448438
-8587927613889358397
-8587927613889268335
-8587927613889177580
-8587927613889100951
-8587927613888992596
-8587927613888925640
-8587927613888830816
-8587927613888742819
-8587927613888639640
-8587927613888551533
-8587927613888452041
-8587927613888350496
-8587927613888280305
-8587927613888180259
-8587927613888046072
-8587927613887985126
-8587927613887882896
-8587927613887788782
-8587927613887688063
-8587927613887607727
-8587927613887506519
-8587927613887426040
-8587927613887325956
-8587927613887245243
-8587927613887144232
-8587927613887065994
-8587927613886983593
-8587927613886890510
-8587927613886801286
-8587927613886711200
-8587927613886609889
-8587927613886518932
-8587927613886428444
-8587927613886328492
-8587927613886248444
-8587927613886148233
-8587927613886068665
-8587927613885977692
-8587927613885887704
-8587927613885797602
-8587927613885702186
-8587927613885616345
-8587927613885522080
-8587927613885442220
-8587927613885317939
-8587927613885242390
-8587927613885162387
-8587927613885068573
-8587927613884975494
-8587927613884874364
-8587927613884793971
-8587927613884694237
-8587927613884503148
-8587927613884424187
-8587927613884346549
-8587927613884255489
-8587927613884177005
-8587927613884073207
-8587927613883989332
-8587927613883778130
-8587927613883526728
-8587927613883496750
-8587927613883408995
-8587927613883304367
-8587927613883198762
-8587927613883118303
-8587927613883027844
-8587927613882927748
-8587927613882827809
-8587927613882747760
-8587927613882656389
-8587927613882554812
-8587927613882470239
-8587927613882372652
-8587927613882277430
-8587927613882187056
-8587927613882096978
-8587927613882006305
-8587927613881911945
-8587927613881823119
-8587927613881731242
-8587927613881635934
-8587927613881565874
-8587927613881450186
-8587927613881359147
-8587927613881289088
-8587927613881181906
-8587927613881090806
-8587927613880989479
-8587927613880919411
-8587927613880817234
-8587927613880733154
-8587927613880592386
-8587927613880491502
-8587927613880430704
-8587927613880330276
-8587927613880242637
-8587927613880142455
-8587927613880059898
-8587927613879959138
-8587927613879862951
-8587927613879778949
-8587927613879683538
-8587927613879593476
-8587927613879502409
-8587927613879415447
-8587927613879318389
-8587927613879233459
-8587927613879133524
-8587927613879033581
-8587927613878960421
-8587927613878847287
-8587927613878766984
-8587927613878656686
-8587927613878576634
-8587927613878485004
-8587927613878403999
-8587927613878313128
-8587927613878233064
-8587927613878133309
-8587927613878022400
-8587927613877948583
-8587927613877845524
-8587927613877764798
-8587927613877662613
-8587927613877580167
-8587927613877494769
-8587927613877404235
-8587927613877313357
-8587927613877223287
-8587927613877123520
-8587927613877033343
-8587927613876942329
-8587927613876832270
-8587927613876762206
-8587927613876648012
-8587927613876587970
-8587927613876480686
-8587927613876382996
-8587927613876301449
-8587927613876195779
-8587927613876114182
-8587927613876020611
-8587927613875927256
-8587927613875827489
-8587927613875747408
-8587927613875657326
-8587927613875561985
-8587927613875471783
-8587927613875372107
-8587927613875291295
-8587927613875185513
-8587927613875101893
-8587927613875000398
-8587927613874926807
-8587927613874820972
-8587927613874734392
-8587927613874644306
-8587927613874554536
-8587927613874452671
-8587927613874362355
-8587927613874258663
-8587927613874167813
-8587927613874086241
-8587927613873984676
-8587927613873909497
-8587927613873814792
-8587927613873723400
-8587927613873626409
-8587927613873536376
-8587927613873432179
-8587927613873340631
-8587927613873259408
-8587927613873148737
-8587927613873068796
-8587927613872978738
-8587927613872898603
-8587927613872791837
-8587927613872691758
-8587927613872620799
-8587927613872523167
-8587927613872429373
-8587927613872329175
-8587927613872248396
-8587927613872164456
-8587927613872068199
-8587927613871975280
-8587927613871809374
-8587927613871789220
-8587927613871668039
-8587927613871578100
-8587927613871486474
-8587927613871395969
-8587927613871300907
-8587927613871210250
-8587927613871124779
-8587927613871022290
-8587927613870932216
-8587927613870841111
-8587927613870760258
-8587927613870669630
-8587927613870582348
-8587927613870492528
-8587927613870398012
-8587927613870233399
-8587927613870213385
-8587927613870123894
-8587927613870016306
-8587927613869933076
-8587927613869829393
-8587927613869743313
-8587927613869645529
-8587927613869554581
-8587927613869462869
-8587927613869368956
-8587927613869279079
-8587927613869179000
-8587927613869098472
-8587927613868991327
-8587927613868920619
-8587927613868825372
-8587927613868733069
-8587927613868632998
-8587927613868531839
-8587927613868440382
-8587927613868340274
-8587927613868270247
-8587927613868184570
-8587927613868078517
-8587927613867993555
-8587927613867891735
-8587927613867812836
-8587927613867732788
-8587927613867621809
-8587927613867525080
-8587927613867441948
-8587927613867345425
-8587927613867254529
-8587927613867165835
-8587927613867077838
-8587927613866977776
-8587927613866887431
-8587927613866787163
-8587927613866696498
-8587927613866606440
-8587927613866507412
-8587927613866377142
-8587927613866296272
-8587927613866216072
-8587927613866115664
-8587927613866024642
-8587927613865927433
-8587927613865827362
-8587927613865747084
-8587927613865656546
-8587927613865575701
-8587927613865464981
-8587927613865363432
-8587927613865277673
-8587927613865176391
-8587927613865087643
-8587927613864989999
-8587927613864903328
-8587927613864805162
-8587927613864727881
-8587927613864631382
-8587927613864531040
-8587927613864450930
-8587927613864350876
-8587927613864259968
-8587927613864159590
-8587927613864089399
-8587927613863978518
-8587927613863907637
-8587927613863812497
-8587927613863727978
-8587927613863627895
-8587927613863547050
-8587927613863445801
-8587927613863344917
-8587927613863264380
-8587927613863162860
-8587927613863083772
-8587927613862992344
-8587927613862902282
-8587927613862800992
-8587927613862716099
-8587927613862615449
-8587927613862524571
-8587927613862433536
-8587927613862342809
-8587927613862251869
-8587927613862150657
-8587927613862080733
-8587927613861989148
-8587927613861898947
-8587927613861801154
-8587927613861720613
-8587927613861620226
-8587927613861521535
-8587927613861439931
-8587927613861354319
-8587927613861258473
-8587927613861165985
-8587927613861051734
-8587927613860984823
-8587927613860904052
-8587927613860798616
-8587927613860693434
-8587927613860622774
-8587927613860531584
-8587927613860432194
-8587927613860332497
-8587927613860262446
-8587927613860157493
-8587927613860078558
-8587927613859968338
-8587927613859884775
-8587927613859793191
-8587927613859703306
-8587927613859501953
-8587927613859472065
-8587927613859373788
-8587927613859291954
-8587927613859199441
-8587927613859106301
-8587927613859009149
-8587927613858803814
-8587927613858585777
-8587927613858534795
-8587927613858442980
-8587927613858353066
-8587927613858272181
-8587927613858171925
-8587927613858091864
-8587927613858007928
-8587927613857908732
-8587927613857818662
-8587927613857748623
-8587927613857635394
-8587927613857565703
-8587927613857460546
-8587927613857390490
-8587927613857290690
-8587927613857209932
-8587927613857115703
-8587927613857025141
-8587927613856954132
-8587927613856859066
-8587927613856763967
-8587927613856683311
-8587927613856594686
-8587927613856514240
-8587927613856423267
-8587927613856304344
-8587927613856233775
-8587927613856123383
-8587927613856042673
-8587927613855865260
-8587927613855825088
-8587927613855745072
-8587927613855654813
-8587927613855570824
-8587927613855472510
-8587927613855392466
-8587927613855294091
-8587927613855203581
-8587927613855122794
-8587927613854911970
-8587927613854692442
-8587927613854652303
-8587927613854572144
-8587927613854465500
-8587927613854370623
-8587927613854280422
-8587927613854178393
-8587927613854082296
-8587927613853992300
-8587927613853898396
-8587927613853801051
-8587927613853715140
-8587927613853626240
-8587927613853556287
-8587927613853454155
-8587927613853356671
-8587927613853272727
-8587927613853184003
-8587927613853094167
-8587927613852993161
-8587927613852913108
-8587927613852812015
-8587927613852730944
-8587927613852639721
-8587927613852512431
-8587927613852432272
-8587927613852324749
-8587927613852253762
-8587927613852154730
-8587927613852072620
-8587927613851981044
-8587927613851891996
-8587927613851801352
-8587927613851707837
-8587927613851614627
-8587927613851528691
-8587927613851438547
-8587927613851348490
-8587927613851253937
-8587927613851165139
-8587927613851074306
-8587927613850984056
-8587927613850893358
-8587927613850802684
-8587927613850702778
-8587927613850612433
-8587927613850524752
-8587927613850434584
-8587927613850349391
-8587927613850261128
-8587927613850155047
-8587927613850060851
-8587927613849970038
-8587927613849892884
-8587927613849788498
-8587927613849712580
-8587927613849613437
-8587927613849533536
-8587927613849442752
-8587927613849350116
-8587927613849252587
-8587927613849148702
-8587927613849048652
-8587927613848988133
-8587927613848905170
-8587927613848791415
-8587927613848721910
-8587927613848623851
-8587927613848522811
-8587927613848442841
-8587927613848353079
-8587927613848261679
-8587927613848162322
-8587927613848068623
-8587927613847987951
-8587927613847898021
-8587927613847807327
-8587927613847723296
-8587927613847611578
-8587927613847530819
-8587927613847451588
-8587927613847331955
-8587927613847255355
-8587927613847154820
-8587927613847073244
-8587927613846993200
-8587927613846822679
-8587927613846792595
-8587927613846672284
-8587927613846603238
-8587927613846496126
-8587927613846413894
-8587927613846324477
-8587927613846227982
-8587927613846142580
-8587927613846048528
-8587927613845956278
-8587927613845858182
-8587927613845768297
-8587927613845667848
-8587927613845577072
-8587927613845477699
-8587927613845325325
-8587927613845295302
-8587927613845184581
-8587927613845091827
-8587927613845000205
-8587927613844910155
-8587927613844820209
-8587927613844730677
-8587927613844640258
-8587927613844547696
-8587927613844453623
-8587927613844361792
-8587927613844265244
-8587927613844184571
-8587927613844088311
-8587927613844008394
-8587927613843907769
-8587927613843737158
-8587927613843707106
-8587927613843607121
-8587927613843505162
-8587927613843429334
-8587927613843318728
-8587927613843243110
-8587927613843143486
-8587927613843052366
-8587927613842960498
-8587927613842865226
-8587927613842763829
-8587927613842673973
-8587927613842588998
-8587927613842494933
-8587927613842405964
-8587927613842245038
-8587927613842204209
-8587927613842067156
-8587927613842008908
-8587927613841921461
-8587927613841827770
-8587927613841741235
-8587927613841643812
-8587927613841566088
-8587927613841465159
-8587927613841376456
-8587927613841276065
-8587927613841185030
-8587927613841104358
-8587927613840993757
-8587927613840913606
-8587927613840825888
-8587927613840669527
-8587927613840639504
-8587927613840530475
-8587927613840432794
-8587927613840347117
-8587927613840242407
-8587927613840161718
-8587927613840073799
-8587927613839976561
-8587927613839891964
-8587927613839793728
-8587927613839698556
-8587927613839608321
-8587927613839516170
-8587927613839417832
-8587927613839326498
-8587927613839237758
-8587927613839132838
-8587927613839052782
-8587927613838944652
-8587927613838863232
-8587927613838771652
-8587927613838677916
-8587927613838557880
-8587927613838487701
-8587927613838387158
-8587927613838310862
-8587927613838220805
-8587927613838120726
-8587927613838030652
-8587927613837940988
-8587927613837830662
-8587927613837749768
-8587927613837649537
-8587927613837568844
-8587927613837488595
-8587927613837402967
-8587927613837305129
-8587927613837217798
-8587927613837116483
-8587927613837025990
-8587927613836933100
-8587927613836839721
-8587927613836762103
-8587927613836659339
-8587927613836572710
-8587927613836482151
-8587927613836390973
-8587927613836291596
-8587927613836209392
-8587927613836100971
-8587927613836020409
-8587927613835930598
-8587927613835840586
-8587927613835750381
-8587927613835638572
-8587927613835555186
-8587927613835469981
-8587927613835385905
-8587927613835295860
-8587927613835195691
-8587927613835105732
-8587927613835011487
-8587927613834929677
-8587927613834839800
-8587927613834738732
-8587927613834658683
-8587927613834565703
-8587927613834363722
-8587927613834336671
-8587927613834245743
-8587927613834152241
-8587927613834064150
-8587927613833964087
-8587927613833866394
-8587927613833784210
-8587927613833690335
-8587927613833603352
-8587927613833500469
-8587927613833411524
-8587927613833324907
-8587927613833226704
-8587927613833132533
-8587927613833032113
-8587927613832828494
-8587927613832806953
-8587927613832718258
-8587927613832607501
-8587927613832517226
-8587927613832435104
-8587927613832348606
-8587927613832264888
-8587927613832169037
-8587927613832088964
-8587927613831997802
-8587927613831910881
-8587927613831819021
-8587927613831736432
-8587927613831642597
-8587927613831560722
-8587927613831470636
-8587927613831389663
-8587927613831292388
-8587927613831199970
-8587927613831119056
-8587927613831018299
-8587927613830937627
-8587927613830840918
-8587927613830749625
-8587927613830658344
-8587927613830588424
-8587927613830497361
-8587927613830416881
-8587927613830315349
-8587927613830234545
-8587927613830149915
-8587927613830062924
-8587927613829973027
-8587927613829887469
-8587927613829786831
-8587927613829698925
-8587927613829612727
-8587927613829528745
-8587927613829443253
-8587927613829350256
-8587927613829269756
-8587927613829173503
-8587927613829082813
-8587927613828991372
-8587927613828911312
-8587927613828823023
-8587927613828722760
-8587927613828641028
-8587927613828556517
-8587927613828475635
-8587927613828386271
-8587927613828296054
-8587927613828198923
-8587927613828124585
-8587927613828012686
-8587927613827952291
-8587927613827856559
-8587927613827761251
-8587927613827678908
-8587927613827590414
-8587927613827505185
-8587927613827400811
-8587927613827334225
-8587927613827244557
-8587927613827153654
-8587927613827062796
-8587927613826982723
-8587927613826897149
-8587927613826803150
-8587927613826729214
-8587927613826515964
-8587927613826485949
-8587927613826413910
-8587927613826305842
-8587927613826228762
-8587927613826126392
-8587927613826043129
-8587927613825958544
-8587927613825856228
-8587927613825783902
-8587927613825572909
-8587927613825373367
-8587927613825343332
-8587927613825263086
-8587927613825167585
-8587927613825078517
-8587927613824981521
-8587927613824899567
-8587927613824805310
-8587927613824722852
-8587927613824630138
-8587927613824533380
-8587927613824453032
-8587927613824352818
-8587927613824278648
-8587927613824182121
-8587927613824096357
-8587927613824011801
-8587927613823922396
-8587927613823828200
-8587927613823735105
-8587927613823652963
-8587927613823533001
-8587927613823465823
-8587927613823378504
-8587927613823288652
-8587927613823181606
-8587927613823109826
-8587927613822923532
-8587927613822893636
-8587927613822802536
-8587927613822713381
-8587927613822621809
-8587927613822529752
-8587927613822439514
-8587927613822343955
-8587927613822254702
-8587927613822183566
-8587927613821968748
-8587927613821729058
-8587927613821701490
-8587927613821612738
-8587927613821510845
-8587927613821409829
-8587927613821312390
-8587927613821221635
-8587927613821134381
-8587927613821053479
-8587927613820966267
-8587927613820865465
-8587927613820784468
-8587927613820683342
-8587927613820593190
-8587927613820504754
-8587927613820413974
-8587927613820322693
-8587927613820229146
-8587927613820139721
-8587927613820055198
-8587927613819949757
-8587927613819853213
-8587927613819722807
-8587927613819662900
-8587927613819573047
-8587927613819476051
-8587927613819388732
-8587927613819291794
-8587927613819196793
-8587927613819109084
-8587927613819008903
-8587927613818930829
-8587927613818836847
-8587927613818758108
-8587927613818658041
-8587927613818567277
-8587927613818467276
-8587927613818386891
-8587927613818288931
-8587927613818207425
-8587927613818108483
-8587927613818008523
-8587927613817928245
-8587927613817822299
-8587927613817742403
-8587927613817653930
-8587927613817573159
-8587927613817464865
-8587927613817380883
-8587927613817274642
-8587927613817193358
-8587927613817092474
-8587927613816988692
-8587927613816918460
-8587927613816822864
-8587927613816732142
-8587927613816648887
-8587927613816554794
-8587927613816453779
-8587927613816362855
-8587927613816272563
-8587927613816142867
-8587927613816092813
-8587927613815985948
-8587927613815915650
-8587927613815760845
-8587927613815720731
-8587927613815619108
-8587927613815509989
-8587927613815429263
-8587927613815336451
-8587927613815235448
-8587927613815166057
-8587927613815074070
-8587927613814985680
-8587927613814893594
-8587927613814825468
-8587927613814737590
-8587927613814637975
-8587927613814564233
-8587927613814454654
-8587927613814383527
-8587927613814206975
-8587927613814176804
-8587927613814102314
-8587927613813996512
-8587927613813907165
-8587927613813814053
-8587927613813721323
-8587927613813629553
-8587927613813555318
-8587927613813451762
-8587927613813371755
-8587927613813279616
-8587927613813184048
-8587927613813099800
-8587927613812969833
-8587927613812908921
-8587927613812810242
-8587927613812650017
-8587927613812610100
-8587927613812519484
-8587927613812419524
-8587927613812338597
-8587927613812244574
-8587927613812152143
-8587927613812072924
-8587927613811982440
-8587927613811902506
-8587927613811806951
-8587927613811724883
-8587927613811629842
-8587927613811548972
-8587927613811445875
-8587927613811359443
-8587927613811269702
-8587927613811110652
-8587927613811070484
-8587927613810959571
-8587927613810879526
-8587927613810777928
-8587927613810683375
-8587927613810593958
-8587927613810493411
-8587927613810402639
-8587927613810331274
-8587927613810231170
-8587927613810139733
-8587927613810051819
-8587927613809958645
-8587927613809898590
-8587927613809792189
-8587927613809718623
-8587927613809617748
-8587927613809527448
-8587927613809432739
-8587927613809341811
-8587927613809261701
-8587927613809169636
-8587927613809079586
-8587927613808979516
-8587927613808900342
-8587927613808798694
-8587927613808709056
-8587927613808618735
-8587927613808527537
-8587927613808442964
-8587927613808352816
-8587927613808262262
-8587927613808178005
-8587927613808097944
-8587927613807988053
-8587927613807918141
-8587927613807821146
-8587927613807731006
-8587927613807658606
-8587927613807558539
-8587927613807457799
-8587927613807387013
-8587927613807288958
-8587927613807208774
-8587927613807119624
-8587927613807029558
-8587927613806949481
-8587927613806853212
-8587927613806776144
-8587927613806683771
-8587927613806579923
-8587927613806498122
-8587927613806408196
-8587927613806308133
-8587927613806231993
-8587927613806140618
-8587927613806071871
-8587927613805961804
-8587927613805891621
-8587927613805790745
-8587927613805705405
-8587927613805625258
-8587927613805531539
-8587927613805432642
-8587927613805352245
-8587927613805262187
-8587927613805181478
-8587927613805079703
-8587927613804988701
-8587927613804888265
-8587927613804774794
-8587927613804694089
-8587927613804589477
-8587927613804508333
-8587927613804427488
-8587927613804312054
-8587927613804242163
-8587927613804141333
