-8587877682981099255
Blob14:0.6008261,2.328221,-10.12199,0,0,0,1,1,1,1
Blob45:-1.757819,3.927406,-11.23932,0,0,0,1,1,1,1
Blob83:0.5490201,1.287614,-12.30484,0,0,0,1,1,1,1
-8587877682978576433
-8587877682977996186
-8587877682977595796
-8587877682977235446
-8587877682976865216
-8587877682976504865
-8587877682976106327
-8587877682975745978
-8587877682975355606
-8587877682974538262
-8587877682974172581
-8587877682973772696
-8587877682973422363
-8587877682973072027
-8587877682972681655
-8587877682972321319
-8587877682971940944
-8587877682971550570
-8587877682971220258
-8587877682970859818
-8587877682970519588
-8587877682970159087
-8587877682969768866
-8587877682969408116
-8587877682969057777
-8587877682968717453
-8587877682968376986
-8587877682968036641
-8587877682967696358
-8587877682967316109
-8587877682966955648
-8587877682966615293
-8587877682966264939
-8587877682965924607
-8587877682965574294
-8587877682965204047
-8587877682964863720
-8587877682964523391
-8587877682964173052
-8587877682963828566
-8587877682963478358
-8587877682963107877
-8587877682962767556
-8587877682962417217
-8587877682962084778
-8587877682961734444
-8587877682961394115
-8587877682961003649
-8587877682960643380
-8587877682960293046
-8587877682959942562
-8587877682959602397
-8587877682959262070
-8587877682958891377
-8587877682958561037
-8587877682958210657
-8587877682957837914
-8587877682957487465
-8587877682957147092
-8587877682955438031
-8587877682712091495
-8587877682711530965
-8587877682711180611
-8587877682710830280
-8587877682710489954
-8587877682710139618
-8587877682709789292
-8587877682709368881
-8587877682708978506
-8587877682708588024
-8587877682708237793
-8587877682707887470
-8587877682707537131
-8587877682707156766
-8587877682706816435
-8587877682706465635
-8587877682706105751
-8587877682705775439
-8587877682705425103
-8587877682705044738
-8587877682704694404
-8587877682704324041
-8587877682703963703
-8587877682703613270
-8587877682702612394
-8587877682702242054
-8587877682701891713
-8587877682701561399
-8587877682701221070
-8587877682700870739
-8587877682700530407
-8587877682700160054
-8587877682699809575
-8587877682699469379
-8587877682699109038
-8587877682698768625
-8587877682698418383
-8587877682698017997
-8587877682697657654
-8587877682697287301
-8587877682696946974
