-8587877592576343992
Blob53:0.8443396,1.938944,-10.51583,0,0,0,1,1,1,1
Blob38:-1.683488,2.896386,-10.64205,0,0,0,1,1,1,1
Blob27:-0.9106707,3.484427,-12.66215,0,0,0,1,1,1,1
-8587877592573888544
-8587877592573367904
-8587877592572987321
-8587877592572627188
-8587877592572256838
-8587877592571907703
-8587877592571537347
-8587877592571183166
-8587877592570842842
-8587877592570505099
-8587877592570165684
-8587877592569825467
-8587877592569455074
-8587877592569104717
-8587877592568758968
-8587877592568416548
-8587877592568066212
-8587877592567685962
-8587877592567305497
-8587877592566982133
-8587877592566811878
-8587877592566481510
-8587877592566151170
-8587877592565820984
-8587877592565490603
-8587877592565130357
-8587877592564789872
-8587877592564449699
-8587877592563999264
-8587877592563448741
-8587877592563068374
-8587877592562749308
-8587877592562418948
-8587877592562098643
-8587877592561778377
-8587877592561448062
-8587877592561127704
-8587877592560847476
-8587877592560577065
-8587877592560296953
-8587877592560026686
-8587877592559854311
-8587877592559574044
-8587877592559285514
-8587877592558981322
-8587877592558775360
-8587877592558495094
-8587877592558214858
-8587877592557934548
-8587877592557654315
-8587877592557494814
-8587877592557214548
-8587877592556916308
-8587877592556616133
-8587877592556315709
-8587877592556148602
-8587877592555868328
-8587877592555588059
-8587877592555307780
-8587877592555037536
-8587877592554867368
-8587877592554587099
-8587877592554286806
-8587877592554016559
-8587877592553856406
-8587877592553576132
-8587877592553285846
-8587877592553015540
-8587877592552858413
-8587877592552588156
-8587877592552297872
-8587877592552027618
-8587877592551827324
-8587877592551547088
-8587877592551267623
-8587877592550987490
-8587877592550817030
-8587877592550536635
-8587877592550256397
-8587877592549976223
-8587877592549812258
-8587877592549532078
-8587877592549251815
-8587877592548971405
-8587877592548805128
-8587877592548514803
-8587877592548244593
-8587877592547954314
-8587877592547684055
-8587877592547522782
-8587877592547252523
-8587877592546972242
-8587877592546812344
-8587877592546502138
-8587877592546221752
-8587877592545941601
-8587877592545638947
-8587877592545479113
-8587877592545198962
-8587877592544918599
-8587877592544618403
-8587877592544297947
-8587877592544027672
-8587877592543867393
-8587877592543587265
-8587877592543296867
-8587877592543006529
-8587877592542846542
-8587877592542556279
-8587877592542265995
-8587877592541975722
-8587877592541808257
-8587877592541527983
-8587877592541247814
-8587877592540957538
-8587877592540687281
-8587877592540516862
-8587877592540246600
-8587877592539956327
-8587877592539696062
-8587877592539525973
-8587877592539245712
-8587877592538974344
-8587877592538808817
-8587877592538538560
-8587877592538258291
-8587877592537978020
-8587877592537793958
-8587877592537513694
-8587877592537233423
-8587877592536953154
-8587877592536681341
-8587877592536518379
-8587877592536237972
-8587877592535947834
-8587877592535647538
-8587877592535489292
-8587877592535208962
-8587877592534928757
-8587877592534648324
-8587877592534488380
-8587877592534208117
-8587877592533927843
-8587877592533617327
-8587877592533346001
-8587877592533188945
-8587877592532908668
-8587877592532618395
-8587877592532318101
-8587877592532147877
-8587877592531857665
-8587877592531557377
-8587877592531287125
-8587877592531006851
-8587877592530846657
-8587877592530546248
-8587877592530266100
-8587877592529973417
-8587877592529812278
-8587877592529529150
-8587877592529239731
-8587877592528939535
-8587877592528639253
-8587877592528484045
-8587877592528203768
-8587877592527923502
-8587877592527653240
-8587877592527483113
-8587877592527202839
-8587877592526921077
-8587877592526630671
-8587877592526370549
-8587877592526200944
-8587877592525930570
-8587877592525640304
-8587877592525482096
-8587877592525211829
-8587877592524921556
-8587877592524641284
-8587877592524481187
-8587877592524200926
-8587877592523910642
-8587877592523590286
-8587877592523289880
-8587877592523019734
-8587877592522848288
-8587877592522568024
-8587877592522287755
-8587877592522017496
-8587877592521847148
-8587877592521576894
-8587877592521296618
-8587877592521026366
-8587877592520863709
-8587877592520573599
-8587877592520293328
-8587877592520003049
-8587877592519842893
-8587877592519562627
-8587877592519292365
-8587877592519010414
-8587877592518849856
-8587877592518569595
-8587877592518289329
-8587877592518019069
-8587877592517858537
-8587877592517568263
Blob53:0.8443396,1.938944,-10.51583,0,0,0,1,1,1,1
Blob38:-1.683488,2.896386,-10.64205,0,0,0,1,1,1,1
Blob27:-0.9166924,3.469322,-12.70704,0,0,0,1,1,1,1
-8587877592517287995
Blob53:0.8443396,1.938944,-10.51583,0,0,0,1,1,1,1
Blob38:-1.683488,2.896386,-10.64205,0,0,0,1,1,1,1
Blob27:-0.9249064,3.447124,-12.75121,0,0,0,1,1,1,1
-8587877592517017666
Blob53:0.8443396,1.938944,-10.51583,0,0,0,1,1,1,1
Blob38:-1.683488,2.896386,-10.64205,0,0,0,1,1,1,1
Blob27:-0.9335663,3.426322,-12.80709,0,0,0,1,1,1,1
-8587877592516828800
-8587877592516418393
Blob53:0.8443396,1.938944,-10.51583,0,0,0,1,1,1,1
Blob38:-1.683488,2.896386,-10.64205,0,0,0,1,1,1,1
Blob27:-0.9448758,3.405869,-12.86891,0,0,0,1,1,1,1
-8587877592516098078
Blob53:0.8443396,1.938944,-10.51583,0,0,0,1,1,1,1
Blob38:-1.683488,2.896386,-10.64205,0,0,0,1,1,1,1
Blob27:-0.9354021,3.358957,-12.93046,0,0,0,1,1,1,1
-8587877592515757757
Blob53:0.8443396,1.938944,-10.51583,0,0,0,1,1,1,1
Blob38:-1.683488,2.896386,-10.64205,0,0,0,1,1,1,1
Blob27:-0.929267,3.327971,-12.98643,0,0,0,1,1,1,1
-8587877592515477493
Blob53:0.8443396,1.938944,-10.51583,0,0,0,1,1,1,1
Blob38:-1.683488,2.896386,-10.64205,0,0,0,1,1,1,1
Blob27:-0.928619,3.297699,-13.04061,0,0,0,1,1,1,1
-8587877592515197222
Blob53:0.8443396,1.938944,-10.51583,0,0,0,1,1,1,1
Blob38:-1.683488,2.896386,-10.64205,0,0,0,1,1,1,1
Blob27:-0.9177565,3.274073,-13.10451,0,0,0,1,1,1,1
-8587877592514916958
Blob53:0.8443396,1.938944,-10.51583,0,0,0,1,1,1,1
Blob38:-1.683488,2.896386,-10.64205,0,0,0,1,1,1,1
Blob27:-0.9147837,3.246264,-13.16027,0,0,0,1,1,1,1
-8587877592514626667
Blob53:0.8443396,1.938944,-10.51583,0,0,0,1,1,1,1
Blob38:-1.683488,2.896386,-10.64205,0,0,0,1,1,1,1
Blob27:-0.9037574,3.198549,-13.2146,0,0,0,1,1,1,1
-8587877592514316379
Blob53:0.8443396,1.938944,-10.51583,0,0,0,1,1,1,1
Blob38:-1.683488,2.896386,-10.64205,0,0,0,1,1,1,1
Blob27:-0.8971631,3.161417,-13.26737,0,0,0,1,1,1,1
-8587877592514149426
Blob53:0.8443396,1.938944,-10.51583,0,0,0,1,1,1,1
Blob38:-1.683488,2.896386,-10.64205,0,0,0,1,1,1,1
Blob27:-0.882832,3.100279,-13.308,0,0,0,1,1,1,1
-8587877592513869201
-8587877592513578917
Blob53:0.8443396,1.938944,-10.51583,0,0,0,1,1,1,1
Blob38:-1.683488,2.896386,-10.64205,0,0,0,1,1,1,1
Blob27:-0.8796056,3.059619,-13.33782,0,0,0,1,1,1,1
-8587877592513298763
Blob53:0.8443396,1.938944,-10.51583,0,0,0,1,1,1,1
Blob38:-1.683488,2.896386,-10.64205,0,0,0,1,1,1,1
Blob27:-0.8670837,3.010972,-13.36812,0,0,0,1,1,1,1
-8587877592513028366
Blob53:0.8443396,1.938944,-10.51583,0,0,0,1,1,1,1
Blob38:-1.683488,2.896386,-10.64205,0,0,0,1,1,1,1
Blob27:-0.8582686,2.967878,-13.38604,0,0,0,1,1,1,1
-8587877592512858392
-8587877592512588135
Blob53:0.8443396,1.938944,-10.51583,0,0,0,1,1,1,1
Blob38:-1.683488,2.896386,-10.64205,0,0,0,1,1,1,1
Blob27:-0.8562269,2.923681,-13.39558,0,0,0,1,1,1,1
-8587877592512281189
Blob53:0.8443396,1.938944,-10.51583,0,0,0,1,1,1,1
Blob38:-1.683488,2.896386,-10.64205,0,0,0,1,1,1,1
Blob27:-0.8519,2.871312,-13.39837,0,0,0,1,1,1,1
-8587877592511970725
Blob53:0.8443396,1.938944,-10.51583,0,0,0,1,1,1,1
Blob38:-1.683488,2.896386,-10.64205,0,0,0,1,1,1,1
Blob27:-0.8520597,2.834766,-13.40881,0,0,0,1,1,1,1
-8587877592511809112
Blob53:0.8443396,1.938944,-10.51583,0,0,0,1,1,1,1
Blob38:-1.683488,2.896386,-10.64205,0,0,0,1,1,1,1
Blob27:-0.851413,2.795878,-13.4176,0,0,0,1,1,1,1
-8587877592511528846
-8587877592511248577
Blob53:0.8443396,1.938944,-10.51583,0,0,0,1,1,1,1
Blob38:-1.683488,2.896386,-10.64205,0,0,0,1,1,1,1
Blob27:-0.8456163,2.759225,-13.41671,0,0,0,1,1,1,1
-8587877592510978317
Blob53:0.8443396,1.938944,-10.51583,0,0,0,1,1,1,1
Blob38:-1.683488,2.896386,-10.64205,0,0,0,1,1,1,1
Blob27:-0.8250319,2.730299,-13.41773,0,0,0,1,1,1,1
-8587877592510812780
Blob53:0.8443396,1.938944,-10.51583,0,0,0,1,1,1,1
Blob38:-1.683488,2.896386,-10.64205,0,0,0,1,1,1,1
Blob27:-0.8065012,2.703874,-13.41315,0,0,0,1,1,1,1
-8587877592510522497
-8587877592510242228
Blob53:0.8443396,1.938944,-10.51583,0,0,0,1,1,1,1
Blob38:-1.683488,2.896386,-10.64205,0,0,0,1,1,1,1
Blob27:-0.7783117,2.67681,-13.40962,0,0,0,1,1,1,1
-8587877592509952044
Blob53:0.8443396,1.938944,-10.51583,0,0,0,1,1,1,1
Blob38:-1.683488,2.896386,-10.64205,0,0,0,1,1,1,1
Blob27:-0.7473977,2.655586,-13.40758,0,0,0,1,1,1,1
-8587877592509671767
Blob53:0.8443396,1.938944,-10.51583,0,0,0,1,1,1,1
Blob38:-1.683488,2.896386,-10.64205,0,0,0,1,1,1,1
Blob27:-0.7215117,2.642527,-13.40691,0,0,0,1,1,1,1
-8587877592509509253
-8587877592509208978
Blob53:0.8443396,1.938944,-10.51583,0,0,0,1,1,1,1
Blob38:-1.683488,2.896386,-10.64205,0,0,0,1,1,1,1
Blob27:-0.7133054,2.621394,-13.39476,0,0,0,1,1,1,1
-8587877592508918684
Blob53:0.8443396,1.938944,-10.51583,0,0,0,1,1,1,1
Blob38:-1.683488,2.896386,-10.64205,0,0,0,1,1,1,1
Blob27:-0.7170696,2.605393,-13.39028,0,0,0,1,1,1,1
-8587877592508638428
Blob53:0.8443396,1.938944,-10.51583,0,0,0,1,1,1,1
Blob38:-1.683488,2.896386,-10.64205,0,0,0,1,1,1,1
Blob27:-0.7433993,2.584176,-13.39265,0,0,0,1,1,1,1
-8587877592508468168
Blob53:0.8443396,1.938944,-10.51583,0,0,0,1,1,1,1
Blob38:-1.683488,2.896386,-10.64205,0,0,0,1,1,1,1
Blob27:-0.787113,2.562708,-13.3828,0,0,0,1,1,1,1
-8587877592508177984
-8587877592507887705
Blob53:0.8443396,1.938944,-10.51583,0,0,0,1,1,1,1
Blob38:-1.683488,2.896386,-10.64205,0,0,0,1,1,1,1
Blob27:-0.8436804,2.535349,-13.36799,0,0,0,1,1,1,1
-8587877592507607431
Blob53:0.8443396,1.938944,-10.51583,0,0,0,1,1,1,1
Blob38:-1.683488,2.896386,-10.64205,0,0,0,1,1,1,1
Blob27:-0.9186432,2.514524,-13.34687,0,0,0,1,1,1,1
-8587877592507317161
Blob53:0.8443396,1.938944,-10.51583,0,0,0,1,1,1,1
Blob38:-1.683488,2.896386,-10.64205,0,0,0,1,1,1,1
Blob27:-0.9971071,2.483954,-13.33669,0,0,0,1,1,1,1
-8587877592507156684
Blob53:0.8443396,1.938944,-10.51583,0,0,0,1,1,1,1
Blob38:-1.683488,2.896386,-10.64205,0,0,0,1,1,1,1
Blob27:-1.079243,2.455876,-13.32316,0,0,0,1,1,1,1
-8587877592506886420
-8587877592506596149
Blob53:0.8443396,1.938944,-10.51583,0,0,0,1,1,1,1
Blob38:-1.683488,2.896386,-10.64205,0,0,0,1,1,1,1
Blob27:-1.172208,2.421105,-13.30561,0,0,0,1,1,1,1
-8587877592506325890
Blob53:0.8443396,1.938944,-10.51583,0,0,0,1,1,1,1
Blob38:-1.683488,2.896386,-10.64205,0,0,0,1,1,1,1
Blob27:-1.262765,2.402157,-13.29732,0,0,0,1,1,1,1
-8587877592506155786
-8587877592505885531
Blob53:0.8443396,1.938944,-10.51583,0,0,0,1,1,1,1
Blob38:-1.683488,2.896386,-10.64205,0,0,0,1,1,1,1
Blob27:-1.34333,2.362298,-13.28726,0,0,0,1,1,1,1
-8587877592505581496
Blob53:0.8443396,1.938944,-10.51583,0,0,0,1,1,1,1
Blob38:-1.683488,2.896386,-10.64205,0,0,0,1,1,1,1
Blob27:-1.429767,2.323553,-13.28678,0,0,0,1,1,1,1
-8587877592505291212
Blob53:0.8443396,1.938944,-10.51583,0,0,0,1,1,1,1
Blob38:-1.683488,2.896386,-10.64205,0,0,0,1,1,1,1
Blob27:-1.481356,2.27826,-13.29184,0,0,0,1,1,1,1
-8587877592505021119
Blob53:0.8443396,1.938944,-10.51583,0,0,0,1,1,1,1
Blob38:-1.683488,2.896386,-10.64205,0,0,0,1,1,1,1
Blob27:-1.527818,2.230237,-13.30636,0,0,0,1,1,1,1
-8587877592504855308
-8587877592504575044
Blob53:0.8443396,1.938944,-10.51583,0,0,0,1,1,1,1
Blob38:-1.683488,2.896386,-10.64205,0,0,0,1,1,1,1
Blob27:-1.554369,2.16936,-13.31527,0,0,0,1,1,1,1
-8587877592504294773
Blob53:0.8443396,1.938944,-10.51583,0,0,0,1,1,1,1
Blob38:-1.683488,2.896386,-10.64205,0,0,0,1,1,1,1
Blob27:-1.547042,2.111109,-13.32058,0,0,0,1,1,1,1
-8587877592504024516
Blob53:0.8443396,1.938944,-10.51583,0,0,0,1,1,1,1
Blob38:-1.683488,2.896386,-10.64205,0,0,0,1,1,1,1
Blob27:-1.517054,2.061461,-13.32653,0,0,0,1,1,1,1
-8587877592503853820
-8587877592503583584
Blob53:0.8443396,1.938944,-10.51583,0,0,0,1,1,1,1
Blob38:-1.683488,2.896386,-10.64205,0,0,0,1,1,1,1
Blob27:-1.455108,2.009877,-13.33131,0,0,0,1,1,1,1
-8587877592503283278
Blob53:0.8443396,1.938944,-10.51583,0,0,0,1,1,1,1
Blob38:-1.683488,2.896386,-10.64205,0,0,0,1,1,1,1
Blob27:-1.379654,1.966403,-13.32981,0,0,0,1,1,1,1
-8587877592503013119
Blob53:0.8443396,1.938944,-10.51583,0,0,0,1,1,1,1
Blob38:-1.683488,2.896386,-10.64205,0,0,0,1,1,1,1
Blob27:-1.286704,1.930476,-13.34721,0,0,0,1,1,1,1
-8587877592502834684
-8587877592502563401
Blob53:0.8443396,1.938944,-10.51583,0,0,0,1,1,1,1
Blob38:-1.683488,2.896386,-10.64205,0,0,0,1,1,1,1
Blob27:-1.185694,1.902565,-13.34544,0,0,0,1,1,1,1
-8587877592502254598
Blob53:0.8443396,1.938944,-10.51583,0,0,0,1,1,1,1
Blob38:-1.683488,2.896386,-10.64205,0,0,0,1,1,1,1
Blob27:-1.096823,1.897641,-13.3421,0,0,0,1,1,1,1
-8587877592501980076
Blob53:0.8443396,1.938944,-10.51583,0,0,0,1,1,1,1
Blob38:-1.683488,2.896386,-10.64205,0,0,0,1,1,1,1
Blob27:-1.025573,1.916021,-13.34778,0,0,0,1,1,1,1
-8587877592501809923
-8587877592501529555
Blob53:0.8443396,1.938944,-10.51583,0,0,0,1,1,1,1
Blob38:-1.683488,2.896386,-10.64205,0,0,0,1,1,1,1
Blob27:-0.9741036,1.93984,-13.34178,0,0,0,1,1,1,1
-8587877592501229366
Blob53:0.8443396,1.938944,-10.51583,0,0,0,1,1,1,1
Blob38:-1.683488,2.896386,-10.64205,0,0,0,1,1,1,1
Blob27:-0.9474676,1.978263,-13.34643,0,0,0,1,1,1,1
-8587877592500948998
Blob53:0.8443396,1.938944,-10.51583,0,0,0,1,1,1,1
Blob38:-1.683488,2.896386,-10.64205,0,0,0,1,1,1,1
Blob27:-0.9513003,2.00953,-13.34804,0,0,0,1,1,1,1
-8587877592500678828
Blob53:0.8443396,1.938944,-10.51583,0,0,0,1,1,1,1
Blob38:-1.683488,2.896386,-10.64205,0,0,0,1,1,1,1
Blob27:-0.9770277,2.036357,-13.36058,0,0,0,1,1,1,1
-8587877592500522159
-8587877592500231778
Blob53:0.8443396,1.938944,-10.51583,0,0,0,1,1,1,1
Blob38:-1.683488,2.896386,-10.64205,0,0,0,1,1,1,1
Blob27:-1.039689,2.060687,-13.36954,0,0,0,1,1,1,1
-8587877592499951596
Blob53:0.8443396,1.938944,-10.51583,0,0,0,1,1,1,1
Blob38:-1.683488,2.896386,-10.64205,0,0,0,1,1,1,1
Blob27:-1.099571,2.060599,-13.38645,0,0,0,1,1,1,1
-8587877592499681337
Blob53:0.8443396,1.938944,-10.51583,0,0,0,1,1,1,1
Blob38:-1.683488,2.896386,-10.64205,0,0,0,1,1,1,1
Blob27:-1.18067,2.054266,-13.38082,0,0,0,1,1,1,1
-8587877592499522407
-8587877592499242048
Blob53:0.8443396,1.938944,-10.51583,0,0,0,1,1,1,1
Blob38:-1.683488,2.896386,-10.64205,0,0,0,1,1,1,1
Blob27:-1.257869,2.042743,-13.38038,0,0,0,1,1,1,1
-8587877592498958613
Blob53:0.8443396,1.938944,-10.51583,0,0,0,1,1,1,1
Blob38:-1.683488,2.896386,-10.64205,0,0,0,1,1,1,1
Blob27:-1.32629,2.028487,-13.39432,0,0,0,1,1,1,1
-8587877592498688520
Blob53:0.8443396,1.938944,-10.51583,0,0,0,1,1,1,1
Blob38:-1.683488,2.896386,-10.64205,0,0,0,1,1,1,1
Blob27:-1.369676,2.013093,-13.39344,0,0,0,1,1,1,1
-8587877592498527575
-8587877592498257190
Blob53:0.8443396,1.938944,-10.51583,0,0,0,1,1,1,1
Blob38:-1.683488,2.896386,-10.64205,0,0,0,1,1,1,1
Blob27:-1.410694,2.01321,-13.39648,0,0,0,1,1,1,1
-8587877592497976932
Blob53:0.8443396,1.938944,-10.51583,0,0,0,1,1,1,1
Blob38:-1.683488,2.896386,-10.64205,0,0,0,1,1,1,1
Blob27:-1.436474,2.033185,-13.40507,0,0,0,1,1,1,1
-8587877592497816896
Blob53:0.8443396,1.938944,-10.51583,0,0,0,1,1,1,1
Blob38:-1.683488,2.896386,-10.64205,0,0,0,1,1,1,1
Blob27:-1.440179,2.089546,-13.41821,0,0,0,1,1,1,1
-8587877592497526617
-8587877592497246348
Blob53:0.8443396,1.938944,-10.51583,0,0,0,1,1,1,1
Blob38:-1.683488,2.896386,-10.64205,0,0,0,1,1,1,1
Blob27:-1.418359,2.111351,-13.46696,0,0,0,1,1,1,1
-8587877592496936041
Blob53:0.8443396,1.938944,-10.51583,0,0,0,1,1,1,1
Blob38:-1.683488,2.896386,-10.64205,0,0,0,1,1,1,1
Blob27:-1.374565,2.074483,-13.49059,0,0,0,1,1,1,1
-8587877592496645772
-8587877592496485616
-8587877592496205334
-8587877592495925076
-8587877592495634795
-8587877592495445705
-8587877592495165339
-8587877592494875153
-8587877592494594884
-8587877592494314618
-8587877592494154375
-8587877592493874090
-8587877592493583840
-8587877592493313686
-8587877592493153330
-8587877592492865253
-8587877592492574900
-8587877592492294739
-8587877592492022414
-8587877592491852222
-8587877592491571961
-8587877592491291582
-8587877592491011426
-8587877592490851091
-8587877592490570809
-8587877592490272461
-8587877592489982188
-8587877592489811802
-8587877592489541535
-8587877592489261266
-8587877592488980997
-8587877592488815754
-8587877592488535462
-8587877592488220411
-8587877592487930204
-8587877592487649851
-8587877592487489700
-8587877592487209513
-8587877592486929244
-8587877592486648985
-8587877592486488788
-8587877592486208524
-8587877592485918243
-8587877592485637977
-8587877592485477823
-8587877592485197452
-8587877592484907273
-8587877592484627002
-8587877592484356748
-8587877592484198995
-8587877592483918732
-8587877592483608429
-8587877592483318148
-8587877592483152826
-8587877592482742445
-8587877592482462002
-8587877592482186679
-8587877592481906259
-8587877592481616044
-8587877592481325722
-8587877592481135742
-8587877592480855460
-8587877592480575112
-8587877592480294933
-8587877592480034599
-8587877592479864333
-8587877592479594074
-8587877592479303793
-8587877592479033536
-8587877592478863378
-8587877592478593016
-8587877592478298140
-8587877592478017999
-8587877592477851786
-8587877592477581645
-8587877592477279803
-8587877592477009697
-8587877592476839060
-8587877592476568796
-8587877592476288524
-8587877592476018260
-8587877592475857412
-8587877592475587153
-8587877592475298306
-8587877592474988011
-8587877592474827857
-8587877592474537440
-8587877592474257302
-8587877592473947004
-8587877592473646601
-8587877592473486565
-8587877592473206301
-8587877592472917052
-8587877592472616864
-8587877592472316435
-8587877592472156002
-8587877592471881148
-8587877592471597610
-8587877592471327353
-8587877592471157131
-8587877592470886867
-8587877592470586584
-8587877592470306304
-8587877592470146548
-8587877592469866161
-8587877592469579285
-8587877592469289111
-8587877592469018865
-8587877592468858156
-8587877592468507812
-8587877592468127457
-8587877592467847181
-8587877592467566922
-8587877592467276631
-8587877592467006377
-8587877592466805969
-8587877592466515701
-8587877592466216278
-8587877592465936102
-8587877592465655741
-8587877592465482810
-8587877592465202628
-8587877592464922226
-8587877592464642096
-8587877592464471838
-8587877592464201578
-8587877592463911259
-8587877592463631123
-8587877592463360700
-8587877592463200598
-8587877592462920449
-8587877592462640180
-8587877592462480027
-8587877592462189748
-8587877592461909477
-8587877592461629203
-8587877592461358949
-8587877592461190096
-8587877592460919955
-8587877592460649595
-8587877592460489385
-8587877592460209219
-8587877592459928855
-8587877592459608620
-8587877592459328346
-8587877592459158042
-8587877592458877868
-8587877592458597476
-8587877592458327178
-8587877592458157330
-8587877592457886976
-8587877592457586788
-8587877592457286497
-8587877592457013204
-8587877592456856015
-8587877592456575728
-8587877592456295436
-8587877592456025208
-8587877592455864606
-8587877592455594334
-8587877592455283780
-8587877592455023628
-8587877592454855879
-8587877592454585622
-8587877592454295331
-8587877592454025279
-8587877592453855000
-8587877592453494532
-8587877592453004799
-8587877592452734544
-8587877592452414242
-8587877592452133827
-8587877592451773620
-8587877592451463322
-8587877592451092962
-8587877592450812703
-8587877592450512400
-8587877592450242151
-8587877592449961767
-8587877592449797899
-8587877592449517635
-8587877592449237363
-8587877592448937080
-8587877592448646797
-8587877592448485251
-8587877592448206674
-8587877592447926405
-8587877592447649613
-8587877592447479206
-8587877592447206118
-8587877592446915819
-8587877592446625676
-8587877592446355422
-8587877592446185261
-8587877592445914833
-8587877592445624621
-8587877592445354464
-8587877592445158371
-8587877592444877017
-8587877592444588835
-8587877592444298413
-8587877592444018142
-8587877592443857425
-8587877592443577158
-8587877592443296890
-8587877592443036640
-8587877592442866472
-8587877592442596217
-8587877592442285920
-8587877592442019723
-8587877592441849478
-8587877592441469118
-8587877592441143491
-8587877592440863348
-8587877592440582961
-8587877592440282793
-8587877592440012521
-8587877592439842371
-8587877592439562069
-8587877592439281831
-8587877592439011566
-8587877592438849953
-8587877592438569682
-8587877592438269391
-8587877592437969088
-8587877592437658798
-8587877592437528179
-8587877592437257922
-8587877592436957632
-8587877592436668480
-8587877592436507571
-8587877592436197278
-8587877592435906997
-8587877592435606709
-8587877592435325012
-8587877592435154925
-8587877592434884663
-8587877592434604392
-8587877592434324133
-8587877592434153719
-8587877592433843519
-8587877592433447328
-8587877592433166975
-8587877592432896703
-8587877592432616528
-8587877592432316245
-8587877592432151205
-8587877592431872636
-8587877592431582362
-8587877592431282182
-8587877592430981735
-8587877592430811731
-8587877592430491431
-8587877592430211162
-8587877592429921782
-8587877592429641516
-8587877592429361234
-8587877592429200827
-8587877592428920679
-8587877592428610368
-8587877592428319936
-8587877592428149844
-8587877592427869665
-8587877592427569372
Blob53:0.8443396,1.938944,-10.51583,0,0,0,1,1,1,1
Blob38:-1.683488,2.896386,-10.64205,0,0,0,1,1,1,1
Blob27:-1.403293,2.019884,-13.44728,0,0,0,1,1,1,1
-8587877592427288952
Blob53:0.8443396,1.938944,-10.51583,0,0,0,1,1,1,1
Blob38:-1.683488,2.896386,-10.64205,0,0,0,1,1,1,1
Blob27:-1.410613,2.027557,-13.45849,0,0,0,1,1,1,1
-8587877592427018839
Blob53:0.8443396,1.938944,-10.51583,0,0,0,1,1,1,1
Blob38:-1.683488,2.896386,-10.64205,0,0,0,1,1,1,1
Blob27:-1.384174,2.028643,-13.47579,0,0,0,1,1,1,1
-8587877592426849482
-8587877592426569205
Blob53:0.8443396,1.938944,-10.51583,0,0,0,1,1,1,1
Blob38:-1.683488,2.896386,-10.64205,0,0,0,1,1,1,1
Blob27:-1.334574,2.038027,-13.51264,0,0,0,1,1,1,1
-8587877592426288936
Blob53:0.8443396,1.938944,-10.51583,0,0,0,1,1,1,1
Blob38:-1.683488,2.896386,-10.64205,0,0,0,1,1,1,1
Blob27:-1.253023,2.033119,-13.56519,0,0,0,1,1,1,1
-8587877592426018669
Blob53:0.8443396,1.938944,-10.51583,0,0,0,1,1,1,1
Blob38:-1.683488,2.896386,-10.64205,0,0,0,1,1,1,1
Blob27:-1.154858,2.020972,-13.63081,0,0,0,1,1,1,1
-8587877592425846973
-8587877592425576762
Blob53:0.8443396,1.938944,-10.51583,0,0,0,1,1,1,1
Blob38:-1.683488,2.896386,-10.64205,0,0,0,1,1,1,1
Blob27:-1.045442,2.014811,-13.71505,0,0,0,1,1,1,1
-8587877592425266372
Blob53:0.8443396,1.938944,-10.51583,0,0,0,1,1,1,1
Blob38:-1.683488,2.896386,-10.64205,0,0,0,1,1,1,1
Blob27:-0.9325635,2.005016,-13.77043,0,0,0,1,1,1,1
-8587877592424956162
Blob53:0.8443396,1.938944,-10.51583,0,0,0,1,1,1,1
Blob38:-1.683488,2.896386,-10.64205,0,0,0,1,1,1,1
Blob27:-0.8183888,2.017825,-13.83695,0,0,0,1,1,1,1
-8587877592424665832
Blob53:0.8443396,1.938944,-10.51583,0,0,0,1,1,1,1
Blob38:-1.683488,2.896386,-10.64205,0,0,0,1,1,1,1
Blob27:-0.6890867,2.023932,-13.90673,0,0,0,1,1,1,1
-8587877592424514887
-8587877592424224406
Blob53:0.8443396,1.938944,-10.51583,0,0,0,1,1,1,1
Blob38:-1.683488,2.896386,-10.64205,0,0,0,1,1,1,1
Blob27:-0.5702044,2.041032,-13.95332,0,0,0,1,1,1,1
-8587877592423924218
Blob53:0.8443396,1.938944,-10.51583,0,0,0,1,1,1,1
Blob38:-1.683488,2.896386,-10.64205,0,0,0,1,1,1,1
Blob27:-0.4608148,2.08652,-13.98331,0,0,0,1,1,1,1
-8587877592423644046
Blob53:0.8443396,1.938944,-10.51583,0,0,0,1,1,1,1
Blob38:-1.683488,2.896386,-10.64205,0,0,0,1,1,1,1
Blob27:-0.3529251,2.144602,-14.0077,0,0,0,1,1,1,1
-8587877592423444704
Blob53:0.8443396,1.938944,-10.51583,0,0,0,1,1,1,1
Blob38:-1.683488,2.896386,-10.64205,0,0,0,1,1,1,1
Blob27:-0.2678026,2.236312,-14.04088,0,0,0,1,1,1,1
-8587877592423164433
-8587877592422884141
Blob53:0.8443396,1.938944,-10.51583,0,0,0,1,1,1,1
Blob38:-1.683488,2.896386,-10.64205,0,0,0,1,1,1,1
Blob27:-0.2076788,2.348798,-14.06626,0,0,0,1,1,1,1
-8587877592422603984
Blob53:0.8443396,1.938944,-10.51583,0,0,0,1,1,1,1
Blob38:-1.683488,2.896386,-10.64205,0,0,0,1,1,1,1
Blob27:-0.1955303,2.523919,-14.11375,0,0,0,1,1,1,1
-8587877592422323577
Blob53:0.8443396,1.938944,-10.51583,0,0,0,1,1,1,1
Blob38:-1.683488,2.896386,-10.64205,0,0,0,1,1,1,1
Blob27:-0.1958974,2.695343,-14.18576,0,0,0,1,1,1,1
-8587877592422154215
-8587877592421884960
Blob53:0.8443396,1.938944,-10.51583,0,0,0,1,1,1,1
Blob38:-1.683488,2.896386,-10.64205,0,0,0,1,1,1,1
Blob27:-0.2231489,2.889366,-14.2933,0,0,0,1,1,1,1
-8587877592421604693
Blob53:0.8443396,1.938944,-10.51583,0,0,0,1,1,1,1
Blob38:-1.683488,2.896386,-10.64205,0,0,0,1,1,1,1
Blob27:-0.2527728,3.041811,-14.35507,0,0,0,1,1,1,1
-8587877592421324522
Blob53:0.8443396,1.938944,-10.51583,0,0,0,1,1,1,1
Blob38:-1.683488,2.896386,-10.64205,0,0,0,1,1,1,1
Blob27:-0.2855923,3.158918,-14.4001,0,0,0,1,1,1,1
-8587877592421153808
Blob53:0.8443396,1.938944,-10.51583,0,0,0,1,1,1,1
Blob38:-1.683488,2.896386,-10.64205,0,0,0,1,1,1,1
Blob27:-0.2976763,3.239979,-14.39811,0,0,0,1,1,1,1
-8587877592420873539
-8587877592420593265
Blob53:0.8443396,1.938944,-10.51583,0,0,0,1,1,1,1
Blob38:-1.683488,2.896386,-10.64205,0,0,0,1,1,1,1
Blob27:-0.311542,3.26406,-14.33401,0,0,0,1,1,1,1
-8587877592420322852
Blob53:0.8443396,1.938944,-10.51583,0,0,0,1,1,1,1
Blob38:-1.683488,2.896386,-10.64205,0,0,0,1,1,1,1
Blob27:-0.3191262,3.270691,-14.23443,0,0,0,1,1,1,1
-8587877592420152733
-8587877592419882466
Blob53:0.8443396,1.938944,-10.51583,0,0,0,1,1,1,1
Blob38:-1.683488,2.896386,-10.64205,0,0,0,1,1,1,1
Blob27:-0.3267593,3.251148,-14.10818,0,0,0,1,1,1,1
-8587877592419592190
Blob53:0.8443396,1.938944,-10.51583,0,0,0,1,1,1,1
Blob38:-1.683488,2.896386,-10.64205,0,0,0,1,1,1,1
Blob27:-0.3234323,3.194985,-14.00432,0,0,0,1,1,1,1
-8587877592419321930
Blob53:0.8443396,1.938944,-10.51583,0,0,0,1,1,1,1
Blob38:-1.683488,2.896386,-10.64205,0,0,0,1,1,1,1
Blob27:-0.3081146,3.128311,-13.93398,0,0,0,1,1,1,1
-8587877592419161825
-8587877592418881551
Blob53:0.8443396,1.938944,-10.51583,0,0,0,1,1,1,1
Blob38:-1.683488,2.896386,-10.64205,0,0,0,1,1,1,1
Blob27:-0.300252,3.08831,-13.92435,0,0,0,1,1,1,1
-8587877592418601277
Blob53:0.8443396,1.938944,-10.51583,0,0,0,1,1,1,1
Blob38:-1.683488,2.896386,-10.64205,0,0,0,1,1,1,1
Blob27:-0.2792345,3.089719,-13.97572,0,0,0,1,1,1,1
-8587877592418322831
Blob53:0.8443396,1.938944,-10.51583,0,0,0,1,1,1,1
Blob38:-1.683488,2.896386,-10.64205,0,0,0,1,1,1,1
Blob27:-0.2577962,3.122093,-14.13242,0,0,0,1,1,1,1
-8587877592418162601
Blob53:0.8443396,1.938944,-10.51583,0,0,0,1,1,1,1
Blob38:-1.683488,2.896386,-10.64205,0,0,0,1,1,1,1
Blob27:-0.2604002,3.192092,-14.32421,0,0,0,1,1,1,1
-8587877592417892646
-8587877592417602483
Blob53:0.8443396,1.938944,-10.51583,0,0,0,1,1,1,1
Blob38:-1.683488,2.896386,-10.64205,0,0,0,1,1,1,1
Blob27:-0.2530712,3.215487,-14.51367,0,0,0,1,1,1,1
-8587877592417322194
-8587877592417162066
-8587877592416871616
-8587877592416591518
-8587877592416291230
-8587877592416020968
-8587877592415856112
-8587877592415575841
-8587877592415295564
-8587877592415015310
-8587877592414858935
-8587877592414568777
-8587877592414268484
-8587877592413968199
-8587877592413807981
-8587877592413527717
-8587877592413247446
-8587877592412967177
-8587877592412798739
-8587877592412508458
-8587877592412238194
-8587877592411938069
-8587877592411637748
-8587877592411347505
-8587877592411187518
-8587877592410907254
-8587877592410596944
-8587877592410296658
-8587877592410016387
-8587877592409856640
-8587877592409566270
-8587877592409257416
-8587877592408977265
-8587877592408816558
-8587877592408524547
-8587877592408244278
-8587877592407949893
-8587877592407679631
-8587877592407509368
-8587877592407235955
-8587877592406945694
-8587877592406655395
-8587877592406485304
-8587877592406205258
-8587877592405915025
-8587877592405644863
-8587877592405474708
-8587877592405204456
-8587877592404924192
-8587877592404653925
-8587877592404482085
-8587877592404211831
-8587877592403931565
-8587877592403651296
-8587877592403482062
-8587877592403201786
-8587877592402911507
-8587877592402611227
-8587877592402280910
-8587877592402010615
-8587877592401840241
-8587877592401529821
-8587877592401249573
-8587877592400959389
-8587877592400679115
-8587877592400518971
-8587877592400228578
-8587877592399948391
-8587877592399638103
-8587877592399477937
-8587877592399187669
-8587877592398897382
-8587877592398620288
-8587877592398360033
-8587877592398196792
-8587877592397937700
-8587877592397657431
-8587877592397491993
-8587877592397211724
-8587877592396931458
-8587877592396661301
-8587877592396490918
-8587877592396220564
-8587877592395940392
-8587877592395660126
-8587877592395492658
-8587877592395202367
-8587877592394929845
-8587877592394659683
-8587877592394489402
-8587877592394209238
-8587877592393928982
-8587877592393658717
-8587877592393498408
-8587877592393228187
-8587877592392958045
-8587877592392697801
-8587877592392537593
-8587877592392267329
-8587877592391987058
-8587877592391826973
-8587877592391546702
-8587877592391276445
-8587877592390986161
-8587877592390826079
-8587877592390545810
-8587877592390285558
-8587877592390025211
-8587877592389865234
-8587877592389586809
-8587877592389316449
-8587877592389156211
-8587877592388878369
-8587877592388608271
-8587877592388327898
-8587877592388167557
-8587877592387907284
-8587877592387606999
-8587877592387326730
-8587877592387166190
-8587877592386895915
-8587877592386615644
-8587877592386355386
-8587877592386194849
-8587877592385924676
-8587877592385654330
-8587877592385494489
-8587877592385214230
-8587877592384954070
-8587877592384693677
-8587877592384523598
-8587877592384263349
-8587877592383992972
-8587877592383832316
-8587877592383541917
-8587877592383251744
-8587877592382971475
-8587877592382811306
-8587877592382521038
-8587877592382250784
-8587877592381970522
-8587877592381807911
-8587877592381537598
-8587877592381245413
-8587877592380975069
-8587877592380815586
-8587877592380530740
-8587877592380260596
-8587877592379990324
-8587877592379820145
-8587877592379540537
-8587877592379260270
-8587877592378986829
-8587877592378816742
-8587877592378536479
-8587877592378276145
-8587877592377995871
-8587877592377825718
-8587877592377555456
-8587877592377295211
-8587877592377024952
-8587877592376864729
-8587877592376564421
-8587877592376274150
-8587877592375983702
-8587877592375816755
-8587877592375546590
-8587877592375266319
-8587877592374955931
