-8587877675396300288
Blob14:0.9632241,1.598861,-11.11373,0,0,0,1,1,1,1
Blob89:-0.5344487,2.161072,-13.83624,0,0,0,1,1,1,1
Blob33:-1.921561,1.2865,-11.98895,0,0,0,1,1,1,1
-8587877675394078153
-8587877675393647746
-8587877675393347458
-8587877675393167193
-8587877675392877004
-8587877675392597157
-8587877675392310317
-8587877675392010026
-8587877675391839955
-8587877675391552411
-8587877675391272098
-8587877675390981815
-8587877675390706958
-8587877675390539528
-8587877675390258968
-8587877675389918644
-8587877675389598337
-8587877675389258010
-8587877675388927688
-8587877675388527312
-8587877675388046851
-8587877675387666414
-8587877675387286121
-8587877675386893732
-8587877675386563420
-8587877675386233088
-8587877675385922667
-8587877675385602339
-8587877675385282094
-8587877675384961863
-8587877675384641561
-8587877675384311113
-8587877675384010964
-8587877675383840660
-8587877675383520339
-8587877675383240071
-8587877675382969814
-8587877675382649519
-8587877675382359371
-8587877675382189096
-8587877675381908947
-8587877675381638647
-8587877675381364558
-8587877675381194233
-8587877675380933976
-8587877675380655863
-8587877675380395457
-8587877675380235370
-8587877675379965085
-8587877675379694805
-8587877675379527368
-8587877675379247079
-8587877675378976830
-8587877675378686551
-8587877675378516803
-8587877675378242570
-8587877675377962189
-8587877675377682033
-8587877675377521326
-8587877675377243080
-8587877675376962716
-8587877675376692551
-8587877675376522416
-8587877675376222116
-8587877675375951815
-8587877675375671500
-8587877675375505118
-8587877675375234864
-8587877675374954588
-8587877675374694335
-8587877675374524441
-8587877675374254041
-8587877675373983927
-8587877675373693646
-8587877675373529166
-8587877675373258899
-8587877675372978633
-8587877675372688350
-8587877675372518483
-8587877675372248324
-8587877675371978131
-8587877675371687952
-8587877675371527801
-8587877675371257542
-8587877675370987257
-8587877675370686877
-8587877675370526723
-8587877675370246406
-8587877675369986312
-8587877675369696044
-8587877675369527476
-8587877675369217764
-8587877675368957384
-8587877675368687255
-8587877675368517059
-8587877675368246797
-8587877675367966533
-8587877675367686262
-8587877675367517486
-8587877675367258232
-8587877675366987906
-8587877675366686574
-8587877675366527501
-8587877675366249548
-8587877675365979292
-8587877675365689016
-8587877675365527260
-8587877675365256939
-8587877675364986833
-8587877675364696396
-8587877675364527894
-8587877675364267768
-8587877675363987373
-8587877675363717221
-8587877675363558704
-8587877675363298444
-8587877675363028184
-8587877675362858520
-8587877675362568242
-8587877675362297978
-8587877675362017706
-8587877675361850889
-8587877675361573182
-8587877675361292916
-8587877675361024065
-8587877675360853897
-8587877675360573753
-8587877675360293469
-8587877675360023220
-8587877675359853062
-8587877675359572790
-8587877675359302411
-8587877675359022265
-8587877675358851700
-8587877675358491441
-8587877675358181141
-8587877675357910766
-8587877675357640463
-8587877675357360218
-8587877675357200177
-8587877675356919890
-8587877675356649631
-8587877675356359352
-8587877675356198474
-8587877675355928210
-8587877675355617807
-8587877675355347560
-8587877675355177251
-8587877675354896941
-8587877675354626657
-8587877675354366568
-8587877675354206310
-8587877675353936048
-8587877675353665783
-8587877675353395532
-8587877675353235242
-8587877675352974995
-8587877675352694729
-8587877675352524527
-8587877675352254268
-8587877675351973899
-8587877675351693730
-8587877675351523465
-8587877675351253211
-8587877675350983036
-8587877675350712625
-8587877675350551893
-8587877675350282008
-8587877675350011603
-8587877675349847169
-8587877675349577357
-8587877675349297076
-8587877675348986791
-8587877675348716386
-8587877675348556258
-8587877675348286106
-8587877675348014779
-8587877675347847521
-8587877675347577257
-8587877675347307000
-8587877675347016717
-8587877675346851016
-8587877675346590768
-8587877675346311175
-8587877675346020902
-8587877675345860533
-8587877675345590376
-8587877675345309962
-8587877675345049871
-8587877675344889715
-8587877675344619445
-8587877675344349186
-8587877675344188620
-8587877675343908320
-8587877675343637951
-8587877675343357841
-8587877675343188074
-8587877675342927914
-8587877675342647510
-8587877675342327249
-8587877675342067091
-8587877675341906935
-8587877675341626599
-8587877675341356409
-8587877675341192439
-8587877675340932199
-8587877675340661932
-8587877675340401688
-8587877675340231491
-8587877675339971234
-8587877675339690965
-8587877675339530893
-8587877675339260629
-8587877675338990370
-8587877675338720110
-8587877675338559493
-8587877675338299267
-8587877675338019085
-8587877675337848750
-8587877675337578496
-8587877675337308413
-8587877675337048161
-8587877675336877885
-8587877675336607731
-8587877675336337318
-8587877675336077235
-8587877675335917050
-8587877675335616742
-8587877675335353182
-8587877675335192770
-8587877675334922506
-8587877675334662253
-8587877675334402011
-8587877675334242006
-8587877675333971729
-8587877675333701457
-8587877675333535211
-8587877675333264946
-8587877675332985678
-8587877675332725523
-8587877675332564914
-8587877675332294767
-8587877675332024500
-8587877675331854724
-8587877675331594497
-8587877675331334242
-8587877675331074005
-8587877675330909141
-8587877675330648894
-8587877675330358613
-8587877675330198493
-8587877675329928323
-8587877675329648103
-8587877675329367711
-8587877675329207719
-8587877675328897319
-8587877675328632292
-8587877675328362035
-8587877675328194896
-8587877675327924636
-8587877675327664384
-8587877675327404134
-8587877675327233835
-8587877675326963722
-8587877675326693440
-8587877675326523294
-8587877675326263047
-8587877675325992788
-8587877675325732546
-8587877675325559088
-8587877675325298736
-8587877675325018575
-8587877675324858672
-8587877675324588402
-8587877675324318146
-8587877675324057835
-8587877675323897594
-8587877675323637347
-8587877675323367085
-8587877675323202659
-8587877675322942414
-8587877675322682162
-8587877675322514090
-8587877675322213810
-8587877675321933533
-8587877675321663264
-8587877675321407614
-8587877675321243623
-8587877675320982380
-8587877675320712277
-8587877675320547984
-8587877675320277702
-8587877675320009086
-8587877675319846826
-8587877675319576369
-8587877675319296295
-8587877675319017032
-8587877675318856574
-8587877675318576456
-8587877675318306197
-8587877675318005909
-8587877675317845448
-8587877675317579781
-8587877675317299528
-8587877675317019397
-8587877675316859312
-8587877675316589053
-8587877675316328804
-8587877675316056483
-8587877675315900154
-8587877675315639910
-8587877675315339622
-8587877675315079372
-8587877675314909140
-8587877675314638932
-8587877675314368680
-8587877675314208393
-8587877675313938134
-8587877675313682057
-8587877675313521771
-8587877675313251603
-8587877675312981344
-8587877675312721077
-8587877675312560662
-8587877675312300417
-8587877675312020143
-8587877675311859836
-8587877675311592610
-8587877675311322359
-8587877675311062101
-8587877675310891951
-8587877675310621587
-8587877675310351335
-8587877675310184664
-8587877675309924481
-8587877675309654267
-8587877675309394013
-8587877675309233250
-8587877675308952978
-8587877675308652688
-8587877675308392435
-8587877675308232292
-8587877675307952015
-8587877675307691817
-8587877675307526316
-8587877675307246042
-8587877675306965765
-8587877675306685501
-8587877675306525007
-8587877675306244723
-8587877675305974627
-8587877675305694348
-8587877675305523793
-8587877675305263539
-8587877675304993174
-8587877675304733009
-8587877675304572676
-8587877675304302415
-8587877675304022246
-8587877675303861995
-8587877675303591833
-8587877675303321571
-8587877675303061321
-8587877675302900650
-8587877675302630391
-8587877675302370136
-8587877675302169944
-8587877675301899688
-8587877675301629423
-8587877675301369173
-8587877675301199010
-8587877675300938766
-8587877675300658430
-8587877675300403521
-8587877675300237100
-8587877675299966938
-8587877675299696610
-8587877675299526316
-8587877675299265839
-8587877675298995810
-8587877675298735424
-8587877675298565067
-8587877675298304809
-8587877675298014392
-8587877675297854387
-8587877675297594051
-8587877675297323868
-8587877675297063616
-8587877675296903537
-8587877675296643223
-8587877675296367600
-8587877675296207380
-8587877675295937100
-8587877675295666949
-8587877675295376673
-8587877675295245852
-8587877675294975695
-8587877675294695431
-8587877675294528296
-8587877675294258029
-8587877675293987770
-8587877675293727515
-8587877675293564177
-8587877675293303920
-8587877675293023651
-8587877675292863502
-8587877675292593235
-8587877675292322979
-8587877675292062721
-8587877675291899588
-8587877675291639335
-8587877675291369076
-8587877675291198916
-8587877675290938612
-8587877675290658389
-8587877675290408157
-8587877675290239770
-8587877675289979513
-8587877675289719263
-8587877675289558877
-8587877675289288600
-8587877675289018251
-8587877675288828255
-8587877675288557978
-8587877675288287726
-8587877675288027472
-8587877675287861322
-8587877675287601065
-8587877675287330793
-8587877675287080555
-8587877675286912773
-8587877675286652603
-8587877675286362176
-8587877675286199918
-8587877675285939673
-8587877675285659399
-8587877675285399086
-8587877675285236308
-8587877675284956144
-8587877675284695897
-8587877675284525442
-8587877675284255190
-8587877675283964907
-8587877675283684643
-8587877675283521238
-8587877675283240961
-8587877675282960703
-8587877675282690428
-8587877675282520306
-8587877675282230109
-8587877675281919812
-8587877675281639525
-8587877675281359271
-8587877675281189106
-8587877675280918849
-8587877675280648590
-8587877675280348302
-8587877675280188002
-8587877675279907728
-8587877675279627403
-8587877675279357161
-8587877675279189556
-8587877675278919455
-8587877675278639181
-8587877675278348736
-8587877675278187899
-8587877675277897695
-8587877675277617326
-8587877675277337175
-8587877675277056770
-8587877675276902228
-8587877675276611940
-8587877675276321664
-8587877675276051404
-8587877675275881187
-8587877675275610908
-8587877675275330631
-8587877675275016601
-8587877675274886051
-8587877675274615871
-8587877675274345609
-8587877675274185586
-8587877675273895423
-8587877675273615182
-8587877675273344926
-8587877675273179893
-8587877675272919640
-8587877675272639379
-8587877675272349101
-8587877675272192872
-8587877675271912475
-8587877675271642328
-8587877675271351904
-8587877675271193739
-8587877675270923403
-8587877675270643293
-8587877675270363024
-8587877675270192746
-8587877675269912579
-8587877675269642210
-8587877675269362064
-8587877675269193583
-8587877675268923318
-8587877675268652985
-8587877675268362778
-8587877675268169692
-8587877675267889423
-8587877675267619159
-8587877675267348905
-8587877675267189227
-8587877675266918950
-8587877675266638692
-8587877675266348403
-8587877675266188006
-8587877675265907642
-8587877675265627484
-8587877675265357158
-8587877675265186882
-8587877675264916710
-8587877675264626403
-8587877675264356146
-8587877675264185730
-8587877675263918409
-8587877675263638005
-8587877675263357928
-8587877675263197930
-8587877675262919797
-8587877675262649381
-8587877675262349129
-8587877675262189154
-8587877675261918895
-8587877675261638619
-8587877675261348251
-8587877675261161278
-8587877675260880869
-8587877675260600712
-8587877675260330466
-8587877675260060217
-8587877675259899275
-8587877675259619098
-8587877675259348836
-8587877675259188565
-8587877675258898407
-8587877675258618135
-8587877675258337872
-8587877675258067607
-8587877675257907466
-8587877675257637194
-8587877675257356800
-8587877675257196529
-8587877675256916275
-8587877675256643302
-8587877675256352880
-8587877675256192330
-8587877675255922053
-8587877675255641784
-8587877675255351411
-8587877675255191359
-8587877675254921092
-8587877675254640831
-8587877675254350404
-8587877675254160322
-8587877675253890057
-8587877675253599807
-8587877675253319518
-8587877675253059424
-8587877675252889059
-8587877675252617683
-8587877675252347439
-8587877675252185256
-8587877675251904979
-8587877675251634725
-8587877675251364466
-8587877675251199998
-8587877675250929739
-8587877675250649465
-8587877675250389215
-8587877675250223783
-8587877675249953524
-8587877675249683180
-8587877675249512981
-8587877675249232689
-8587877675248962412
-8587877675248692109
-8587877675248522066
-8587877675248231785
-8587877675247951511
-8587877675247691226
-8587877675247521101
-8587877675247220500
-8587877675246950321
-8587877675246680064
-8587877675246509811
-8587877675246239634
-8587877675245959221
-8587877675245688998
-8587877675245529333
-8587877675245249059
-8587877675244978805
-8587877675244708533
-8587877675244545658
-8587877675244275348
-8587877675243975121
-8587877675243684840
-8587877675243515135
-8587877675243237495
-8587877675242947055
-8587877675242676950
-8587877675242516653
-8587877675242236381
-8587877675241966204
-8587877675241685846
-8587877675241525467
-8587877675241245060
-8587877675240974846
-8587877675240684524
-8587877675240518695
-8587877675240208403
-8587877675239934495
-8587877675239658248
-8587877675239387997
-8587877675239216955
-8587877675238946778
-8587877675238656395
-8587877675238396142
-8587877675238236201
-8587877675237955917
-8587877675237685653
-8587877675237525161
-8587877675237235034
-8587877675236964769
-8587877675236694520
-8587877675236524359
-8587877675236244091
-8587877675235963819
-8587877675235693555
-8587877675235522961
-8587877675235252705
-8587877675234972431
-8587877675234692001
-8587877675234522006
-8587877675234241735
-8587877675233961466
-8587877675233691202
-8587877675233526622
-8587877675233226339
-8587877675232946060
-8587877675232685818
-8587877675232516963
-8587877675232236627
-8587877675231956430
-8587877675231686260
-8587877675231526222
-8587877675231247689
-8587877675230957362
-8587877675230667111
-8587877675230396865
-8587877675230229103
-8587877675229958841
-8587877675229687343
-8587877675229516790
-8587877675229236365
-8587877675228956247
-8587877675228675979
-8587877675228505861
-8587877675228225575
-8587877675227955313
-8587877675227685048
-8587877675227516467
-8587877675227246208
-8587877675226975949
-8587877675226680596
-8587877675226480322
-8587877675226207058
-8587877675225876738
-8587877675225586624
-8587877675225296248
-8587877675225016071
-8587877675224855823
-8587877675224567777
-8587877675224287426
-8587877675224007213
-8587877675223845595
-8587877675223555309
-8587877675223285057
-8587877675223014913
-8587877675222852187
-8587877675222579821
-8587877675222309567
-8587877675222009389
-8587877675221849762
-8587877675221571265
-8587877675221290994
-8587877675221013587
-8587877675220856236
-8587877675220575970
-8587877675220299813
-8587877675220009608
-8587877675219849429
-8587877675219572314
-8587877675219262016
-8587877675218981863
-8587877675218681570
-8587877675218515925
-8587877675218245781
-8587877675217975516
-8587877675217685238
-8587877675217514698
-8587877675217234529
-8587877675216954189
-8587877675216684011
-8587877675216513615
-8587877675216243364
-8587877675215963072
-8587877675215682826
-8587877675215522675
-8587877675215232389
-8587877675214842948
-8587877675214542671
-8587877675214262258
-8587877675213982130
-8587877675213721755
-8587877675213551605
-8587877675213291329
-8587877675213021065
-8587877675212846890
-8587877675212576721
-8587877675212296457
-8587877675211986152
-8587877675211715900
-8587877675211555767
-8587877675211285508
-8587877675211015246
-8587877675210854979
-8587877675210585363
-8587877675210306945
-8587877675210016669
-8587877675209856584
-8587877675209586322
-8587877675209316012
-8587877675209053568
-8587877675208888128
-8587877675208617882
-8587877675208357783
-8587877675208185703
-8587877675207915354
-8587877675207645097
-8587877675207364892
-8587877675207196424
-8587877675206936164
-8587877675206655897
-8587877675206385546
-8587877675206229330
-8587877675205969083
-8587877675205698823
-8587877675205528757
-8587877675205234580
-8587877675204964213
-8587877675204693874
-8587877675204523371
-8587877675204253214
-8587877675203982837
-8587877675203722664
-8587877675203562403
-8587877675203282119
-8587877675203021959
-8587877675202851749
-8587877675202571601
-8587877675202311236
-8587877675202010897
-8587877675201850502
-8587877675201580333
-8587877675201310073
-8587877675201059836
-8587877675200892158
-8587877675200632029
-8587877675200361770
-8587877675200193422
-8587877675199933190
-8587877675199662984
-8587877675199402678
-8587877675199232438
-8587877675198962169
-8587877675198691917
-8587877675198406467
-8587877675198239265
-8587877675197978949
-8587877675197590011
-8587877675197329759
-8587877675197069514
-8587877675196905546
-8587877675196635279
-8587877675196364946
-8587877675196204172
-8587877675195924229
-8587877675195653934
-8587877675195383761
-8587877675195223490
-8587877675194953249
-8587877675194682997
-8587877675194512929
-8587877675194245094
-8587877675193965708
-8587877675193695408
-8587877675193535187
-8587877675193264908
-8587877675192994636
-8587877675192734368
-8587877675192573938
-8587877675192303771
-8587877675192013487
-8587877675191813303
-8587877675191542893
-8587877675191272782
-8587877675190992495
-8587877675190722249
-8587877675190562028
-8587877675190281752
-8587877675190021502
-8587877675189850896
-8587877675189570527
-8587877675189300368
-8587877675189010092
-8587877675188845781
-8587877675188565625
-8587877675188285353
-8587877675188012232
-8587877675187851390
-8587877675187566264
-8587877675187286090
-8587877675186995804
-8587877675186837227
-8587877675186556961
-8587877675186286702
-8587877675186016443
-8587877675185856330
-8587877675185586065
-8587877675185315811
-8587877675184976688
-8587877675184686404
-8587877675184516118
-8587877675184245956
-8587877675183965690
-8587877675183687932
-8587877675183525575
-8587877675183245270
-8587877675182965139
-8587877675182684773
-8587877675182519249
-8587877675182246107
-8587877675181965897
-8587877675181685628
-8587877675181525551
-8587877675181245280
-8587877675180975026
-8587877675180684737
-8587877675180524591
-8587877675180244312
-8587877675179974050
-8587877675179683684
-8587877675179523154
-8587877675179246016
-8587877675178975778
-8587877675178685507
-8587877675178525251
-8587877675178244982
-8587877675177944689
-8587877675177684444
-8587877675177524027
-8587877675177240707
-8587877675176980572
-8587877675176690263
-8587877675176520089
-8587877675176259824
-8587877675175989532
-8587877675175729310
-8587877675175568279
-8587877675175298022
-8587877675175022036
-8587877675174861772
-8587877675174593051
-8587877675174322882
-8587877675174062491
-8587877675173902110
-8587877675173631848
-8587877675173361594
-8587877675173201512
-8587877675172941262
-8587877675172660986
-8587877675172405572
-8587877675172234705
-8587877675171954413
-8587877675171694299
-8587877675171524115
-8587877675171223835
-8587877675170955651
-8587877675170685308
-8587877675170529376
-8587877675170249104
-8587877675169978837
-8587877675169718577
-8587877675169558439
-8587877675169288182
-8587877675169007913
-8587877675168847762
-8587877675168577500
-8587877675168299825
-8587877675168019710
-8587877675167860260
-8587877675167596631
-8587877675167326305
-8587877675166996139
-8587877675166695864
-8587877675166535239
-8587877675166264965
-8587877675165994680
