-8587882812805798405
Blob11:0.3902133,-0.3838392,0.9379733,0,0,0,1,0.05,0.05,0.05
Blob6:0.8425021,-0.489356,1.125044,0,0,0,1,0.05,0.05,0.05
Blob19:0.4499182,-0.367112,1.18913,0,0,0,1,0.05,0.05,0.05
Blob10:0.6049181,-0.7336699,1.348697,0,0,0,1,0.05,0.05,0.05
Blob4:0.2337489,-0.3906056,1.125494,0,0,0,1,0.05,0.05,0.05
Blob7:0.7737695,-0.3879279,1.333024,0,0,0,1,0.05,0.05,0.05
Blob12:0.5750461,-0.4152293,1.10026,0,0,0,1,0.05,0.05,0.05
Blob2:0.6934898,-0.417339,0.72975,0,0,0,1,0.05,0.05,0.05
-8587882812805758372
-8587882812804627285
-8587882812804457047
-8587882812804296412
-8587882812804126679
-8587882812803956224
-8587882812803789501
-8587882812803630356
-8587882812803459803
-8587882812803300532
-8587882812803129813
-8587882812802958367
-8587882812802798805
-8587882812802638113
-8587882812802460006
-8587882812802297966
-8587882812802138547
-8587882812801967170
-8587882812801807886
-8587882812801635485
-8587882812801475288
-8587882812801313716
-8587882812801136328
-8587882812800976443
-8587882812800810831
-8587882812800644702
-8587882812800473538
-8587882812800312821
-8587882812800139268
-8587882812799981897
-8587882812799811211
-8587882812799650435
-8587882812799491024
-8587882812799315756
-8587882812799154847
-8587882812798982727
-8587882812798824035
-8587882812798650613
-8587882812798492021
-8587882812798325771
-8587882812798150967
-8587882812797989535
-8587882812797828562
-8587882812797661778
-8587882812797495519
-8587882812797338567
-8587882812797167679
-8587882812796996551
-8587882812796831850
-8587882812796674303
-8587882812796500069
-8587882812796338609
-8587882812796172329
-8587882812796001367
-8587882812795844874
-8587882812795693918
-8587882812795535321
-8587882812795364218
-8587882812795203406
-8587882812795031266
-8587882812794864047
-8587882812794698300
-8587882812794537808
-8587882812794376400
-8587882812794202255
-8587882812794036249
-8587882812793875353
-8587882812793704614
-8587882812793547496
-8587882812793375197
-8587882812793206821
-8587882812793047023
-8587882812792875646
-8587882812792704627
-8587882812792543370
-8587882812792386788
-8587882812792211601
-8587882812792054517
-8587882812791880237
-8587882812791718445
-8587882812791547716
-8587882812791387137
-8587882812791220995
-8587882812791044969
-8587882812790894059
-8587882812790727918
-8587882812790557795
-8587882812790387263
-8587882812790226718
-8587882812790065947
-8587882812789894708
-8587882812789737340
-8587882812789556276
-8587882812789395594
-8587882812789234990
-8587882812789058654
-8587882812788902108
-8587882812788735321
-8587882812788579301
-8587882812788404028
-8587882812788243221
-8587882812788078447
-8587882812787906102
-8587882812787740652
-8587882812787584451
-8587882812787409134
-8587882812787248066
-8587882812787078407
-8587882812786912096
-8587882812786746935
-8587882812786590045
-8587882812786415417
-8587882812786250363
-8587882812786084380
-8587882812785924083
-8587882812785753477
-8587882812785581777
-8587882812785420817
-8587882812785257425
-8587882812785083101
-8587882812784927594
-8587882812784763224
-8587882812784593493
-8587882812784421686
-8587882812784256374
-8587882812784100464
-8587882812783930086
-8587882812783760818
-8587882812783605595
-8587882812783433340
-8587882812783271804
-8587882812783101213
-8587882812782941563
-8587882812782771267
-8587882812782600988
-8587882812782444390
-8587882812782273843
-8587882812782111085
-8587882812781939731
-8587882812781781224
-8587882812781610971
-8587882812781449813
-8587882812781280810
-8587882812781114727
-8587882812780951214
-8587882812780782369
-8587882812780614108
Blob11:0.8720008,-0.7703618,0.505583,0,0,0,1,0.05,0.05,0.05
Blob6:0.7806258,-0.7703618,0.505583,0,0,0,1,0.05,0.05,0.05
Blob19:0.6892508,-0.7703618,0.505583,0,0,0,1,0.05,0.05,0.05
Blob10:0.5978758,-0.7703618,0.505583,0,0,0,1,0.05,0.05,0.05
Blob4:0.5065008,-0.7703618,0.505583,0,0,0,1,0.05,0.05,0.05
Blob7:0.4151258,-0.7703618,0.505583,0,0,0,1,0.05,0.05,0.05
Blob12:0.3237508,-0.7703618,0.505583,0,0,0,1,0.05,0.05,0.05
Blob2:0.2323758,-0.7703618,0.505583,0,0,0,1,0.05,0.05,0.05
-8587882812780443588
-8587882812780281988
-8587882812780121804
-8587882812779951220
-8587882812779789292
-8587882812779617892
-8587882812779451200
-8587882812779291110
-8587882812779129016
-8587882812778958858
-8587882812778788405
-8587882812778627893
-8587882812778466876
-8587882812778295999
-8587882812778135706
-8587882812777964447
-8587882812777794268
-8587882812777631222
-8587882812777469412
-8587882812777298357
-8587882812777137453
-8587882812776966576
-8587882812776809348
-8587882812776640820
-8587882812776478234
-8587882812776306233
-8587882812776145421
-8587882812775975411
-8587882812775813839
-8587882812775652144
-8587882812775482513
-8587882812775311961
-8587882812775141050
-8587882812774983161
-8587882812774820698
-8587882812774650904
-8587882812774490345
-8587882812774318825
-8587882812774158656
-8587882812773987745
-8587882812773826163
-8587882812773658262
-8587882812773497804
-8587882812773327312
-8587882812773166457
-8587882812772994812
-8587882812772834796
-8587882812772670282
-8587882812772502681
-8587882812772332229
-8587882812772171066
-8587882812772001056
-8587882812771839978
-8587882812771670685
-8587882812771502475
-8587882812771341290
-8587882812771169291
-8587882812771009631
-8587882812770838093
-8587882812770677962
-8587882812770516341
-8587882812770348512
-8587882812770177571
-8587882812770015551
-8587882812769854744
-8587882812769685425
-8587882812769514156
-8587882812769343926
-8587882812769183708
-8587882812769025669
-8587882812768861122
-8587882812768694837
-8587882812768524261
-8587882812768363657
-8587882812768193547
-8587882812768025007
