-8587964959764862171
0.3702258,-0.7703618,1.151288,0,0,0,1,0.05,0.05,0.05
0.5633758,-0.7703618,1.055583,0,0,0,1,0.05,0.05,0.05
0.6870438,-0.7703618,1.246883,0,0,0,1,0.05,0.05,0.05
0.5633758,-0.7703618,1.055583,0,0,0,1,0.05,0.05,0.05
0.5633758,-0.7703618,1.055583,0,0,0,1,0.05,0.05,0.05
0.5329265,-0.7703618,1.25143,0,0,0,1,0.05,0.05,0.05
0.5633758,-0.7703618,1.055583,0,0,0,1,0.05,0.05,0.05
0.5633758,-0.7703618,1.055583,0,0,0,1,0.05,0.05,0.05
0.5633758,-0.7703618,1.055583,0,0,0,1,0.05,0.05,0.05
0.6375007,-0.7703618,0.930443,0,0,0,1,0.05,0.05,0.05
0.5633758,-0.7703618,1.055583,0,0,0,1,0.05,0.05,0.05
0.5633758,-0.7703618,1.055583,0,0,0,1,0.05,0.05,0.05
0.5633758,-0.7703618,1.055583,0,0,0,1,0.05,0.05,0.05
0.5633758,-0.7703618,1.055583,0,0,0,1,0.05,0.05,0.05
0.547322,-0.7703618,1.156642,0,0,0,1,0.05,0.05,0.05
0.5633758,-0.7703618,1.055583,0,0,0,1,0.05,0.05,0.05
0.5633758,-0.7703618,1.055583,0,0,0,1,0.05,0.05,0.05
0.5633758,-0.7703618,1.055583,0,0,0,1,0.05,0.05,0.05
-8587964959764802161
-8587964959762722287
-8587964959762539951
-8587964959762376261
-8587964959762202046
-8587964959762041601
-8587964959761867512
-8587964959761704670
-8587964959761543057
-8587964959761372738
-8587964959761212779
-8587964959761043770
-8587964959760883437
-8587964959760718341
-8587964959760542172
-8587964959760382201
-8587964959760201761
-8587964959760032157
-8587964959759872189
-8587964959759710298
-8587964959759535319
-8587964959759365314
-8587964959759203457
-8587964959759042378
-8587964959758873176
-8587964959758703204
-8587964959758534694
-8587964959758384334
-8587964959758208859
-8587964959758053803
-8587964959757883722
-8587964959757718438
-8587964959757553001
-8587964959757384892
-8587964959757222986
-8587964959757051819
-8587964959756890504
-8587964959756714396
-8587964959756553646
-8587964959756391022
-8587964959756220966
-8587964959756061689
-8587964959755891180
-8587964959755727988
-8587964959755568020
-8587964959755396838
-8587964959755234814
-8587964959755060967
-8587964959754902979
-8587964959754753368
-8587964959754592455
-8587964959754426734
-8587964959754253707
-8587964959754085399
-8587964959753925105
-8587964959753764358
-8587964959753594365
-8587964959753424312
-8587964959753264323
-8587964959753094336
-8587964959752934311
-8587964959752768104
-8587964959752600517
-8587964959752438870
-8587964959752263034
-8587964959752105224
-8587964959751945162
-8587964959751772495
-8587964959751604147
-8587964959751444059
-8587964959751275696
-8587964959751113358
-8587964959750945183
-8587964959750774248
-8587964959750609221
-8587964959750449483
-8587964959750272776
-8587964959750113264
-8587964959749950148
-8587964959749789878
-8587964959749617730
-8587964959749454725
-8587964959749293689
-8587964959749127886
-8587964959748956314
-8587964959748793720
-8587964959748632641
-8587964959748450909
-8587964959748289909
-8587964959748123810
-8587964959747963290
-8587964959747794948
-8587964959747630265
-8587964959747464323
-8587964959747301750
-8587964959747131800
-8587964959746971768
-8587964959746801042
-8587964959746638019
-8587964959746477466
-8587964959746306773
-8587964959746136665
-8587964959745966754
-8587964959745806484
-8587964959745646709
-8587964959745476731
-8587964959745306721
-8587964959745146466
-8587964959744976425
-8587964959744816427
-8587964959744646419
-8587964959744476408
-8587964959744316395
-8587964959744156249
-8587964959743988701
-8587964959743821869
-8587964959743656201
-8587964959743486070
-8587964959743322600
-8587964959743162524
-8587964959742992996
-8587964959742831041
-8587964959742661396
-8587964959742499203
-8587964959742335033
-8587964959742163764
-8587964959742003089
-8587964959741833033
-8587964959741663074
-8587964959741504256
-8587964959741331914
-8587964959741171633
-8587964959741009349
-8587964959740835164
-8587964959740671700
-8587964959740506000
-8587964959740338839
-8587964959740177026
-8587964959740012784
-8587964959739837152
-8587964959739682020
0.5247759,-0.7703618,0.505583,0,0,0,1,0.05,0.05,0.05
0.5633758,-0.7703618,1.055583,0,0,0,1,0.05,0.05,0.05
0.3785758,-0.7703618,0.505583,0,0,0,1,0.05,0.05,0.05
0.5633758,-0.7703618,1.055583,0,0,0,1,0.05,0.05,0.05
0.5633758,-0.7703618,1.055583,0,0,0,1,0.05,0.05,0.05
0.8171759,-0.7703618,0.505583,0,0,0,1,0.05,0.05,0.05
0.5633758,-0.7703618,1.055583,0,0,0,1,0.05,0.05,0.05
0.5633758,-0.7703618,1.055583,0,0,0,1,0.05,0.05,0.05
0.5633758,-0.7703618,1.055583,0,0,0,1,0.05,0.05,0.05
0.2323758,-0.7703618,0.505583,0,0,0,1,0.05,0.05,0.05
0.5633758,-0.7703618,1.055583,0,0,0,1,0.05,0.05,0.05
0.5633758,-0.7703618,1.055583,0,0,0,1,0.05,0.05,0.05
0.5633758,-0.7703618,1.055583,0,0,0,1,0.05,0.05,0.05
0.5633758,-0.7703618,1.055583,0,0,0,1,0.05,0.05,0.05
0.6709759,-0.7703618,0.505583,0,0,0,1,0.05,0.05,0.05
0.5633758,-0.7703618,1.055583,0,0,0,1,0.05,0.05,0.05
0.5633758,-0.7703618,1.055583,0,0,0,1,0.05,0.05,0.05
0.5633758,-0.7703618,1.055583,0,0,0,1,0.05,0.05,0.05
-8587964959739512012
-8587964959739341742
-8587964959739181997
-8587964959739021724
-8587964959738851840
-8587964959738684923
-8587964959738512229
-8587964959738354175
-8587964959738185498
-8587964959738025763
-8587964959737849612
-8587964959737690027
-8587964959737523032
-8587964959737361790
-8587964959737193871
-8587964959737035597
-8587964959736855534
-8587964959736693121
-8587964959736525434
-8587964959736364850
-8587964959736202851
-8587964959736032885
-8587964959735872857
-8587964959735703042
-8587964959735543035
-8587964959735374863
-8587964959735203068
-8587964959735042179
-8587964959734879778
-8587964959734703265
-8587964959734542872
-8587964959734377386
-8587964959734206345
-8587964959734045876
-8587964959733878567
-8587964959733718557
-8587964959733548639
-8587964959733388125
-8587964959733223865
-8587964959733051919
-8587964959732882569
-8587964959732722580
-8587964959732552566
0.5247759,-0.7703618,0.505583,0,0,0,1,0.05,0.05,0.05
0.5633758,-0.7703618,1.055583,0,0,0,1,0.05,0.05,0.05
0.3785758,-0.7703618,0.505583,0,0,0,1,0.05,0.05,0.05
0.5633758,-0.7703618,1.055583,0,0,0,1,0.05,0.05,0.05
0.5633758,-0.7703618,1.055583,0,0,0,1,0.05,0.05,0.05
0.7968968,-0.7703618,0.5301483,0,0,0,1,0.05,0.05,0.05
0.5633758,-0.7703618,1.055583,0,0,0,1,0.05,0.05,0.05
0.5633758,-0.7703618,1.055583,0,0,0,1,0.05,0.05,0.05
0.5633758,-0.7703618,1.055583,0,0,0,1,0.05,0.05,0.05
0.2323758,-0.7703618,0.505583,0,0,0,1,0.05,0.05,0.05
0.5633758,-0.7703618,1.055583,0,0,0,1,0.05,0.05,0.05
0.5633758,-0.7703618,1.055583,0,0,0,1,0.05,0.05,0.05
0.5633758,-0.7703618,1.055583,0,0,0,1,0.05,0.05,0.05
0.5633758,-0.7703618,1.055583,0,0,0,1,0.05,0.05,0.05
0.6709759,-0.7703618,0.505583,0,0,0,1,0.05,0.05,0.05
0.5633758,-0.7703618,1.055583,0,0,0,1,0.05,0.05,0.05
0.5633758,-0.7703618,1.055583,0,0,0,1,0.05,0.05,0.05
0.5633758,-0.7703618,1.055583,0,0,0,1,0.05,0.05,0.05
-8587964959732392553
0.5247759,-0.7703618,0.505583,0,0,0,1,0.05,0.05,0.05
0.5633758,-0.7703618,1.055583,0,0,0,1,0.05,0.05,0.05
0.3785758,-0.7703618,0.505583,0,0,0,1,0.05,0.05,0.05
0.5633758,-0.7703618,1.055583,0,0,0,1,0.05,0.05,0.05
0.5633758,-0.7703618,1.055583,0,0,0,1,0.05,0.05,0.05
0.7968968,-0.7703618,0.528452,0,0,0,1,0.05,0.05,0.05
0.5633758,-0.7703618,1.055583,0,0,0,1,0.05,0.05,0.05
0.5633758,-0.7703618,1.055583,0,0,0,1,0.05,0.05,0.05
0.5633758,-0.7703618,1.055583,0,0,0,1,0.05,0.05,0.05
0.2323758,-0.7703618,0.505583,0,0,0,1,0.05,0.05,0.05
0.5633758,-0.7703618,1.055583,0,0,0,1,0.05,0.05,0.05
0.5633758,-0.7703618,1.055583,0,0,0,1,0.05,0.05,0.05
0.5633758,-0.7703618,1.055583,0,0,0,1,0.05,0.05,0.05
0.5633758,-0.7703618,1.055583,0,0,0,1,0.05,0.05,0.05
0.6709759,-0.7703618,0.505583,0,0,0,1,0.05,0.05,0.05
0.5633758,-0.7703618,1.055583,0,0,0,1,0.05,0.05,0.05
0.5633758,-0.7703618,1.055583,0,0,0,1,0.05,0.05,0.05
0.5633758,-0.7703618,1.055583,0,0,0,1,0.05,0.05,0.05
-8587964959732222554
-8587964959732062532
-8587964959731896430
-8587964959731722175
0.5247759,-0.7703618,0.505583,0,0,0,1,0.05,0.05,0.05
0.5633758,-0.7703618,1.055583,0,0,0,1,0.05,0.05,0.05
0.3785758,-0.7703618,0.505583,0,0,0,1,0.05,0.05,0.05
0.5633758,-0.7703618,1.055583,0,0,0,1,0.05,0.05,0.05
0.5633758,-0.7703618,1.055583,0,0,0,1,0.05,0.05,0.05
0.7820345,-0.7703618,0.5303904,0,0,0,1,0.05,0.05,0.05
0.5633758,-0.7703618,1.055583,0,0,0,1,0.05,0.05,0.05
0.5633758,-0.7703618,1.055583,0,0,0,1,0.05,0.05,0.05
0.5633758,-0.7703618,1.055583,0,0,0,1,0.05,0.05,0.05
0.2323758,-0.7703618,0.505583,0,0,0,1,0.05,0.05,0.05
0.5633758,-0.7703618,1.055583,0,0,0,1,0.05,0.05,0.05
0.5633758,-0.7703618,1.055583,0,0,0,1,0.05,0.05,0.05
0.5633758,-0.7703618,1.055583,0,0,0,1,0.05,0.05,0.05
0.5633758,-0.7703618,1.055583,0,0,0,1,0.05,0.05,0.05
0.6709759,-0.7703618,0.505583,0,0,0,1,0.05,0.05,0.05
0.5633758,-0.7703618,1.055583,0,0,0,1,0.05,0.05,0.05
0.5633758,-0.7703618,1.055583,0,0,0,1,0.05,0.05,0.05
0.5633758,-0.7703618,1.055583,0,0,0,1,0.05,0.05,0.05
-8587964959731556315
0.5247759,-0.7703618,0.505583,0,0,0,1,0.05,0.05,0.05
0.5633758,-0.7703618,1.055583,0,0,0,1,0.05,0.05,0.05
0.3785758,-0.7703618,0.505583,0,0,0,1,0.05,0.05,0.05
0.5633758,-0.7703618,1.055583,0,0,0,1,0.05,0.05,0.05
0.5633758,-0.7703618,1.055583,0,0,0,1,0.05,0.05,0.05
0.760136,-0.7703618,0.5357457,0,0,0,1,0.05,0.05,0.05
0.5633758,-0.7703618,1.055583,0,0,0,1,0.05,0.05,0.05
0.5633758,-0.7703618,1.055583,0,0,0,1,0.05,0.05,0.05
0.5633758,-0.7703618,1.055583,0,0,0,1,0.05,0.05,0.05
0.2323758,-0.7703618,0.505583,0,0,0,1,0.05,0.05,0.05
0.5633758,-0.7703618,1.055583,0,0,0,1,0.05,0.05,0.05
0.5633758,-0.7703618,1.055583,0,0,0,1,0.05,0.05,0.05
0.5633758,-0.7703618,1.055583,0,0,0,1,0.05,0.05,0.05
0.5633758,-0.7703618,1.055583,0,0,0,1,0.05,0.05,0.05
0.6709759,-0.7703618,0.505583,0,0,0,1,0.05,0.05,0.05
0.5633758,-0.7703618,1.055583,0,0,0,1,0.05,0.05,0.05
0.5633758,-0.7703618,1.055583,0,0,0,1,0.05,0.05,0.05
0.5633758,-0.7703618,1.055583,0,0,0,1,0.05,0.05,0.05
-8587964959731393394
0.5247759,-0.7703618,0.505583,0,0,0,1,0.05,0.05,0.05
0.5633758,-0.7703618,1.055583,0,0,0,1,0.05,0.05,0.05
0.3785758,-0.7703618,0.505583,0,0,0,1,0.05,0.05,0.05
0.5633758,-0.7703618,1.055583,0,0,0,1,0.05,0.05,0.05
0.5633758,-0.7703618,1.055583,0,0,0,1,0.05,0.05,0.05
0.7481697,-0.7703618,0.5403286,0,0,0,1,0.05,0.05,0.05
0.5633758,-0.7703618,1.055583,0,0,0,1,0.05,0.05,0.05
0.5633758,-0.7703618,1.055583,0,0,0,1,0.05,0.05,0.05
0.5633758,-0.7703618,1.055583,0,0,0,1,0.05,0.05,0.05
0.2323758,-0.7703618,0.505583,0,0,0,1,0.05,0.05,0.05
0.5633758,-0.7703618,1.055583,0,0,0,1,0.05,0.05,0.05
0.5633758,-0.7703618,1.055583,0,0,0,1,0.05,0.05,0.05
0.5633758,-0.7703618,1.055583,0,0,0,1,0.05,0.05,0.05
0.5633758,-0.7703618,1.055583,0,0,0,1,0.05,0.05,0.05
0.6709759,-0.7703618,0.505583,0,0,0,1,0.05,0.05,0.05
0.5633758,-0.7703618,1.055583,0,0,0,1,0.05,0.05,0.05
0.5633758,-0.7703618,1.055583,0,0,0,1,0.05,0.05,0.05
0.5633758,-0.7703618,1.055583,0,0,0,1,0.05,0.05,0.05
-8587964959731233061
0.5247759,-0.7703618,0.505583,0,0,0,1,0.05,0.05,0.05
0.5633758,-0.7703618,1.055583,0,0,0,1,0.05,0.05,0.05
0.3785758,-0.7703618,0.505583,0,0,0,1,0.05,0.05,0.05
0.5633758,-0.7703618,1.055583,0,0,0,1,0.05,0.05,0.05
0.5633758,-0.7703618,1.055583,0,0,0,1,0.05,0.05,0.05
0.7386975,-0.7703618,0.5426372,0,0,0,1,0.05,0.05,0.05
0.5633758,-0.7703618,1.055583,0,0,0,1,0.05,0.05,0.05
0.5633758,-0.7703618,1.055583,0,0,0,1,0.05,0.05,0.05
0.5633758,-0.7703618,1.055583,0,0,0,1,0.05,0.05,0.05
0.2323758,-0.7703618,0.505583,0,0,0,1,0.05,0.05,0.05
0.5633758,-0.7703618,1.055583,0,0,0,1,0.05,0.05,0.05
0.5633758,-0.7703618,1.055583,0,0,0,1,0.05,0.05,0.05
0.5633758,-0.7703618,1.055583,0,0,0,1,0.05,0.05,0.05
0.5633758,-0.7703618,1.055583,0,0,0,1,0.05,0.05,0.05
0.6709759,-0.7703618,0.505583,0,0,0,1,0.05,0.05,0.05
0.5633758,-0.7703618,1.055583,0,0,0,1,0.05,0.05,0.05
0.5633758,-0.7703618,1.055583,0,0,0,1,0.05,0.05,0.05
0.5633758,-0.7703618,1.055583,0,0,0,1,0.05,0.05,0.05
-8587964959731061641
0.5247759,-0.7703618,0.505583,0,0,0,1,0.05,0.05,0.05
0.5633758,-0.7703618,1.055583,0,0,0,1,0.05,0.05,0.05
0.3785758,-0.7703618,0.505583,0,0,0,1,0.05,0.05,0.05
0.5633758,-0.7703618,1.055583,0,0,0,1,0.05,0.05,0.05
0.5633758,-0.7703618,1.055583,0,0,0,1,0.05,0.05,0.05
0.7339942,-0.7703618,0.5437836,0,0,0,1,0.05,0.05,0.05
0.5633758,-0.7703618,1.055583,0,0,0,1,0.05,0.05,0.05
0.5633758,-0.7703618,1.055583,0,0,0,1,0.05,0.05,0.05
0.5633758,-0.7703618,1.055583,0,0,0,1,0.05,0.05,0.05
0.2323758,-0.7703618,0.505583,0,0,0,1,0.05,0.05,0.05
0.5633758,-0.7703618,1.055583,0,0,0,1,0.05,0.05,0.05
0.5633758,-0.7703618,1.055583,0,0,0,1,0.05,0.05,0.05
0.5633758,-0.7703618,1.055583,0,0,0,1,0.05,0.05,0.05
0.5633758,-0.7703618,1.055583,0,0,0,1,0.05,0.05,0.05
0.6709759,-0.7703618,0.505583,0,0,0,1,0.05,0.05,0.05
0.5633758,-0.7703618,1.055583,0,0,0,1,0.05,0.05,0.05
0.5633758,-0.7703618,1.055583,0,0,0,1,0.05,0.05,0.05
0.5633758,-0.7703618,1.055583,0,0,0,1,0.05,0.05,0.05
-8587964959730894962
0.5247759,-0.7703618,0.505583,0,0,0,1,0.05,0.05,0.05
0.5633758,-0.7703618,1.055583,0,0,0,1,0.05,0.05,0.05
0.3785758,-0.7703618,0.505583,0,0,0,1,0.05,0.05,0.05
0.5633758,-0.7703618,1.055583,0,0,0,1,0.05,0.05,0.05
0.5633758,-0.7703618,1.055583,0,0,0,1,0.05,0.05,0.05
0.7269807,-0.7703618,0.5471322,0,0,0,1,0.05,0.05,0.05
0.5633758,-0.7703618,1.055583,0,0,0,1,0.05,0.05,0.05
0.5633758,-0.7703618,1.055583,0,0,0,1,0.05,0.05,0.05
0.5633758,-0.7703618,1.055583,0,0,0,1,0.05,0.05,0.05
0.2323758,-0.7703618,0.505583,0,0,0,1,0.05,0.05,0.05
0.5633758,-0.7703618,1.055583,0,0,0,1,0.05,0.05,0.05
0.5633758,-0.7703618,1.055583,0,0,0,1,0.05,0.05,0.05
0.5633758,-0.7703618,1.055583,0,0,0,1,0.05,0.05,0.05
0.5633758,-0.7703618,1.055583,0,0,0,1,0.05,0.05,0.05
0.6709759,-0.7703618,0.505583,0,0,0,1,0.05,0.05,0.05
0.5633758,-0.7703618,1.055583,0,0,0,1,0.05,0.05,0.05
0.5633758,-0.7703618,1.055583,0,0,0,1,0.05,0.05,0.05
0.5633758,-0.7703618,1.055583,0,0,0,1,0.05,0.05,0.05
-8587964959730733509
0.5247759,-0.7703618,0.505583,0,0,0,1,0.05,0.05,0.05
0.5633758,-0.7703618,1.055583,0,0,0,1,0.05,0.05,0.05
0.3785758,-0.7703618,0.505583,0,0,0,1,0.05,0.05,0.05
0.5633758,-0.7703618,1.055583,0,0,0,1,0.05,0.05,0.05
0.5633758,-0.7703618,1.055583,0,0,0,1,0.05,0.05,0.05
0.7246535,-0.7703618,0.5476975,0,0,0,1,0.05,0.05,0.05
0.5633758,-0.7703618,1.055583,0,0,0,1,0.05,0.05,0.05
0.5633758,-0.7703618,1.055583,0,0,0,1,0.05,0.05,0.05
0.5633758,-0.7703618,1.055583,0,0,0,1,0.05,0.05,0.05
0.2323758,-0.7703618,0.505583,0,0,0,1,0.05,0.05,0.05
0.5633758,-0.7703618,1.055583,0,0,0,1,0.05,0.05,0.05
0.5633758,-0.7703618,1.055583,0,0,0,1,0.05,0.05,0.05
0.5633758,-0.7703618,1.055583,0,0,0,1,0.05,0.05,0.05
0.5633758,-0.7703618,1.055583,0,0,0,1,0.05,0.05,0.05
0.6709759,-0.7703618,0.505583,0,0,0,1,0.05,0.05,0.05
0.5633758,-0.7703618,1.055583,0,0,0,1,0.05,0.05,0.05
0.5633758,-0.7703618,1.055583,0,0,0,1,0.05,0.05,0.05
0.5633758,-0.7703618,1.055583,0,0,0,1,0.05,0.05,0.05
-8587964959730561726
-8587964959730407774
0.5247759,-0.7703618,0.505583,0,0,0,1,0.05,0.05,0.05
0.5633758,-0.7703618,1.055583,0,0,0,1,0.05,0.05,0.05
0.3785758,-0.7703618,0.505583,0,0,0,1,0.05,0.05,0.05
0.5633758,-0.7703618,1.055583,0,0,0,1,0.05,0.05,0.05
0.5633758,-0.7703618,1.055583,0,0,0,1,0.05,0.05,0.05
0.7223318,-0.7703618,0.5482616,0,0,0,1,0.05,0.05,0.05
0.5633758,-0.7703618,1.055583,0,0,0,1,0.05,0.05,0.05
0.5633758,-0.7703618,1.055583,0,0,0,1,0.05,0.05,0.05
0.5633758,-0.7703618,1.055583,0,0,0,1,0.05,0.05,0.05
0.2323758,-0.7703618,0.505583,0,0,0,1,0.05,0.05,0.05
0.5633758,-0.7703618,1.055583,0,0,0,1,0.05,0.05,0.05
0.5633758,-0.7703618,1.055583,0,0,0,1,0.05,0.05,0.05
0.5633758,-0.7703618,1.055583,0,0,0,1,0.05,0.05,0.05
0.5633758,-0.7703618,1.055583,0,0,0,1,0.05,0.05,0.05
0.6709759,-0.7703618,0.505583,0,0,0,1,0.05,0.05,0.05
0.5633758,-0.7703618,1.055583,0,0,0,1,0.05,0.05,0.05
0.5633758,-0.7703618,1.055583,0,0,0,1,0.05,0.05,0.05
0.5633758,-0.7703618,1.055583,0,0,0,1,0.05,0.05,0.05
-8587964959730237229
-8587964959730074578
-8587964959729908189
-8587964959729740835
-8587964959729570739
-8587964959729406992
-8587964959729244823
-8587964959729073376
-8587964959728907002
-8587964959728747384
-8587964959728583302
-8587964959728408422
0.5247759,-0.7703618,0.505583,0,0,0,1,0.05,0.05,0.05
0.5633758,-0.7703618,1.055583,0,0,0,1,0.05,0.05,0.05
0.3785758,-0.7703618,0.505583,0,0,0,1,0.05,0.05,0.05
0.5633758,-0.7703618,1.055583,0,0,0,1,0.05,0.05,0.05
0.5633758,-0.7703618,1.055583,0,0,0,1,0.05,0.05,0.05
0.7293132,-0.7703618,0.5432835,0,0,0,1,0.05,0.05,0.05
0.5633758,-0.7703618,1.055583,0,0,0,1,0.05,0.05,0.05
0.5633758,-0.7703618,1.055583,0,0,0,1,0.05,0.05,0.05
0.5633758,-0.7703618,1.055583,0,0,0,1,0.05,0.05,0.05
0.2323758,-0.7703618,0.505583,0,0,0,1,0.05,0.05,0.05
0.5633758,-0.7703618,1.055583,0,0,0,1,0.05,0.05,0.05
0.5633758,-0.7703618,1.055583,0,0,0,1,0.05,0.05,0.05
0.5633758,-0.7703618,1.055583,0,0,0,1,0.05,0.05,0.05
0.5633758,-0.7703618,1.055583,0,0,0,1,0.05,0.05,0.05
0.6709759,-0.7703618,0.505583,0,0,0,1,0.05,0.05,0.05
0.5633758,-0.7703618,1.055583,0,0,0,1,0.05,0.05,0.05
0.5633758,-0.7703618,1.055583,0,0,0,1,0.05,0.05,0.05
0.5633758,-0.7703618,1.055583,0,0,0,1,0.05,0.05,0.05
-8587964959728242423
0.5247759,-0.7703618,0.505583,0,0,0,1,0.05,0.05,0.05
0.5633758,-0.7703618,1.055583,0,0,0,1,0.05,0.05,0.05
0.3785758,-0.7703618,0.505583,0,0,0,1,0.05,0.05,0.05
0.5633758,-0.7703618,1.055583,0,0,0,1,0.05,0.05,0.05
0.5633758,-0.7703618,1.055583,0,0,0,1,0.05,0.05,0.05
0.7434224,-0.7703618,0.5348751,0,0,0,1,0.05,0.05,0.05
0.5633758,-0.7703618,1.055583,0,0,0,1,0.05,0.05,0.05
0.5633758,-0.7703618,1.055583,0,0,0,1,0.05,0.05,0.05
0.5633758,-0.7703618,1.055583,0,0,0,1,0.05,0.05,0.05
0.2323758,-0.7703618,0.505583,0,0,0,1,0.05,0.05,0.05
0.5633758,-0.7703618,1.055583,0,0,0,1,0.05,0.05,0.05
0.5633758,-0.7703618,1.055583,0,0,0,1,0.05,0.05,0.05
0.5633758,-0.7703618,1.055583,0,0,0,1,0.05,0.05,0.05
0.5633758,-0.7703618,1.055583,0,0,0,1,0.05,0.05,0.05
0.6709759,-0.7703618,0.505583,0,0,0,1,0.05,0.05,0.05
0.5633758,-0.7703618,1.055583,0,0,0,1,0.05,0.05,0.05
0.5633758,-0.7703618,1.055583,0,0,0,1,0.05,0.05,0.05
0.5633758,-0.7703618,1.055583,0,0,0,1,0.05,0.05,0.05
-8587964959728082407
0.5247759,-0.7703618,0.505583,0,0,0,1,0.05,0.05,0.05
0.5633758,-0.7703618,1.055583,0,0,0,1,0.05,0.05,0.05
0.3785758,-0.7703618,0.505583,0,0,0,1,0.05,0.05,0.05
0.5633758,-0.7703618,1.055583,0,0,0,1,0.05,0.05,0.05
0.5633758,-0.7703618,1.055583,0,0,0,1,0.05,0.05,0.05
0.7722439,-0.7703618,0.5260801,0,0,0,1,0.05,0.05,0.05
0.5633758,-0.7703618,1.055583,0,0,0,1,0.05,0.05,0.05
0.5633758,-0.7703618,1.055583,0,0,0,1,0.05,0.05,0.05
0.5633758,-0.7703618,1.055583,0,0,0,1,0.05,0.05,0.05
0.2323758,-0.7703618,0.505583,0,0,0,1,0.05,0.05,0.05
0.5633758,-0.7703618,1.055583,0,0,0,1,0.05,0.05,0.05
0.5633758,-0.7703618,1.055583,0,0,0,1,0.05,0.05,0.05
0.5633758,-0.7703618,1.055583,0,0,0,1,0.05,0.05,0.05
0.5633758,-0.7703618,1.055583,0,0,0,1,0.05,0.05,0.05
0.6709759,-0.7703618,0.505583,0,0,0,1,0.05,0.05,0.05
0.5633758,-0.7703618,1.055583,0,0,0,1,0.05,0.05,0.05
0.5633758,-0.7703618,1.055583,0,0,0,1,0.05,0.05,0.05
0.5633758,-0.7703618,1.055583,0,0,0,1,0.05,0.05,0.05
-8587964959727912145
0.5247759,-0.7703618,0.505583,0,0,0,1,0.05,0.05,0.05
0.5633758,-0.7703618,1.055583,0,0,0,1,0.05,0.05,0.05
0.3785758,-0.7703618,0.505583,0,0,0,1,0.05,0.05,0.05
0.5633758,-0.7703618,1.055583,0,0,0,1,0.05,0.05,0.05
0.5633758,-0.7703618,1.055583,0,0,0,1,0.05,0.05,0.05
0.8069243,-0.7703618,0.5123724,0,0,0,1,0.05,0.05,0.05
0.5633758,-0.7703618,1.055583,0,0,0,1,0.05,0.05,0.05
0.5633758,-0.7703618,1.055583,0,0,0,1,0.05,0.05,0.05
0.5633758,-0.7703618,1.055583,0,0,0,1,0.05,0.05,0.05
0.2323758,-0.7703618,0.505583,0,0,0,1,0.05,0.05,0.05
0.5633758,-0.7703618,1.055583,0,0,0,1,0.05,0.05,0.05
0.5633758,-0.7703618,1.055583,0,0,0,1,0.05,0.05,0.05
0.5633758,-0.7703618,1.055583,0,0,0,1,0.05,0.05,0.05
0.5633758,-0.7703618,1.055583,0,0,0,1,0.05,0.05,0.05
0.6709759,-0.7703618,0.505583,0,0,0,1,0.05,0.05,0.05
0.5633758,-0.7703618,1.055583,0,0,0,1,0.05,0.05,0.05
0.5633758,-0.7703618,1.055583,0,0,0,1,0.05,0.05,0.05
0.5633758,-0.7703618,1.055583,0,0,0,1,0.05,0.05,0.05
-8587964959727751981
0.5247759,-0.7703618,0.505583,0,0,0,1,0.05,0.05,0.05
0.5633758,-0.7703618,1.055583,0,0,0,1,0.05,0.05,0.05
0.3785758,-0.7703618,0.505583,0,0,0,1,0.05,0.05,0.05
0.5633758,-0.7703618,1.055583,0,0,0,1,0.05,0.05,0.05
0.5633758,-0.7703618,1.055583,0,0,0,1,0.05,0.05,0.05
0.848022,-0.7703618,0.493397,0,0,0,1,0.05,0.05,0.05
0.5633758,-0.7703618,1.055583,0,0,0,1,0.05,0.05,0.05
0.5633758,-0.7703618,1.055583,0,0,0,1,0.05,0.05,0.05
0.5633758,-0.7703618,1.055583,0,0,0,1,0.05,0.05,0.05
0.2323758,-0.7703618,0.505583,0,0,0,1,0.05,0.05,0.05
0.5633758,-0.7703618,1.055583,0,0,0,1,0.05,0.05,0.05
0.5633758,-0.7703618,1.055583,0,0,0,1,0.05,0.05,0.05
0.5633758,-0.7703618,1.055583,0,0,0,1,0.05,0.05,0.05
0.5633758,-0.7703618,1.055583,0,0,0,1,0.05,0.05,0.05
0.6709759,-0.7703618,0.505583,0,0,0,1,0.05,0.05,0.05
0.5633758,-0.7703618,1.055583,0,0,0,1,0.05,0.05,0.05
0.5633758,-0.7703618,1.055583,0,0,0,1,0.05,0.05,0.05
0.5633758,-0.7703618,1.055583,0,0,0,1,0.05,0.05,0.05
-8587964959727583108
0.5247759,-0.7703618,0.505583,0,0,0,1,0.05,0.05,0.05
0.5633758,-0.7703618,1.055583,0,0,0,1,0.05,0.05,0.05
0.3785758,-0.7703618,0.505583,0,0,0,1,0.05,0.05,0.05
0.5633758,-0.7703618,1.055583,0,0,0,1,0.05,0.05,0.05
0.5633758,-0.7703618,1.055583,0,0,0,1,0.05,0.05,0.05
0.8826249,-0.7703618,0.4792969,0,0,0,1,0.05,0.05,0.05
0.5633758,-0.7703618,1.055583,0,0,0,1,0.05,0.05,0.05
0.5633758,-0.7703618,1.055583,0,0,0,1,0.05,0.05,0.05
0.5633758,-0.7703618,1.055583,0,0,0,1,0.05,0.05,0.05
0.2323758,-0.7703618,0.505583,0,0,0,1,0.05,0.05,0.05
0.5633758,-0.7703618,1.055583,0,0,0,1,0.05,0.05,0.05
0.5633758,-0.7703618,1.055583,0,0,0,1,0.05,0.05,0.05
0.5633758,-0.7703618,1.055583,0,0,0,1,0.05,0.05,0.05
0.5633758,-0.7703618,1.055583,0,0,0,1,0.05,0.05,0.05
0.6709759,-0.7703618,0.505583,0,0,0,1,0.05,0.05,0.05
0.5633758,-0.7703618,1.055583,0,0,0,1,0.05,0.05,0.05
0.5633758,-0.7703618,1.055583,0,0,0,1,0.05,0.05,0.05
0.5633758,-0.7703618,1.055583,0,0,0,1,0.05,0.05,0.05
-8587964959727413547
0.5247759,-0.7703618,0.505583,0,0,0,1,0.05,0.05,0.05
0.5633758,-0.7703618,1.055583,0,0,0,1,0.05,0.05,0.05
0.3785758,-0.7703618,0.505583,0,0,0,1,0.05,0.05,0.05
0.5633758,-0.7703618,1.055583,0,0,0,1,0.05,0.05,0.05
0.5633758,-0.7703618,1.055583,0,0,0,1,0.05,0.05,0.05
0.9211701,-0.7703618,0.4622076,0,0,0,1,0.05,0.05,0.05
0.5633758,-0.7703618,1.055583,0,0,0,1,0.05,0.05,0.05
0.5633758,-0.7703618,1.055583,0,0,0,1,0.05,0.05,0.05
0.5633758,-0.7703618,1.055583,0,0,0,1,0.05,0.05,0.05
0.2323758,-0.7703618,0.505583,0,0,0,1,0.05,0.05,0.05
0.5633758,-0.7703618,1.055583,0,0,0,1,0.05,0.05,0.05
0.5633758,-0.7703618,1.055583,0,0,0,1,0.05,0.05,0.05
0.5633758,-0.7703618,1.055583,0,0,0,1,0.05,0.05,0.05
0.5633758,-0.7703618,1.055583,0,0,0,1,0.05,0.05,0.05
0.6709759,-0.7703618,0.505583,0,0,0,1,0.05,0.05,0.05
0.5633758,-0.7703618,1.055583,0,0,0,1,0.05,0.05,0.05
0.5633758,-0.7703618,1.055583,0,0,0,1,0.05,0.05,0.05
0.5633758,-0.7703618,1.055583,0,0,0,1,0.05,0.05,0.05
-8587964959727253549
0.5247759,-0.7703618,0.505583,0,0,0,1,0.05,0.05,0.05
0.5633758,-0.7703618,1.055583,0,0,0,1,0.05,0.05,0.05
0.3785758,-0.7703618,0.505583,0,0,0,1,0.05,0.05,0.05
0.5633758,-0.7703618,1.055583,0,0,0,1,0.05,0.05,0.05
0.5633758,-0.7703618,1.055583,0,0,0,1,0.05,0.05,0.05
0.952433,-0.7703618,0.4486074,0,0,0,1,0.05,0.05,0.05
0.5633758,-0.7703618,1.055583,0,0,0,1,0.05,0.05,0.05
0.5633758,-0.7703618,1.055583,0,0,0,1,0.05,0.05,0.05
0.5633758,-0.7703618,1.055583,0,0,0,1,0.05,0.05,0.05
0.2323758,-0.7703618,0.505583,0,0,0,1,0.05,0.05,0.05
0.5633758,-0.7703618,1.055583,0,0,0,1,0.05,0.05,0.05
0.5633758,-0.7703618,1.055583,0,0,0,1,0.05,0.05,0.05
0.5633758,-0.7703618,1.055583,0,0,0,1,0.05,0.05,0.05
0.5633758,-0.7703618,1.055583,0,0,0,1,0.05,0.05,0.05
0.6709759,-0.7703618,0.505583,0,0,0,1,0.05,0.05,0.05
0.5633758,-0.7703618,1.055583,0,0,0,1,0.05,0.05,0.05
0.5633758,-0.7703618,1.055583,0,0,0,1,0.05,0.05,0.05
0.5633758,-0.7703618,1.055583,0,0,0,1,0.05,0.05,0.05
-8587964959727083801
0.5247759,-0.7703618,0.505583,0,0,0,1,0.05,0.05,0.05
0.5633758,-0.7703618,1.055583,0,0,0,1,0.05,0.05,0.05
0.3785758,-0.7703618,0.505583,0,0,0,1,0.05,0.05,0.05
0.5633758,-0.7703618,1.055583,0,0,0,1,0.05,0.05,0.05
0.5633758,-0.7703618,1.055583,0,0,0,1,0.05,0.05,0.05
0.972794,-0.7703618,0.4377427,0,0,0,1,0.05,0.05,0.05
0.5633758,-0.7703618,1.055583,0,0,0,1,0.05,0.05,0.05
0.5633758,-0.7703618,1.055583,0,0,0,1,0.05,0.05,0.05
0.5633758,-0.7703618,1.055583,0,0,0,1,0.05,0.05,0.05
0.2323758,-0.7703618,0.505583,0,0,0,1,0.05,0.05,0.05
0.5633758,-0.7703618,1.055583,0,0,0,1,0.05,0.05,0.05
0.5633758,-0.7703618,1.055583,0,0,0,1,0.05,0.05,0.05
0.5633758,-0.7703618,1.055583,0,0,0,1,0.05,0.05,0.05
0.5633758,-0.7703618,1.055583,0,0,0,1,0.05,0.05,0.05
0.6709759,-0.7703618,0.505583,0,0,0,1,0.05,0.05,0.05
0.5633758,-0.7703618,1.055583,0,0,0,1,0.05,0.05,0.05
0.5633758,-0.7703618,1.055583,0,0,0,1,0.05,0.05,0.05
0.5633758,-0.7703618,1.055583,0,0,0,1,0.05,0.05,0.05
-8587964959726914928
0.5247759,-0.7703618,0.505583,0,0,0,1,0.05,0.05,0.05
0.5633758,-0.7703618,1.055583,0,0,0,1,0.05,0.05,0.05
0.3785758,-0.7703618,0.505583,0,0,0,1,0.05,0.05,0.05
0.5633758,-0.7703618,1.055583,0,0,0,1,0.05,0.05,0.05
0.5633758,-0.7703618,1.055583,0,0,0,1,0.05,0.05,0.05
0.9965233,-0.7703618,0.4277369,0,0,0,1,0.05,0.05,0.05
0.5633758,-0.7703618,1.055583,0,0,0,1,0.05,0.05,0.05
0.5633758,-0.7703618,1.055583,0,0,0,1,0.05,0.05,0.05
0.5633758,-0.7703618,1.055583,0,0,0,1,0.05,0.05,0.05
0.2323758,-0.7703618,0.505583,0,0,0,1,0.05,0.05,0.05
0.5633758,-0.7703618,1.055583,0,0,0,1,0.05,0.05,0.05
0.5633758,-0.7703618,1.055583,0,0,0,1,0.05,0.05,0.05
0.5633758,-0.7703618,1.055583,0,0,0,1,0.05,0.05,0.05
0.5633758,-0.7703618,1.055583,0,0,0,1,0.05,0.05,0.05
0.6709759,-0.7703618,0.505583,0,0,0,1,0.05,0.05,0.05
0.5633758,-0.7703618,1.055583,0,0,0,1,0.05,0.05,0.05
0.5633758,-0.7703618,1.055583,0,0,0,1,0.05,0.05,0.05
0.5633758,-0.7703618,1.055583,0,0,0,1,0.05,0.05,0.05
-8587964959726750393
0.5247759,-0.7703618,0.505583,0,0,0,1,0.05,0.05,0.05
0.5633758,-0.7703618,1.055583,0,0,0,1,0.05,0.05,0.05
0.3785758,-0.7703618,0.505583,0,0,0,1,0.05,0.05,0.05
0.5633758,-0.7703618,1.055583,0,0,0,1,0.05,0.05,0.05
0.5633758,-0.7703618,1.055583,0,0,0,1,0.05,0.05,0.05
1.011609,-0.7703618,0.4218432,0,0,0,1,0.05,0.05,0.05
0.5633758,-0.7703618,1.055583,0,0,0,1,0.05,0.05,0.05
0.5633758,-0.7703618,1.055583,0,0,0,1,0.05,0.05,0.05
0.5633758,-0.7703618,1.055583,0,0,0,1,0.05,0.05,0.05
0.2323758,-0.7703618,0.505583,0,0,0,1,0.05,0.05,0.05
0.5633758,-0.7703618,1.055583,0,0,0,1,0.05,0.05,0.05
0.5633758,-0.7703618,1.055583,0,0,0,1,0.05,0.05,0.05
0.5633758,-0.7703618,1.055583,0,0,0,1,0.05,0.05,0.05
0.5633758,-0.7703618,1.055583,0,0,0,1,0.05,0.05,0.05
0.6709759,-0.7703618,0.505583,0,0,0,1,0.05,0.05,0.05
0.5633758,-0.7703618,1.055583,0,0,0,1,0.05,0.05,0.05
0.5633758,-0.7703618,1.055583,0,0,0,1,0.05,0.05,0.05
0.5633758,-0.7703618,1.055583,0,0,0,1,0.05,0.05,0.05
-8587964959726589580
0.5247759,-0.7703618,0.505583,0,0,0,1,0.05,0.05,0.05
0.5633758,-0.7703618,1.055583,0,0,0,1,0.05,0.05,0.05
0.3785758,-0.7703618,0.505583,0,0,0,1,0.05,0.05,0.05
0.5633758,-0.7703618,1.055583,0,0,0,1,0.05,0.05,0.05
0.5633758,-0.7703618,1.055583,0,0,0,1,0.05,0.05,0.05
1.033069,-0.7703618,0.4104373,0,0,0,1,0.05,0.05,0.05
0.5633758,-0.7703618,1.055583,0,0,0,1,0.05,0.05,0.05
0.5633758,-0.7703618,1.055583,0,0,0,1,0.05,0.05,0.05
0.5633758,-0.7703618,1.055583,0,0,0,1,0.05,0.05,0.05
0.2323758,-0.7703618,0.505583,0,0,0,1,0.05,0.05,0.05
0.5633758,-0.7703618,1.055583,0,0,0,1,0.05,0.05,0.05
0.5633758,-0.7703618,1.055583,0,0,0,1,0.05,0.05,0.05
0.5633758,-0.7703618,1.055583,0,0,0,1,0.05,0.05,0.05
0.5633758,-0.7703618,1.055583,0,0,0,1,0.05,0.05,0.05
0.6709759,-0.7703618,0.505583,0,0,0,1,0.05,0.05,0.05
0.5633758,-0.7703618,1.055583,0,0,0,1,0.05,0.05,0.05
0.5633758,-0.7703618,1.055583,0,0,0,1,0.05,0.05,0.05
0.5633758,-0.7703618,1.055583,0,0,0,1,0.05,0.05,0.05
-8587964959726423161
0.5247759,-0.7703618,0.505583,0,0,0,1,0.05,0.05,0.05
0.5633758,-0.7703618,1.055583,0,0,0,1,0.05,0.05,0.05
0.3785758,-0.7703618,0.505583,0,0,0,1,0.05,0.05,0.05
0.5633758,-0.7703618,1.055583,0,0,0,1,0.05,0.05,0.05
0.5633758,-0.7703618,1.055583,0,0,0,1,0.05,0.05,0.05
1.045513,-0.7703618,0.4051799,0,0,0,1,0.05,0.05,0.05
0.5633758,-0.7703618,1.055583,0,0,0,1,0.05,0.05,0.05
0.5633758,-0.7703618,1.055583,0,0,0,1,0.05,0.05,0.05
0.5633758,-0.7703618,1.055583,0,0,0,1,0.05,0.05,0.05
0.2323758,-0.7703618,0.505583,0,0,0,1,0.05,0.05,0.05
0.5633758,-0.7703618,1.055583,0,0,0,1,0.05,0.05,0.05
0.5633758,-0.7703618,1.055583,0,0,0,1,0.05,0.05,0.05
0.5633758,-0.7703618,1.055583,0,0,0,1,0.05,0.05,0.05
0.5633758,-0.7703618,1.055583,0,0,0,1,0.05,0.05,0.05
0.6709759,-0.7703618,0.505583,0,0,0,1,0.05,0.05,0.05
0.5633758,-0.7703618,1.055583,0,0,0,1,0.05,0.05,0.05
0.5633758,-0.7703618,1.055583,0,0,0,1,0.05,0.05,0.05
0.5633758,-0.7703618,1.055583,0,0,0,1,0.05,0.05,0.05
-8587964959726251918
0.5247759,-0.7703618,0.505583,0,0,0,1,0.05,0.05,0.05
0.5633758,-0.7703618,1.055583,0,0,0,1,0.05,0.05,0.05
0.3785758,-0.7703618,0.505583,0,0,0,1,0.05,0.05,0.05
0.5633758,-0.7703618,1.055583,0,0,0,1,0.05,0.05,0.05
0.5633758,-0.7703618,1.055583,0,0,0,1,0.05,0.05,0.05
1.054934,-0.7703618,0.3988159,0,0,0,1,0.05,0.05,0.05
0.5633758,-0.7703618,1.055583,0,0,0,1,0.05,0.05,0.05
0.5633758,-0.7703618,1.055583,0,0,0,1,0.05,0.05,0.05
0.5633758,-0.7703618,1.055583,0,0,0,1,0.05,0.05,0.05
0.2323758,-0.7703618,0.505583,0,0,0,1,0.05,0.05,0.05
0.5633758,-0.7703618,1.055583,0,0,0,1,0.05,0.05,0.05
0.5633758,-0.7703618,1.055583,0,0,0,1,0.05,0.05,0.05
0.5633758,-0.7703618,1.055583,0,0,0,1,0.05,0.05,0.05
0.5633758,-0.7703618,1.055583,0,0,0,1,0.05,0.05,0.05
0.6709759,-0.7703618,0.505583,0,0,0,1,0.05,0.05,0.05
0.5633758,-0.7703618,1.055583,0,0,0,1,0.05,0.05,0.05
0.5633758,-0.7703618,1.055583,0,0,0,1,0.05,0.05,0.05
0.5633758,-0.7703618,1.055583,0,0,0,1,0.05,0.05,0.05
-8587964959726091875
0.5247759,-0.7703618,0.505583,0,0,0,1,0.05,0.05,0.05
0.5633758,-0.7703618,1.055583,0,0,0,1,0.05,0.05,0.05
0.3785758,-0.7703618,0.505583,0,0,0,1,0.05,0.05,0.05
0.5633758,-0.7703618,1.055583,0,0,0,1,0.05,0.05,0.05
0.5633758,-0.7703618,1.055583,0,0,0,1,0.05,0.05,0.05
1.064433,-0.7703618,0.3962293,0,0,0,1,0.05,0.05,0.05
0.5633758,-0.7703618,1.055583,0,0,0,1,0.05,0.05,0.05
0.5633758,-0.7703618,1.055583,0,0,0,1,0.05,0.05,0.05
0.5633758,-0.7703618,1.055583,0,0,0,1,0.05,0.05,0.05
0.2323758,-0.7703618,0.505583,0,0,0,1,0.05,0.05,0.05
0.5633758,-0.7703618,1.055583,0,0,0,1,0.05,0.05,0.05
0.5633758,-0.7703618,1.055583,0,0,0,1,0.05,0.05,0.05
0.5633758,-0.7703618,1.055583,0,0,0,1,0.05,0.05,0.05
0.5633758,-0.7703618,1.055583,0,0,0,1,0.05,0.05,0.05
0.6709759,-0.7703618,0.505583,0,0,0,1,0.05,0.05,0.05
0.5633758,-0.7703618,1.055583,0,0,0,1,0.05,0.05,0.05
0.5633758,-0.7703618,1.055583,0,0,0,1,0.05,0.05,0.05
0.5633758,-0.7703618,1.055583,0,0,0,1,0.05,0.05,0.05
-8587964959725931868
0.5247759,-0.7703618,0.505583,0,0,0,1,0.05,0.05,0.05
0.5633758,-0.7703618,1.055583,0,0,0,1,0.05,0.05,0.05
0.3785758,-0.7703618,0.505583,0,0,0,1,0.05,0.05,0.05
0.5633758,-0.7703618,1.055583,0,0,0,1,0.05,0.05,0.05
0.5633758,-0.7703618,1.055583,0,0,0,1,0.05,0.05,0.05
1.080435,-0.7703618,0.3880161,0,0,0,1,0.05,0.05,0.05
0.5633758,-0.7703618,1.055583,0,0,0,1,0.05,0.05,0.05
0.5633758,-0.7703618,1.055583,0,0,0,1,0.05,0.05,0.05
0.5633758,-0.7703618,1.055583,0,0,0,1,0.05,0.05,0.05
0.2323758,-0.7703618,0.505583,0,0,0,1,0.05,0.05,0.05
0.5633758,-0.7703618,1.055583,0,0,0,1,0.05,0.05,0.05
0.5633758,-0.7703618,1.055583,0,0,0,1,0.05,0.05,0.05
0.5633758,-0.7703618,1.055583,0,0,0,1,0.05,0.05,0.05
0.5633758,-0.7703618,1.055583,0,0,0,1,0.05,0.05,0.05
0.6709759,-0.7703618,0.505583,0,0,0,1,0.05,0.05,0.05
0.5633758,-0.7703618,1.055583,0,0,0,1,0.05,0.05,0.05
0.5633758,-0.7703618,1.055583,0,0,0,1,0.05,0.05,0.05
0.5633758,-0.7703618,1.055583,0,0,0,1,0.05,0.05,0.05
-8587964959725761875
0.5247759,-0.7703618,0.505583,0,0,0,1,0.05,0.05,0.05
0.5633758,-0.7703618,1.055583,0,0,0,1,0.05,0.05,0.05
0.3785758,-0.7703618,0.505583,0,0,0,1,0.05,0.05,0.05
0.5633758,-0.7703618,1.055583,0,0,0,1,0.05,0.05,0.05
0.5633758,-0.7703618,1.055583,0,0,0,1,0.05,0.05,0.05
1.093395,-0.7703618,0.3825274,0,0,0,1,0.05,0.05,0.05
0.5633758,-0.7703618,1.055583,0,0,0,1,0.05,0.05,0.05
0.5633758,-0.7703618,1.055583,0,0,0,1,0.05,0.05,0.05
0.5633758,-0.7703618,1.055583,0,0,0,1,0.05,0.05,0.05
0.2323758,-0.7703618,0.505583,0,0,0,1,0.05,0.05,0.05
0.5633758,-0.7703618,1.055583,0,0,0,1,0.05,0.05,0.05
0.5633758,-0.7703618,1.055583,0,0,0,1,0.05,0.05,0.05
0.5633758,-0.7703618,1.055583,0,0,0,1,0.05,0.05,0.05
0.5633758,-0.7703618,1.055583,0,0,0,1,0.05,0.05,0.05
0.6709759,-0.7703618,0.505583,0,0,0,1,0.05,0.05,0.05
0.5633758,-0.7703618,1.055583,0,0,0,1,0.05,0.05,0.05
0.5633758,-0.7703618,1.055583,0,0,0,1,0.05,0.05,0.05
0.5633758,-0.7703618,1.055583,0,0,0,1,0.05,0.05,0.05
-8587964959725591864
0.5247759,-0.7703618,0.505583,0,0,0,1,0.05,0.05,0.05
0.5633758,-0.7703618,1.055583,0,0,0,1,0.05,0.05,0.05
0.3785758,-0.7703618,0.505583,0,0,0,1,0.05,0.05,0.05
0.5633758,-0.7703618,1.055583,0,0,0,1,0.05,0.05,0.05
0.5633758,-0.7703618,1.055583,0,0,0,1,0.05,0.05,0.05
1.106499,-0.7703618,0.376978,0,0,0,1,0.05,0.05,0.05
0.5633758,-0.7703618,1.055583,0,0,0,1,0.05,0.05,0.05
0.5633758,-0.7703618,1.055583,0,0,0,1,0.05,0.05,0.05
0.5633758,-0.7703618,1.055583,0,0,0,1,0.05,0.05,0.05
0.2323758,-0.7703618,0.505583,0,0,0,1,0.05,0.05,0.05
0.5633758,-0.7703618,1.055583,0,0,0,1,0.05,0.05,0.05
0.5633758,-0.7703618,1.055583,0,0,0,1,0.05,0.05,0.05
0.5633758,-0.7703618,1.055583,0,0,0,1,0.05,0.05,0.05
0.5633758,-0.7703618,1.055583,0,0,0,1,0.05,0.05,0.05
0.6709759,-0.7703618,0.505583,0,0,0,1,0.05,0.05,0.05
0.5633758,-0.7703618,1.055583,0,0,0,1,0.05,0.05,0.05
0.5633758,-0.7703618,1.055583,0,0,0,1,0.05,0.05,0.05
0.5633758,-0.7703618,1.055583,0,0,0,1,0.05,0.05,0.05
-8587964959725421313
0.5247759,-0.7703618,0.505583,0,0,0,1,0.05,0.05,0.05
0.5633758,-0.7703618,1.055583,0,0,0,1,0.05,0.05,0.05
0.3785758,-0.7703618,0.505583,0,0,0,1,0.05,0.05,0.05
0.5633758,-0.7703618,1.055583,0,0,0,1,0.05,0.05,0.05
0.5633758,-0.7703618,1.055583,0,0,0,1,0.05,0.05,0.05
1.116422,-0.7703618,0.3722861,0,0,0,1,0.05,0.05,0.05
0.5633758,-0.7703618,1.055583,0,0,0,1,0.05,0.05,0.05
0.5633758,-0.7703618,1.055583,0,0,0,1,0.05,0.05,0.05
0.5633758,-0.7703618,1.055583,0,0,0,1,0.05,0.05,0.05
0.2323758,-0.7703618,0.505583,0,0,0,1,0.05,0.05,0.05
0.5633758,-0.7703618,1.055583,0,0,0,1,0.05,0.05,0.05
0.5633758,-0.7703618,1.055583,0,0,0,1,0.05,0.05,0.05
0.5633758,-0.7703618,1.055583,0,0,0,1,0.05,0.05,0.05
0.5633758,-0.7703618,1.055583,0,0,0,1,0.05,0.05,0.05
0.6709759,-0.7703618,0.505583,0,0,0,1,0.05,0.05,0.05
0.5633758,-0.7703618,1.055583,0,0,0,1,0.05,0.05,0.05
0.5633758,-0.7703618,1.055583,0,0,0,1,0.05,0.05,0.05
0.5633758,-0.7703618,1.055583,0,0,0,1,0.05,0.05,0.05
-8587964959725270108
-8587964959725099457
-8587964959724931659
-8587964959724761826
-8587964959724602392
-8587964959724441410
0.5247759,-0.7703618,0.505583,0,0,0,1,0.05,0.05,0.05
0.5633758,-0.7703618,1.055583,0,0,0,1,0.05,0.05,0.05
0.3785758,-0.7703618,0.505583,0,0,0,1,0.05,0.05,0.05
0.5633758,-0.7703618,1.055583,0,0,0,1,0.05,0.05,0.05
0.5633758,-0.7703618,1.055583,0,0,0,1,0.05,0.05,0.05
1.109797,-0.7703618,0.3741173,0,0,0,1,0.05,0.05,0.05
0.5633758,-0.7703618,1.055583,0,0,0,1,0.05,0.05,0.05
0.5633758,-0.7703618,1.055583,0,0,0,1,0.05,0.05,0.05
0.5633758,-0.7703618,1.055583,0,0,0,1,0.05,0.05,0.05
0.2323758,-0.7703618,0.505583,0,0,0,1,0.05,0.05,0.05
0.5633758,-0.7703618,1.055583,0,0,0,1,0.05,0.05,0.05
0.5633758,-0.7703618,1.055583,0,0,0,1,0.05,0.05,0.05
0.5633758,-0.7703618,1.055583,0,0,0,1,0.05,0.05,0.05
0.5633758,-0.7703618,1.055583,0,0,0,1,0.05,0.05,0.05
0.6709759,-0.7703618,0.505583,0,0,0,1,0.05,0.05,0.05
0.5633758,-0.7703618,1.055583,0,0,0,1,0.05,0.05,0.05
0.5633758,-0.7703618,1.055583,0,0,0,1,0.05,0.05,0.05
0.5633758,-0.7703618,1.055583,0,0,0,1,0.05,0.05,0.05
-8587964959724272824
0.5247759,-0.7703618,0.505583,0,0,0,1,0.05,0.05,0.05
0.5633758,-0.7703618,1.055583,0,0,0,1,0.05,0.05,0.05
0.3785758,-0.7703618,0.505583,0,0,0,1,0.05,0.05,0.05
0.5633758,-0.7703618,1.055583,0,0,0,1,0.05,0.05,0.05
0.5633758,-0.7703618,1.055583,0,0,0,1,0.05,0.05,0.05
1.077217,-0.7703618,0.392748,0,0,0,1,0.05,0.05,0.05
0.5633758,-0.7703618,1.055583,0,0,0,1,0.05,0.05,0.05
0.5633758,-0.7703618,1.055583,0,0,0,1,0.05,0.05,0.05
0.5633758,-0.7703618,1.055583,0,0,0,1,0.05,0.05,0.05
0.2323758,-0.7703618,0.505583,0,0,0,1,0.05,0.05,0.05
0.5633758,-0.7703618,1.055583,0,0,0,1,0.05,0.05,0.05
0.5633758,-0.7703618,1.055583,0,0,0,1,0.05,0.05,0.05
0.5633758,-0.7703618,1.055583,0,0,0,1,0.05,0.05,0.05
0.5633758,-0.7703618,1.055583,0,0,0,1,0.05,0.05,0.05
0.6709759,-0.7703618,0.505583,0,0,0,1,0.05,0.05,0.05
0.5633758,-0.7703618,1.055583,0,0,0,1,0.05,0.05,0.05
0.5633758,-0.7703618,1.055583,0,0,0,1,0.05,0.05,0.05
0.5633758,-0.7703618,1.055583,0,0,0,1,0.05,0.05,0.05
-8587964959724101274
0.5247759,-0.7703618,0.505583,0,0,0,1,0.05,0.05,0.05
0.5633758,-0.7703618,1.055583,0,0,0,1,0.05,0.05,0.05
0.3785758,-0.7703618,0.505583,0,0,0,1,0.05,0.05,0.05
0.5633758,-0.7703618,1.055583,0,0,0,1,0.05,0.05,0.05
0.5633758,-0.7703618,1.055583,0,0,0,1,0.05,0.05,0.05
1.005551,-0.7703618,0.4365299,0,0,0,1,0.05,0.05,0.05
0.5633758,-0.7703618,1.055583,0,0,0,1,0.05,0.05,0.05
0.5633758,-0.7703618,1.055583,0,0,0,1,0.05,0.05,0.05
0.5633758,-0.7703618,1.055583,0,0,0,1,0.05,0.05,0.05
0.2323758,-0.7703618,0.505583,0,0,0,1,0.05,0.05,0.05
0.5633758,-0.7703618,1.055583,0,0,0,1,0.05,0.05,0.05
0.5633758,-0.7703618,1.055583,0,0,0,1,0.05,0.05,0.05
0.5633758,-0.7703618,1.055583,0,0,0,1,0.05,0.05,0.05
0.5633758,-0.7703618,1.055583,0,0,0,1,0.05,0.05,0.05
0.6709759,-0.7703618,0.505583,0,0,0,1,0.05,0.05,0.05
0.5633758,-0.7703618,1.055583,0,0,0,1,0.05,0.05,0.05
0.5633758,-0.7703618,1.055583,0,0,0,1,0.05,0.05,0.05
0.5633758,-0.7703618,1.055583,0,0,0,1,0.05,0.05,0.05
-8587964959723941215
0.5247759,-0.7703618,0.505583,0,0,0,1,0.05,0.05,0.05
0.5633758,-0.7703618,1.055583,0,0,0,1,0.05,0.05,0.05
0.3785758,-0.7703618,0.505583,0,0,0,1,0.05,0.05,0.05
0.5633758,-0.7703618,1.055583,0,0,0,1,0.05,0.05,0.05
0.5633758,-0.7703618,1.055583,0,0,0,1,0.05,0.05,0.05
0.9524329,-0.7703618,0.4777796,0,0,0,1,0.05,0.05,0.05
0.5633758,-0.7703618,1.055583,0,0,0,1,0.05,0.05,0.05
0.5633758,-0.7703618,1.055583,0,0,0,1,0.05,0.05,0.05
0.5633758,-0.7703618,1.055583,0,0,0,1,0.05,0.05,0.05
0.2323758,-0.7703618,0.505583,0,0,0,1,0.05,0.05,0.05
0.5633758,-0.7703618,1.055583,0,0,0,1,0.05,0.05,0.05
0.5633758,-0.7703618,1.055583,0,0,0,1,0.05,0.05,0.05
0.5633758,-0.7703618,1.055583,0,0,0,1,0.05,0.05,0.05
0.5633758,-0.7703618,1.055583,0,0,0,1,0.05,0.05,0.05
0.6709759,-0.7703618,0.505583,0,0,0,1,0.05,0.05,0.05
0.5633758,-0.7703618,1.055583,0,0,0,1,0.05,0.05,0.05
0.5633758,-0.7703618,1.055583,0,0,0,1,0.05,0.05,0.05
0.5633758,-0.7703618,1.055583,0,0,0,1,0.05,0.05,0.05
-8587964959723770785
0.5247759,-0.7703618,0.505583,0,0,0,1,0.05,0.05,0.05
0.5633758,-0.7703618,1.055583,0,0,0,1,0.05,0.05,0.05
0.3785758,-0.7703618,0.505583,0,0,0,1,0.05,0.05,0.05
0.5633758,-0.7703618,1.055583,0,0,0,1,0.05,0.05,0.05
0.5633758,-0.7703618,1.055583,0,0,0,1,0.05,0.05,0.05
0.8853332,-0.7703618,0.5263502,0,0,0,1,0.05,0.05,0.05
0.5633758,-0.7703618,1.055583,0,0,0,1,0.05,0.05,0.05
0.5633758,-0.7703618,1.055583,0,0,0,1,0.05,0.05,0.05
0.5633758,-0.7703618,1.055583,0,0,0,1,0.05,0.05,0.05
0.2323758,-0.7703618,0.505583,0,0,0,1,0.05,0.05,0.05
0.5633758,-0.7703618,1.055583,0,0,0,1,0.05,0.05,0.05
0.5633758,-0.7703618,1.055583,0,0,0,1,0.05,0.05,0.05
0.5633758,-0.7703618,1.055583,0,0,0,1,0.05,0.05,0.05
0.5633758,-0.7703618,1.055583,0,0,0,1,0.05,0.05,0.05
0.6709759,-0.7703618,0.505583,0,0,0,1,0.05,0.05,0.05
0.5633758,-0.7703618,1.055583,0,0,0,1,0.05,0.05,0.05
0.5633758,-0.7703618,1.055583,0,0,0,1,0.05,0.05,0.05
0.5633758,-0.7703618,1.055583,0,0,0,1,0.05,0.05,0.05
-8587964959723610005
0.5247759,-0.7703618,0.505583,0,0,0,1,0.05,0.05,0.05
0.5633758,-0.7703618,1.055583,0,0,0,1,0.05,0.05,0.05
0.3785758,-0.7703618,0.505583,0,0,0,1,0.05,0.05,0.05
0.5633758,-0.7703618,1.055583,0,0,0,1,0.05,0.05,0.05
0.5633758,-0.7703618,1.055583,0,0,0,1,0.05,0.05,0.05
0.8638542,-0.7703618,0.541898,0,0,0,1,0.05,0.05,0.05
0.5633758,-0.7703618,1.055583,0,0,0,1,0.05,0.05,0.05
0.5633758,-0.7703618,1.055583,0,0,0,1,0.05,0.05,0.05
0.5633758,-0.7703618,1.055583,0,0,0,1,0.05,0.05,0.05
0.2323758,-0.7703618,0.505583,0,0,0,1,0.05,0.05,0.05
0.5633758,-0.7703618,1.055583,0,0,0,1,0.05,0.05,0.05
0.5633758,-0.7703618,1.055583,0,0,0,1,0.05,0.05,0.05
0.5633758,-0.7703618,1.055583,0,0,0,1,0.05,0.05,0.05
0.5633758,-0.7703618,1.055583,0,0,0,1,0.05,0.05,0.05
0.6709759,-0.7703618,0.505583,0,0,0,1,0.05,0.05,0.05
0.5633758,-0.7703618,1.055583,0,0,0,1,0.05,0.05,0.05
0.5633758,-0.7703618,1.055583,0,0,0,1,0.05,0.05,0.05
0.5633758,-0.7703618,1.055583,0,0,0,1,0.05,0.05,0.05
-8587964959723439143
0.5247759,-0.7703618,0.505583,0,0,0,1,0.05,0.05,0.05
0.5633758,-0.7703618,1.055583,0,0,0,1,0.05,0.05,0.05
0.3785758,-0.7703618,0.505583,0,0,0,1,0.05,0.05,0.05
0.5633758,-0.7703618,1.055583,0,0,0,1,0.05,0.05,0.05
0.5633758,-0.7703618,1.055583,0,0,0,1,0.05,0.05,0.05
0.8532732,-0.7703618,0.5495571,0,0,0,1,0.05,0.05,0.05
0.5633758,-0.7703618,1.055583,0,0,0,1,0.05,0.05,0.05
0.5633758,-0.7703618,1.055583,0,0,0,1,0.05,0.05,0.05
0.5633758,-0.7703618,1.055583,0,0,0,1,0.05,0.05,0.05
0.2323758,-0.7703618,0.505583,0,0,0,1,0.05,0.05,0.05
0.5633758,-0.7703618,1.055583,0,0,0,1,0.05,0.05,0.05
0.5633758,-0.7703618,1.055583,0,0,0,1,0.05,0.05,0.05
0.5633758,-0.7703618,1.055583,0,0,0,1,0.05,0.05,0.05
0.5633758,-0.7703618,1.055583,0,0,0,1,0.05,0.05,0.05
0.6709759,-0.7703618,0.505583,0,0,0,1,0.05,0.05,0.05
0.5633758,-0.7703618,1.055583,0,0,0,1,0.05,0.05,0.05
0.5633758,-0.7703618,1.055583,0,0,0,1,0.05,0.05,0.05
0.5633758,-0.7703618,1.055583,0,0,0,1,0.05,0.05,0.05
-8587964959723274287
0.5247759,-0.7703618,0.505583,0,0,0,1,0.05,0.05,0.05
0.5633758,-0.7703618,1.055583,0,0,0,1,0.05,0.05,0.05
0.3785758,-0.7703618,0.505583,0,0,0,1,0.05,0.05,0.05
0.5633758,-0.7703618,1.055583,0,0,0,1,0.05,0.05,0.05
0.5633758,-0.7703618,1.055583,0,0,0,1,0.05,0.05,0.05
0.8427967,-0.7703618,0.5588744,0,0,0,1,0.05,0.05,0.05
0.5633758,-0.7703618,1.055583,0,0,0,1,0.05,0.05,0.05
0.5633758,-0.7703618,1.055583,0,0,0,1,0.05,0.05,0.05
0.5633758,-0.7703618,1.055583,0,0,0,1,0.05,0.05,0.05
0.2323758,-0.7703618,0.505583,0,0,0,1,0.05,0.05,0.05
0.5633758,-0.7703618,1.055583,0,0,0,1,0.05,0.05,0.05
0.5633758,-0.7703618,1.055583,0,0,0,1,0.05,0.05,0.05
0.5633758,-0.7703618,1.055583,0,0,0,1,0.05,0.05,0.05
0.5633758,-0.7703618,1.055583,0,0,0,1,0.05,0.05,0.05
0.6709759,-0.7703618,0.505583,0,0,0,1,0.05,0.05,0.05
0.5633758,-0.7703618,1.055583,0,0,0,1,0.05,0.05,0.05
0.5633758,-0.7703618,1.055583,0,0,0,1,0.05,0.05,0.05
0.5633758,-0.7703618,1.055583,0,0,0,1,0.05,0.05,0.05
-8587964959723111195
0.5247759,-0.7703618,0.505583,0,0,0,1,0.05,0.05,0.05
0.5633758,-0.7703618,1.055583,0,0,0,1,0.05,0.05,0.05
0.3785758,-0.7703618,0.505583,0,0,0,1,0.05,0.05,0.05
0.5633758,-0.7703618,1.055583,0,0,0,1,0.05,0.05,0.05
0.5633758,-0.7703618,1.055583,0,0,0,1,0.05,0.05,0.05
0.8350061,-0.7703618,0.5675302,0,0,0,1,0.05,0.05,0.05
0.5633758,-0.7703618,1.055583,0,0,0,1,0.05,0.05,0.05
0.5633758,-0.7703618,1.055583,0,0,0,1,0.05,0.05,0.05
0.5633758,-0.7703618,1.055583,0,0,0,1,0.05,0.05,0.05
0.2323758,-0.7703618,0.505583,0,0,0,1,0.05,0.05,0.05
0.5633758,-0.7703618,1.055583,0,0,0,1,0.05,0.05,0.05
0.5633758,-0.7703618,1.055583,0,0,0,1,0.05,0.05,0.05
0.5633758,-0.7703618,1.055583,0,0,0,1,0.05,0.05,0.05
0.5633758,-0.7703618,1.055583,0,0,0,1,0.05,0.05,0.05
0.6709759,-0.7703618,0.505583,0,0,0,1,0.05,0.05,0.05
0.5633758,-0.7703618,1.055583,0,0,0,1,0.05,0.05,0.05
0.5633758,-0.7703618,1.055583,0,0,0,1,0.05,0.05,0.05
0.5633758,-0.7703618,1.055583,0,0,0,1,0.05,0.05,0.05
-8587964959722938700
0.5247759,-0.7703618,0.505583,0,0,0,1,0.05,0.05,0.05
0.5633758,-0.7703618,1.055583,0,0,0,1,0.05,0.05,0.05
0.3785758,-0.7703618,0.505583,0,0,0,1,0.05,0.05,0.05
0.5633758,-0.7703618,1.055583,0,0,0,1,0.05,0.05,0.05
0.5633758,-0.7703618,1.055583,0,0,0,1,0.05,0.05,0.05
0.8195959,-0.7703618,0.5795078,0,0,0,1,0.05,0.05,0.05
0.5633758,-0.7703618,1.055583,0,0,0,1,0.05,0.05,0.05
0.5633758,-0.7703618,1.055583,0,0,0,1,0.05,0.05,0.05
0.5633758,-0.7703618,1.055583,0,0,0,1,0.05,0.05,0.05
0.2323758,-0.7703618,0.505583,0,0,0,1,0.05,0.05,0.05
0.5633758,-0.7703618,1.055583,0,0,0,1,0.05,0.05,0.05
0.5633758,-0.7703618,1.055583,0,0,0,1,0.05,0.05,0.05
0.5633758,-0.7703618,1.055583,0,0,0,1,0.05,0.05,0.05
0.5633758,-0.7703618,1.055583,0,0,0,1,0.05,0.05,0.05
0.6709759,-0.7703618,0.505583,0,0,0,1,0.05,0.05,0.05
0.5633758,-0.7703618,1.055583,0,0,0,1,0.05,0.05,0.05
0.5633758,-0.7703618,1.055583,0,0,0,1,0.05,0.05,0.05
0.5633758,-0.7703618,1.055583,0,0,0,1,0.05,0.05,0.05
-8587964959722778146
0.5247759,-0.7703618,0.505583,0,0,0,1,0.05,0.05,0.05
0.5633758,-0.7703618,1.055583,0,0,0,1,0.05,0.05,0.05
0.3785758,-0.7703618,0.505583,0,0,0,1,0.05,0.05,0.05
0.5633758,-0.7703618,1.055583,0,0,0,1,0.05,0.05,0.05
0.5633758,-0.7703618,1.055583,0,0,0,1,0.05,0.05,0.05
0.8069243,-0.7703618,0.5924816,0,0,0,1,0.05,0.05,0.05
0.5633758,-0.7703618,1.055583,0,0,0,1,0.05,0.05,0.05
0.5633758,-0.7703618,1.055583,0,0,0,1,0.05,0.05,0.05
0.5633758,-0.7703618,1.055583,0,0,0,1,0.05,0.05,0.05
0.2323758,-0.7703618,0.505583,0,0,0,1,0.05,0.05,0.05
0.5633758,-0.7703618,1.055583,0,0,0,1,0.05,0.05,0.05
0.5633758,-0.7703618,1.055583,0,0,0,1,0.05,0.05,0.05
0.5633758,-0.7703618,1.055583,0,0,0,1,0.05,0.05,0.05
0.5633758,-0.7703618,1.055583,0,0,0,1,0.05,0.05,0.05
0.6709759,-0.7703618,0.505583,0,0,0,1,0.05,0.05,0.05
0.5633758,-0.7703618,1.055583,0,0,0,1,0.05,0.05,0.05
0.5633758,-0.7703618,1.055583,0,0,0,1,0.05,0.05,0.05
0.5633758,-0.7703618,1.055583,0,0,0,1,0.05,0.05,0.05
-8587964959722616914
0.5247759,-0.7703618,0.505583,0,0,0,1,0.05,0.05,0.05
0.5633758,-0.7703618,1.055583,0,0,0,1,0.05,0.05,0.05
0.3785758,-0.7703618,0.505583,0,0,0,1,0.05,0.05,0.05
0.5633758,-0.7703618,1.055583,0,0,0,1,0.05,0.05,0.05
0.5633758,-0.7703618,1.055583,0,0,0,1,0.05,0.05,0.05
0.7894391,-0.7703618,0.6063275,0,0,0,1,0.05,0.05,0.05
0.5633758,-0.7703618,1.055583,0,0,0,1,0.05,0.05,0.05
0.5633758,-0.7703618,1.055583,0,0,0,1,0.05,0.05,0.05
0.5633758,-0.7703618,1.055583,0,0,0,1,0.05,0.05,0.05
0.2323758,-0.7703618,0.505583,0,0,0,1,0.05,0.05,0.05
0.5633758,-0.7703618,1.055583,0,0,0,1,0.05,0.05,0.05
0.5633758,-0.7703618,1.055583,0,0,0,1,0.05,0.05,0.05
0.5633758,-0.7703618,1.055583,0,0,0,1,0.05,0.05,0.05
0.5633758,-0.7703618,1.055583,0,0,0,1,0.05,0.05,0.05
0.6709759,-0.7703618,0.505583,0,0,0,1,0.05,0.05,0.05
0.5633758,-0.7703618,1.055583,0,0,0,1,0.05,0.05,0.05
0.5633758,-0.7703618,1.055583,0,0,0,1,0.05,0.05,0.05
0.5633758,-0.7703618,1.055583,0,0,0,1,0.05,0.05,0.05
-8587964959722447102
0.5247759,-0.7703618,0.505583,0,0,0,1,0.05,0.05,0.05
0.5633758,-0.7703618,1.055583,0,0,0,1,0.05,0.05,0.05
0.3785758,-0.7703618,0.505583,0,0,0,1,0.05,0.05,0.05
0.5633758,-0.7703618,1.055583,0,0,0,1,0.05,0.05,0.05
0.5633758,-0.7703618,1.055583,0,0,0,1,0.05,0.05,0.05
0.7771276,-0.7703618,0.6155963,0,0,0,1,0.05,0.05,0.05
0.5633758,-0.7703618,1.055583,0,0,0,1,0.05,0.05,0.05
0.5633758,-0.7703618,1.055583,0,0,0,1,0.05,0.05,0.05
0.5633758,-0.7703618,1.055583,0,0,0,1,0.05,0.05,0.05
0.2323758,-0.7703618,0.505583,0,0,0,1,0.05,0.05,0.05
0.5633758,-0.7703618,1.055583,0,0,0,1,0.05,0.05,0.05
0.5633758,-0.7703618,1.055583,0,0,0,1,0.05,0.05,0.05
0.5633758,-0.7703618,1.055583,0,0,0,1,0.05,0.05,0.05
0.5633758,-0.7703618,1.055583,0,0,0,1,0.05,0.05,0.05
0.6709759,-0.7703618,0.505583,0,0,0,1,0.05,0.05,0.05
0.5633758,-0.7703618,1.055583,0,0,0,1,0.05,0.05,0.05
0.5633758,-0.7703618,1.055583,0,0,0,1,0.05,0.05,0.05
0.5633758,-0.7703618,1.055583,0,0,0,1,0.05,0.05,0.05
-8587964959722285703
0.5247759,-0.7703618,0.505583,0,0,0,1,0.05,0.05,0.05
0.5633758,-0.7703618,1.055583,0,0,0,1,0.05,0.05,0.05
0.3785758,-0.7703618,0.505583,0,0,0,1,0.05,0.05,0.05
0.5633758,-0.7703618,1.055583,0,0,0,1,0.05,0.05,0.05
0.5633758,-0.7703618,1.055583,0,0,0,1,0.05,0.05,0.05
0.7746832,-0.7703618,0.6177724,0,0,0,1,0.05,0.05,0.05
0.5633758,-0.7703618,1.055583,0,0,0,1,0.05,0.05,0.05
0.5633758,-0.7703618,1.055583,0,0,0,1,0.05,0.05,0.05
0.5633758,-0.7703618,1.055583,0,0,0,1,0.05,0.05,0.05
0.2323758,-0.7703618,0.505583,0,0,0,1,0.05,0.05,0.05
0.5633758,-0.7703618,1.055583,0,0,0,1,0.05,0.05,0.05
0.5633758,-0.7703618,1.055583,0,0,0,1,0.05,0.05,0.05
0.5633758,-0.7703618,1.055583,0,0,0,1,0.05,0.05,0.05
0.5633758,-0.7703618,1.055583,0,0,0,1,0.05,0.05,0.05
0.6709759,-0.7703618,0.505583,0,0,0,1,0.05,0.05,0.05
0.5633758,-0.7703618,1.055583,0,0,0,1,0.05,0.05,0.05
0.5633758,-0.7703618,1.055583,0,0,0,1,0.05,0.05,0.05
0.5633758,-0.7703618,1.055583,0,0,0,1,0.05,0.05,0.05
-8587964959722115578
-8587964959721945359
-8587964959721784974
-8587964959721618157
0.5247759,-0.7703618,0.505583,0,0,0,1,0.05,0.05,0.05
0.5633758,-0.7703618,1.055583,0,0,0,1,0.05,0.05,0.05
0.3785758,-0.7703618,0.505583,0,0,0,1,0.05,0.05,0.05
0.5633758,-0.7703618,1.055583,0,0,0,1,0.05,0.05,0.05
0.5633758,-0.7703618,1.055583,0,0,0,1,0.05,0.05,0.05
0.7746831,-0.7703618,0.6160943,0,0,0,1,0.05,0.05,0.05
0.5633758,-0.7703618,1.055583,0,0,0,1,0.05,0.05,0.05
0.5633758,-0.7703618,1.055583,0,0,0,1,0.05,0.05,0.05
0.5633758,-0.7703618,1.055583,0,0,0,1,0.05,0.05,0.05
0.2323758,-0.7703618,0.505583,0,0,0,1,0.05,0.05,0.05
0.5633758,-0.7703618,1.055583,0,0,0,1,0.05,0.05,0.05
0.5633758,-0.7703618,1.055583,0,0,0,1,0.05,0.05,0.05
0.5633758,-0.7703618,1.055583,0,0,0,1,0.05,0.05,0.05
0.5633758,-0.7703618,1.055583,0,0,0,1,0.05,0.05,0.05
0.6709759,-0.7703618,0.505583,0,0,0,1,0.05,0.05,0.05
0.5633758,-0.7703618,1.055583,0,0,0,1,0.05,0.05,0.05
0.5633758,-0.7703618,1.055583,0,0,0,1,0.05,0.05,0.05
0.5633758,-0.7703618,1.055583,0,0,0,1,0.05,0.05,0.05
-8587964959721458264
0.5247759,-0.7703618,0.505583,0,0,0,1,0.05,0.05,0.05
0.5633758,-0.7703618,1.055583,0,0,0,1,0.05,0.05,0.05
0.3785758,-0.7703618,0.505583,0,0,0,1,0.05,0.05,0.05
0.5633758,-0.7703618,1.055583,0,0,0,1,0.05,0.05,0.05
0.5633758,-0.7703618,1.055583,0,0,0,1,0.05,0.05,0.05
0.7746831,-0.7703618,0.6110599,0,0,0,1,0.05,0.05,0.05
0.5633758,-0.7703618,1.055583,0,0,0,1,0.05,0.05,0.05
0.5633758,-0.7703618,1.055583,0,0,0,1,0.05,0.05,0.05
0.5633758,-0.7703618,1.055583,0,0,0,1,0.05,0.05,0.05
0.2323758,-0.7703618,0.505583,0,0,0,1,0.05,0.05,0.05
0.5633758,-0.7703618,1.055583,0,0,0,1,0.05,0.05,0.05
0.5633758,-0.7703618,1.055583,0,0,0,1,0.05,0.05,0.05
0.5633758,-0.7703618,1.055583,0,0,0,1,0.05,0.05,0.05
0.5633758,-0.7703618,1.055583,0,0,0,1,0.05,0.05,0.05
0.6709759,-0.7703618,0.505583,0,0,0,1,0.05,0.05,0.05
0.5633758,-0.7703618,1.055583,0,0,0,1,0.05,0.05,0.05
0.5633758,-0.7703618,1.055583,0,0,0,1,0.05,0.05,0.05
0.5633758,-0.7703618,1.055583,0,0,0,1,0.05,0.05,0.05
-8587964959721280924
0.5247759,-0.7703618,0.505583,0,0,0,1,0.05,0.05,0.05
0.5633758,-0.7703618,1.055583,0,0,0,1,0.05,0.05,0.05
0.3785758,-0.7703618,0.505583,0,0,0,1,0.05,0.05,0.05
0.5633758,-0.7703618,1.055583,0,0,0,1,0.05,0.05,0.05
0.5633758,-0.7703618,1.055583,0,0,0,1,0.05,0.05,0.05
0.7746832,-0.7703618,0.6009912,0,0,0,1,0.05,0.05,0.05
0.5633758,-0.7703618,1.055583,0,0,0,1,0.05,0.05,0.05
0.5633758,-0.7703618,1.055583,0,0,0,1,0.05,0.05,0.05
0.5633758,-0.7703618,1.055583,0,0,0,1,0.05,0.05,0.05
0.2323758,-0.7703618,0.505583,0,0,0,1,0.05,0.05,0.05
0.5633758,-0.7703618,1.055583,0,0,0,1,0.05,0.05,0.05
0.5633758,-0.7703618,1.055583,0,0,0,1,0.05,0.05,0.05
0.5633758,-0.7703618,1.055583,0,0,0,1,0.05,0.05,0.05
0.5633758,-0.7703618,1.055583,0,0,0,1,0.05,0.05,0.05
0.6709759,-0.7703618,0.505583,0,0,0,1,0.05,0.05,0.05
0.5633758,-0.7703618,1.055583,0,0,0,1,0.05,0.05,0.05
0.5633758,-0.7703618,1.055583,0,0,0,1,0.05,0.05,0.05
0.5633758,-0.7703618,1.055583,0,0,0,1,0.05,0.05,0.05
-8587964959721124971
0.5247759,-0.7703618,0.505583,0,0,0,1,0.05,0.05,0.05
0.5633758,-0.7703618,1.055583,0,0,0,1,0.05,0.05,0.05
0.3785758,-0.7703618,0.505583,0,0,0,1,0.05,0.05,0.05
0.5633758,-0.7703618,1.055583,0,0,0,1,0.05,0.05,0.05
0.5633758,-0.7703618,1.055583,0,0,0,1,0.05,0.05,0.05
0.7746831,-0.7703618,0.5926005,0,0,0,1,0.05,0.05,0.05
0.5633758,-0.7703618,1.055583,0,0,0,1,0.05,0.05,0.05
0.5633758,-0.7703618,1.055583,0,0,0,1,0.05,0.05,0.05
0.5633758,-0.7703618,1.055583,0,0,0,1,0.05,0.05,0.05
0.2323758,-0.7703618,0.505583,0,0,0,1,0.05,0.05,0.05
0.5633758,-0.7703618,1.055583,0,0,0,1,0.05,0.05,0.05
0.5633758,-0.7703618,1.055583,0,0,0,1,0.05,0.05,0.05
0.5633758,-0.7703618,1.055583,0,0,0,1,0.05,0.05,0.05
0.5633758,-0.7703618,1.055583,0,0,0,1,0.05,0.05,0.05
0.6709759,-0.7703618,0.505583,0,0,0,1,0.05,0.05,0.05
0.5633758,-0.7703618,1.055583,0,0,0,1,0.05,0.05,0.05
0.5633758,-0.7703618,1.055583,0,0,0,1,0.05,0.05,0.05
0.5633758,-0.7703618,1.055583,0,0,0,1,0.05,0.05,0.05
-8587964959720953191
0.5247759,-0.7703618,0.505583,0,0,0,1,0.05,0.05,0.05
0.5633758,-0.7703618,1.055583,0,0,0,1,0.05,0.05,0.05
0.3785758,-0.7703618,0.505583,0,0,0,1,0.05,0.05,0.05
0.5633758,-0.7703618,1.055583,0,0,0,1,0.05,0.05,0.05
0.5633758,-0.7703618,1.055583,0,0,0,1,0.05,0.05,0.05
0.7795784,-0.7703618,0.5780903,0,0,0,1,0.05,0.05,0.05
0.5633758,-0.7703618,1.055583,0,0,0,1,0.05,0.05,0.05
0.5633758,-0.7703618,1.055583,0,0,0,1,0.05,0.05,0.05
0.5633758,-0.7703618,1.055583,0,0,0,1,0.05,0.05,0.05
0.2323758,-0.7703618,0.505583,0,0,0,1,0.05,0.05,0.05
0.5633758,-0.7703618,1.055583,0,0,0,1,0.05,0.05,0.05
0.5633758,-0.7703618,1.055583,0,0,0,1,0.05,0.05,0.05
0.5633758,-0.7703618,1.055583,0,0,0,1,0.05,0.05,0.05
0.5633758,-0.7703618,1.055583,0,0,0,1,0.05,0.05,0.05
0.6709759,-0.7703618,0.505583,0,0,0,1,0.05,0.05,0.05
0.5633758,-0.7703618,1.055583,0,0,0,1,0.05,0.05,0.05
0.5633758,-0.7703618,1.055583,0,0,0,1,0.05,0.05,0.05
0.5633758,-0.7703618,1.055583,0,0,0,1,0.05,0.05,0.05
-8587964959720796218
0.5247759,-0.7703618,0.505583,0,0,0,1,0.05,0.05,0.05
0.5633758,-0.7703618,1.055583,0,0,0,1,0.05,0.05,0.05
0.3785758,-0.7703618,0.505583,0,0,0,1,0.05,0.05,0.05
0.5633758,-0.7703618,1.055583,0,0,0,1,0.05,0.05,0.05
0.5633758,-0.7703618,1.055583,0,0,0,1,0.05,0.05,0.05
0.7869651,-0.7703618,0.5663239,0,0,0,1,0.05,0.05,0.05
0.5633758,-0.7703618,1.055583,0,0,0,1,0.05,0.05,0.05
0.5633758,-0.7703618,1.055583,0,0,0,1,0.05,0.05,0.05
0.5633758,-0.7703618,1.055583,0,0,0,1,0.05,0.05,0.05
0.2323758,-0.7703618,0.505583,0,0,0,1,0.05,0.05,0.05
0.5633758,-0.7703618,1.055583,0,0,0,1,0.05,0.05,0.05
0.5633758,-0.7703618,1.055583,0,0,0,1,0.05,0.05,0.05
0.5633758,-0.7703618,1.055583,0,0,0,1,0.05,0.05,0.05
0.5633758,-0.7703618,1.055583,0,0,0,1,0.05,0.05,0.05
0.6709759,-0.7703618,0.505583,0,0,0,1,0.05,0.05,0.05
0.5633758,-0.7703618,1.055583,0,0,0,1,0.05,0.05,0.05
0.5633758,-0.7703618,1.055583,0,0,0,1,0.05,0.05,0.05
0.5633758,-0.7703618,1.055583,0,0,0,1,0.05,0.05,0.05
-8587964959720624972
0.5247759,-0.7703618,0.505583,0,0,0,1,0.05,0.05,0.05
0.5633758,-0.7703618,1.055583,0,0,0,1,0.05,0.05,0.05
0.3785758,-0.7703618,0.505583,0,0,0,1,0.05,0.05,0.05
0.5633758,-0.7703618,1.055583,0,0,0,1,0.05,0.05,0.05
0.5633758,-0.7703618,1.055583,0,0,0,1,0.05,0.05,0.05
0.7944047,-0.7703618,0.5527786,0,0,0,1,0.05,0.05,0.05
0.5633758,-0.7703618,1.055583,0,0,0,1,0.05,0.05,0.05
0.5633758,-0.7703618,1.055583,0,0,0,1,0.05,0.05,0.05
0.5633758,-0.7703618,1.055583,0,0,0,1,0.05,0.05,0.05
0.2323758,-0.7703618,0.505583,0,0,0,1,0.05,0.05,0.05
0.5633758,-0.7703618,1.055583,0,0,0,1,0.05,0.05,0.05
0.5633758,-0.7703618,1.055583,0,0,0,1,0.05,0.05,0.05
0.5633758,-0.7703618,1.055583,0,0,0,1,0.05,0.05,0.05
0.5633758,-0.7703618,1.055583,0,0,0,1,0.05,0.05,0.05
0.6709759,-0.7703618,0.505583,0,0,0,1,0.05,0.05,0.05
0.5633758,-0.7703618,1.055583,0,0,0,1,0.05,0.05,0.05
0.5633758,-0.7703618,1.055583,0,0,0,1,0.05,0.05,0.05
0.5633758,-0.7703618,1.055583,0,0,0,1,0.05,0.05,0.05
-8587964959720463208
0.5247759,-0.7703618,0.505583,0,0,0,1,0.05,0.05,0.05
0.5633758,-0.7703618,1.055583,0,0,0,1,0.05,0.05,0.05
0.3785758,-0.7703618,0.505583,0,0,0,1,0.05,0.05,0.05
0.5633758,-0.7703618,1.055583,0,0,0,1,0.05,0.05,0.05
0.5633758,-0.7703618,1.055583,0,0,0,1,0.05,0.05,0.05
0.8018984,-0.7703618,0.5425361,0,0,0,1,0.05,0.05,0.05
0.5633758,-0.7703618,1.055583,0,0,0,1,0.05,0.05,0.05
0.5633758,-0.7703618,1.055583,0,0,0,1,0.05,0.05,0.05
0.5633758,-0.7703618,1.055583,0,0,0,1,0.05,0.05,0.05
0.2323758,-0.7703618,0.505583,0,0,0,1,0.05,0.05,0.05
0.5633758,-0.7703618,1.055583,0,0,0,1,0.05,0.05,0.05
0.5633758,-0.7703618,1.055583,0,0,0,1,0.05,0.05,0.05
0.5633758,-0.7703618,1.055583,0,0,0,1,0.05,0.05,0.05
0.5633758,-0.7703618,1.055583,0,0,0,1,0.05,0.05,0.05
0.6709759,-0.7703618,0.505583,0,0,0,1,0.05,0.05,0.05
0.5633758,-0.7703618,1.055583,0,0,0,1,0.05,0.05,0.05
0.5633758,-0.7703618,1.055583,0,0,0,1,0.05,0.05,0.05
0.5633758,-0.7703618,1.055583,0,0,0,1,0.05,0.05,0.05
-8587964959720293218
0.5247759,-0.7703618,0.505583,0,0,0,1,0.05,0.05,0.05
0.5633758,-0.7703618,1.055583,0,0,0,1,0.05,0.05,0.05
0.3785758,-0.7703618,0.505583,0,0,0,1,0.05,0.05,0.05
0.5633758,-0.7703618,1.055583,0,0,0,1,0.05,0.05,0.05
0.5633758,-0.7703618,1.055583,0,0,0,1,0.05,0.05,0.05
0.8044084,-0.7703618,0.538538,0,0,0,1,0.05,0.05,0.05
0.5633758,-0.7703618,1.055583,0,0,0,1,0.05,0.05,0.05
0.5633758,-0.7703618,1.055583,0,0,0,1,0.05,0.05,0.05
0.5633758,-0.7703618,1.055583,0,0,0,1,0.05,0.05,0.05
0.2323758,-0.7703618,0.505583,0,0,0,1,0.05,0.05,0.05
0.5633758,-0.7703618,1.055583,0,0,0,1,0.05,0.05,0.05
0.5633758,-0.7703618,1.055583,0,0,0,1,0.05,0.05,0.05
0.5633758,-0.7703618,1.055583,0,0,0,1,0.05,0.05,0.05
0.5633758,-0.7703618,1.055583,0,0,0,1,0.05,0.05,0.05
0.6709759,-0.7703618,0.505583,0,0,0,1,0.05,0.05,0.05
0.5633758,-0.7703618,1.055583,0,0,0,1,0.05,0.05,0.05
0.5633758,-0.7703618,1.055583,0,0,0,1,0.05,0.05,0.05
0.5633758,-0.7703618,1.055583,0,0,0,1,0.05,0.05,0.05
-8587964959720126395
-8587964959719965845
-8587964959719800700
-8587964959719636986
-8587964959719467032
-8587964959719297196
-8587964959719137189
-8587964959718967441
-8587964959718807198
-8587964959718633314
-8587964959718476567
-8587964959718302714
-8587964959718143069
-8587964959717972717
-8587964959717814427
-8587964959717650185
-8587964959717476207
-8587964959717316922
-8587964959717153848
-8587964959716988739
-8587964959716816008
-8587964959716653239
-8587964959716488834
-8587964959716317489
-8587964959716157711
-8587964959715981910
-8587964959715821797
-8587964959715657978
-8587964959715491613
-8587964959715321210
-8587964959715154972
-8587964959714990950
-8587964959714819119
-8587964959714657648
-8587964959714495036
-8587964959714324605
-8587964959714162425
-8587964959714003806
-8587964959713835739
-8587964959713663721
-8587964959713503212
-8587964959713337579
-8587964959713172530
-8587964959713003591
-8587964959712833583
-8587964959712673576
-8587964959712513475
-8587964959712343298
-8587964959712183249
-8587964959712013534
-8587964959711837042
-8587964959711681357
-8587964959711514142
-8587964959711353984
-8587964959711190798
-8587964959711019887
-8587964959710849375
-8587964959710682142
-8587964959710523393
-8587964959710352567
-8587964959710194468
-8587964959710023470
-8587964959709852894
-8587964959709695918
-8587964959709525916
-8587964959709364904
-8587964959709192662
-8587964959709021839
-8587964959708860108
-8587964959708703600
-8587964959708529483
-8587964959708363400
-8587964959708203248
-8587964959708034387
-8587964959707863316
-8587964959707706458
-8587964959707533781
-8587964959707377774
-8587964959707207733
-8587964959707047559
-8587964959706875366
-8587964959706713376
-8587964959706544412
-8587964959706374362
-8587964959706213914
-8587964959706043650
-8587964959705883636
-8587964959705713629
-8587964959705553621
-8587964959705383318
-8587964959705213648
-8587964959705050764
-8587964959704880171
-8587964959704726216
-8587964959704556005
-8587964959704388621
-8587964959704228505
-8587964959704054446
-8587964959703893002
-8587964959703722369
-8587964959703560660
-8587964959703399243
-8587964959703233180
-8587964959703063710
-8587964959702893714
-8587964959702733649
-8587964959702566370
-8587964959702398427
-8587964959702238882
-8587964959702073559
-8587964959701903554
-8587964959701732637
-8587964959701571737
-8587964959701409819
-8587964959701237151
-8587964959701076562
-8587964959700918347
-8587964959700745849
-8587964959700586029
-8587964959700414412
-8587964959700253065
-8587964959700082182
-8587964959699922845
-8587964959699756109
-8587964959699580133
-8587964959699419697
-8587964959699259844
-8587964959699090120
-8587964959698930116
-8587964959698749784
-8587964959698587389
-8587964959698425538
-8587964959698267894
-8587964959698094729
-8587964959697931953
-8587964959697763407
-8587964959697600323
-8587964959697428263
-8587964959697271129
-8587964959697101647
-8587964959696940731
-8587964959696773811
-8587964959696606221
-8587964959696434469
-8587964959696270157
-8587964959696108972
-8587964959695946061
-8587964959695778012
-8587964959695611829
-8587964959695444930
-8587964959695275170
-8587964959695109002
-8587964959694944334
-8587964959694775416
-8587964959694617021
-8587964959694457837
-8587964959694284645
-8587964959694115404
-8587964959693951593
-8587964959693787191
-8587964959693620159
-8587964959693460152
-8587964959693290712
-8587964959693121271
-8587964959692965200
-8587964959692784938
-8587964959692635155
-8587964959692465150
-8587964959692295142
-8587964959692134664
-8587964959691960325
-8587964959691799744
-8587964959691633189
-8587964959691471462
-8587964959691305109
-8587964959691142068
-8587964959690971713
-8587964959690804235
-8587964959690631341
-8587964959690473834
-8587964959690314472
-8587964959690139713
-8587964959689981641
-8587964959689815204
-8587964959689649875
-8587964959689478693
-8587964959689308688
-8587964959689148448
-8587964959688988438
-8587964959688824588
-8587964959688653352
-8587964959688493339
-8587964959688313665
-8587964959688153362
-8587964959687990475
-8587964959687828925
-8587964959687655018
-8587964959687486610
-8587964959687326817
-8587964959687166037
-8587964959686996288
-8587964959686830582
-8587964959686663964
-8587964959686502888
-8587964959686332084
-8587964959686169006
-8587964959685999014
-8587964959685838988
-8587964959685672120
-8587964959685511744
-8587964959685346041
-8587964959685169682
-8587964959685010188
-8587964959684839377
-8587964959684679844
-8587964959684518406
-8587964959684351238
-8587964959684180056
-8587964959684018543
-8587964959683852347
-8587964959683682237
-8587964959683521074
-8587964959683354676
-8587964959683184200
-8587964959683023985
-8587964959682851973
-8587964959682691863
-8587964959682521656
-8587964959682350784
-8587964959682191007
-8587964959682031211
-8587964959681861076
-8587964959681699004
-8587964959681530807
-8587964959681370290
-8587964959681199890
-8587964959681035916
-8587964959680869310
-8587964959680707371
-8587964959680536258
-8587964959680364442
-8587964959680204423
-8587964959680044458
-8587964959679864187
-8587964959679707416
-8587964959679540644
-8587964959679376278
-8587964959679209871
-8587964959679040153
-8587964959678879898
-8587964959678710141
-8587964959678544640
-8587964959678384630
-8587964959678215986
-8587964959678043841
-8587964959677883743
-8587964959677718088
-8587964959677552762
-8587964959677385290
-8587964959677225265
-8587964959677054677
-8587964959676884666
-8587964959676729326
-8587964959676554066
-8587964959676397587
-8587964959676235301
-8587964959676060140
-8587964959675889556
-8587964959675729552
-8587964959675569535
-8587964959675399491
-8587964959675229511
-8587964959675065075
-8587964959674903728
-8587964959674733717
-8587964959674572544
-8587964959674410811
-8587964959674240555
-8587964959674078812
-8587964959673913106
-8587964959673744094
-8587964959673573066
-8587964959673414556
-8587964959673239531
-8587964959673083717
-8587964959672914672
-8587964959672750822
-8587964959672578137
-8587964959672417145
-8587964959672257141
-8587964959672086596
-8587964959671917135
-8587964959671752557
-8587964959671579292
-8587964959671429298
-8587964959671262695
-8587964959671098984
-8587964959670922951
-8587964959670760420
-8587964959670590738
-8587964959670424627
-8587964959670263663
-8587964959670093091
-8587964959669932489
-8587964959669767420
-8587964959669603754
-8587964959669432357
-8587964959669275345
-8587964959669106786
-8587964959668936467
-8587964959668776719
-8587964959668606234
-8587964959668446348
-8587964959668274740
-8587964959668109626
-8587964959667939612
-8587964959667774337
-8587964959667609428
-8587964959667449408
-8587964959667282229
-8587964959667109441
-8587964959666951504
-8587964959666782955
-8587964959666616759
-8587964959666448925
-8587964959666293998
-8587964959666125270
-8587964959665954048
-8587964959665792402
-8587964959665632042
-8587964959665464681
-8587964959665296711
-8587964959665126721
-8587964959664966702
-8587964959664796223
-8587964959664632763
-8587964959664462057
-8587964959664300834
-8587964959664136631
-8587964959663974685
-8587964959663804041
-8587964959663631696
-8587964959663471336
-8587964959663310795
-8587964959663140162
-8587964959662972964
-8587964959662804765
-8587964959662645391
-8587964959662482945
-8587964959662315101
-8587964959662144789
-8587964959661978627
-8587964959661808631
-8587964959661648624
-8587964959661488094
-8587964959661318379
-8587964959661157306
-8587964959660993148
-8587964959660823747
-8587964959660647494
-8587964959660487173
-8587964959660329925
-8587964959660157571
-8587964959659997422
-8587964959659829983
-8587964959659664500
