-8587877596101071824
Blob25:0.671464,2.450749,-13.65474,0,0,0,1,1,1,1
Blob73:-0.4459158,1.152981,-10.33531,0,0,0,1,1,1,1
Blob78:-1.450703,3.115783,-12.40996,0,0,0,1,1,1,1
-8587877596098827927
-8587877596098437558
-8587877596098187228
-8587877596097937075
-8587877596097686730
-8587877596097516572
-8587877596097256435
-8587877596097016179
-8587877596096835819
-8587877596096569223
-8587877596096308968
-8587877596096058718
-8587877596095878253
-8587877596095617389
-8587877596095357104
-8587877596095186871
-8587877596094926737
-8587877596094666436
-8587877596094500835
-8587877596094219998
-8587877596093979772
-8587877596093799430
-8587877596093544439
-8587877596093294201
-8587877596093033906
-8587877596092863717
-8587877596092613321
-8587877596092353068
-8587877596092192789
-8587877596091936057
-8587877596091685766
-8587877596091515541
-8587877596091265130
-8587877596091025055
-8587877596090853876
-8587877596090614669
-8587877596090368968
-8587877596090208735
-8587877596089928453
-8587877596089578117
-8587877596089287841
-8587877596089023270
-8587877596088854328
-8587877596088604037
-8587877596088373952
-8587877596088203607
-8587877596087953357
-8587877596087703129
-8587877596087542668
-8587877596087302533
-8587877596087052295
-8587877596086892019
-8587877596086561825
-8587877596086271546
-8587877596085941227
-8587877596085670970
-8587877596085500763
-8587877596085240526
-8587877596084990801
-8587877596084820423
-8587877596084530234
-8587877596084149874
-8587877596083829567
-8587877596083499250
-8587877596083228991
-8587877596082978748
-8587877596082811413
-8587877596082531170
-8587877596082280940
-8587877596082030700
-8587877596081860529
-8587877596081615676
-8587877596081345416
-8587877596081174349
-8587877596080924112
-8587877596080663867
-8587877596080503130
-8587877596080242978
-8587877596079982731
-8587877596079822518
-8587877596079562266
-8587877596079302011
-8587877596079051776
-8587877596078884518
-8587877596078634365
-8587877596078374123
-8587877596078215805
-8587877596077935431
-8587877596077565094
-8587877596077294922
-8587877596077046942
-8587877596076874982
-8587877596076624742
-8587877596076384506
-8587877596076180036
-8587877596075929912
-8587877596075669664
-8587877596075509513
-8587877596075249261
-8587877596074988863
-8587877596074818848
-8587877596074558601
-8587877596074318366
-8587877596074148138
-8587877596073897957
-8587877596073649345
-8587877596073488997
-8587877596073228745
-8587877596072978500
-8587877596072807712
-8587877596072527425
-8587877596072167102
-8587877596071876824
-8587877596071596563
-8587877596071356330
-8587877596071188580
-8587877596070948353
-8587877596070688100
-8587877596070527199
-8587877596070276962
-8587877596070036706
-8587877596069876808
-8587877596069603256
-8587877596069363003
-8587877596069202680
-8587877596068950446
-8587877596068700198
-8587877596068529915
-8587877596068283266
-8587877596068043005
-8587877596067868147
-8587877596067628098
-8587877596067367690
-8587877596067201464
-8587877596066951231
-8587877596066690982
-8587877596066530467
-8587877596066250203
-8587877596065858375
-8587877596065579325
-8587877596065339133
-8587877596065168775
-8587877596064928539
-8587877596064678299
-8587877596064508202
-8587877596064257906
-8587877596064007720
-8587877596063847558
-8587877596063597329
-8587877596063317062
-8587877596063176928
-8587877596062936687
-8587877596062686457
-8587877596062526176
-8587877596062275928
-8587877596062025688
-8587877596061862772
-8587877596061622536
-8587877596061372253
-8587877596061207704
-8587877596060947457
-8587877596060697216
-8587877596060527048
-8587877596060276811
-8587877596060016561
-8587877596059856330
-8587877596059606083
-8587877596059365850
-8587877596059192911
-8587877596058942669
-8587877596058692426
-8587877596058533140
-8587877596058282916
-8587877596058032622
-8587877596057862420
-8587877596057602176
-8587877596057361940
-8587877596057164247
-8587877596056833912
-8587877596056403476
-8587877596056163276
-8587877596055913033
-8587877596055662804
-8587877596055492487
-8587877596055252261
-8587877596055002021
-8587877596054831912
-8587877596054591589
-8587877596054351456
-8587877596054186185
-8587877596053943543
-8587877596053693364
-8587877596053528503
-8587877596053288372
-8587877596053038025
-8587877596052871215
-8587877596052620960
-8587877596052370691
-8587877596052200513
-8587877596051950393
-8587877596051690041
-8587877596051529908
-8587877596051279624
-8587877596051039458
-8587877596050840213
-8587877596050589975
-8587877596050339738
-8587877596050180020
-8587877596049929785
-8587877596049689554
-8587877596049519027
-8587877596049268895
-8587877596049018650
-8587877596048848335
-8587877596048608115
-8587877596048350664
-8587877596048186388
-8587877596047936156
-8587877596047685916
-8587877596047517268
-8587877596047269463
-8587877596047029365
-8587877596046858908
-8587877596046608665
-8587877596046354961
-8587877596046190745
-8587877596045940518
-8587877596045690272
-8587877596045520081
-8587877596045219775
-8587877596044839423
-8587877596044569169
-8587877596044278883
-8587877596044038655
-8587877596043877728
-8587877596043627485
-8587877596043367238
-8587877596043196944
-8587877596042956829
-8587877596042696580
-8587877596042536400
-8587877596042286165
-8587877596042035910
-8587877596041866694
-8587877596041626474
-8587877596041366106
-8587877596041206060
-8587877596040955715
-8587877596040705595
-8587877596040535424
-8587877596040295202
-8587877596040034809
-8587877596039876867
-8587877596039626614
-8587877596039376379
-8587877596039215905
-8587877596038965530
-8587877596038725443
-8587877596038555297
-8587877596038275144
-8587877596038034752
-8587877596037866521
-8587877596037616281
-8587877596037365934
-8587877596037195676
-8587877596036945433
-8587877596036701004
-8587877596036530636
-8587877596036283614
-8587877596036033223
-8587877596035869385
-8587877596035619153
-8587877596035358896
-8587877596035198629
-8587877596034948389
-8587877596034688150
-8587877596034530597
-8587877596034280365
-8587877596034034700
-8587877596033870010
-8587877596033619777
-8587877596033359517
-8587877596033199338
-8587877596032884317
-8587877596032544067
-8587877596032243869
-8587877596031983630
-8587877596031782419
-8587877596031532130
-8587877596031281887
-8587877596031022933
-8587877596030856336
-8587877596030616098
-8587877596030365868
-8587877596030197873
-8587877596029957645
-8587877596029697395
-8587877596029529521
-8587877596029279281
-8587877596029019031
-8587877596028858875
-8587877596028608635
-8587877596028368392
-8587877596028198909
-8587877596027948667
-8587877596027694812
-8587877596027533442
-8587877596027283205
-8587877596027032965
-8587877596026872844
-8587877596026616156
-8587877596026365910
-8587877596026195291
-8587877596025815026
-8587877596025534637
-8587877596025284520
-8587877596025043949
-8587877596024873781
-8587877596024624816
-8587877596024354600
-8587877596024187212
-8587877596023946979
-8587877596023696741
-8587877596023526009
-8587877596023285771
-8587877596023026264
-8587877596022861835
-8587877596022601596
-8587877596022361360
-8587877596022191077
-8587877596021950790
-8587877596021700606
-8587877596021530302
-8587877596021290169
-8587877596021049938
-8587877596020889744
-8587877596020589292
-8587877596020264095
-8587877596020013850
-8587877596019848492
-8587877596019598247
-8587877596019337999
-8587877596019141942
-8587877596018871580
-8587877596018491307
-8587877596018201039
-8587877596017950809
-8587877596017720573
-8587877596017550425
-8587877596017310192
-8587877596017140029
-8587877596016899799
-8587877596016659568
-8587877596016490931
-8587877596016240775
-8587877596015995844
-8587877596015825446
-8587877596015585220
-8587877596015344987
-8587877596015184450
-8587877596014944196
-8587877596014703971
-8587877596014533470
-8587877596014293239
-8587877596014053009
-8587877596013892356
-8587877596013640106
-8587877596013477825
-8587877596013237584
-8587877596012997262
-8587877596012826656
-8587877596012594141
-8587877596012358590
-8587877596012198106
-8587877596011927950
-8587877596011587633
-8587877596011347405
-8587877596011188555
-8587877596010948258
-8587877596010708073
-8587877596010537278
-8587877596010296845
-8587877596010066939
-8587877596009899111
-8587877596009658875
-8587877596009488830
-8587877596009218404
-8587877596008878246
-8587877596008607985
-8587877596008343027
-8587877596008182881
