-8587877606859313216
Blob81:-1.678601,2.349178,-12.2462,0,0,0,1,1,1,1
Blob2:-0.3834364,3.511192,-13.64836,0,0,0,1,1,1,1
Blob27:0.7025873,1.091416,-11.71818,0,0,0,1,1,1,1
-8587877606856987913
-8587877606856557483
-8587877606856237145
-8587877606855846765
-8587877606855576508
-8587877606855316146
-8587877606855135784
-8587877606854863671
-8587877606854593273
-8587877606854330996
-8587877606854163129
-8587877606853892868
-8587877606853622611
-8587877606853352352
-8587877606853182186
-8587877606852911929
-8587877606852631660
-8587877606852353529
-8587877606852188642
-8587877606851928392
-8587877606851668142
-8587877606851469302
-8587877606851209058
-8587877606850948805
-8587877606850688556
-8587877606850519678
-8587877606850249275
-8587877606849988905
-8587877606849818939
-8587877606849558692
-8587877606849308434
-8587877606849068216
-8587877606848902942
-8587877606848652725
-8587877606848489262
-8587877606848239027
-8587877606847988789
-8587877606847818247
-8587877606847568819
-8587877606847318578
-8587877606847158420
-8587877606846898086
-8587877606846647940
-8587877606846487845
-8587877606846227596
-8587877606845967881
-8587877606845727794
-8587877606845567251
-8587877606845275145
-8587877606845034920
-8587877606844865069
-8587877606844554748
-8587877606844124202
-8587877606843864116
-8587877606843623750
-8587877606843373646
-8587877606843203296
-8587877606842953058
-8587877606842702014
-8587877606842531807
-8587877606842291707
-8587877606842041465
-8587877606841871143
-8587877606841631063
-8587877606841370829
-8587877606841200791
-8587877606840970573
-8587877606840720330
-8587877606840560097
-8587877606840319872
-8587877606840149757
-8587877606839879506
-8587877606839499131
-8587877606839228882
-8587877606838958512
-8587877606838698250
-8587877606838508106
-8587877606838267881
-8587877606838017640
-8587877606837857564
-8587877606837617323
-8587877606837366980
-8587877606837196633
-8587877606836956397
-8587877606836696294
-8587877606836535781
-8587877606836292837
-8587877606836042761
-8587877606835882656
-8587877606835572341
-8587877606835201988
-8587877606834941746
-8587877606834701521
-8587877606834533229
-8587877606834292909
-8587877606834042712
-8587877606833874100
-8587877606833633278
-8587877606833398718
-8587877606833238334
-8587877606832998091
-8587877606832832674
-8587877606832592444
-8587877606832313357
-8587877606832073286
-8587877606831913086
-8587877606831662843
-8587877606831502874
-8587877606831262641
-8587877606831002391
-8587877606830832220
-8587877606830591987
-8587877606830341758
-8587877606830171594
-8587877606829931364
-8587877606829681126
-8587877606829513188
-8587877606829292979
-8587877606829042741
-8587877606828872220
-8587877606828621998
-8587877606828391777
-8587877606828221524
-8587877606827981301
-8587877606827821073
-8587877606827551738
-8587877606827101391
-8587877606826691017
-8587877606826440785
-8587877606826200557
-8587877606825960324
-8587877606825700069
-8587877606825565203
-8587877606825324968
-8587877606825165523
-8587877606824925290
-8587877606824675050
-8587877606824514774
-8587877606824274633
-8587877606824025355
-8587877606823855297
-8587877606823625081
-8587877606823374841
-8587877606823204890
-8587877606822964517
-8587877606822724422
-8587877606822557873
-8587877606822307626
-8587877606822077417
-8587877606821907451
-8587877606821667129
-8587877606821497014
-8587877606821257365
-8587877606821007102
-8587877606820846797
-8587877606820606559
-8587877606820346312
-8587877606820186135
-8587877606819916480
-8587877606819666143
-8587877606819496079
-8587877606819245831
-8587877606819005609
-8587877606818835443
-8587877606818595215
-8587877606818338321
-8587877606818176138
-8587877606817935912
-8587877606817685662
-8587877606817525406
-8587877606817285181
-8587877606817044943
-8587877606816874846
-8587877606816634626
-8587877606816404407
-8587877606816234252
-8587877606815994016
-8587877606815828950
-8587877606815588725
-8587877606815348399
-8587877606815177798
-8587877606814857581
-8587877606814557303
-8587877606814317072
-8587877606814144915
-8587877606813904685
-8587877606813630045
-8587877606813399678
-8587877606813233468
-8587877606813003244
-8587877606812832794
-8587877606812584264
-8587877606812336874
-8587877606812176758
-8587877606811917709
-8587877606811677438
-8587877606811517640
-8587877606811277404
-8587877606811037171
-8587877606810873593
-8587877606810633362
-8587877606810393134
-8587877606810232909
-8587877606809992681
-8587877606809821698
-8587877606809541430
-8587877606809141038
-8587877606808840750
-8587877606808540464
-8587877606808270100
-8587877606808029818
-8587877606807859811
-8587877606807609587
-8587877606807329313
-8587877606807189176
-8587877606806948948
-8587877606806708722
-8587877606806538516
-8587877606806291511
-8587877606806061795
-8587877606805901710
-8587877606805661477
-8587877606805491222
-8587877606805241105
-8587877606805008526
-8587877606804838427
-8587877606804598204
-8587877606804349887
-8587877606804189259
-8587877606803949034
-8587877606803702910
-8587877606803532898
-8587877606803279233
-8587877606803038956
-8587877606802867434
-8587877606802627203
-8587877606802389331
-8587877606802216720
-8587877606801966472
-8587877606801728523
-8587877606801534536
-8587877606801291643
-8587877606801031204
-8587877606800861061
-8587877606800620780
-8587877606800370688
-8587877606800210619
-8587877606799960376
-8587877606799726152
-8587877606799555602
-8587877606799315359
-8587877606799155228
-8587877606798894983
-8587877606798653798
-8587877606798492828
-8587877606798250839
-8587877606798008506
-8587877606797839925
-8587877606797609791
-8587877606797349544
-8587877606797193420
-8587877606796953289
-8587877606796693040
-8587877606796522882
-8587877606796282651
-8587877606796032406
-8587877606795872252
-8587877606795622015
-8587877606795361773
-8587877606795221672
-8587877606794981326
-8587877606794821316
-8587877606794571078
-8587877606794330843
-8587877606794162574
-8587877606793922451
-8587877606793682220
-8587877606793519699
-8587877606793279476
-8587877606793029226
-8587877606792868335
-8587877606792477968
-8587877606792210658
-8587877606791980442
-8587877606791810010
-8587877606791573983
-8587877606791333753
-8587877606791170156
-8587877606790929923
-8587877606790679683
-8587877606790521124
-8587877606790270881
-8587877606790010629
-8587877606789843051
-8587877606789602829
-8587877606789332562
-8587877606789188454
-8587877606788948201
-8587877606788697915
-8587877606788537938
-8587877606788287700
-8587877606788037450
-8587877606787877301
-8587877606787637068
-8587877606787396843
-8587877606787235752
-8587877606786995524
-8587877606786821711
-8587877606786571468
-8587877606786341081
-8587877606786170966
-8587877606785930846
-8587877606785670596
-8587877606785510138
-8587877606785269905
-8587877606785029510
-8587877606784859352
-8587877606784609107
-8587877606784359031
-8587877606784196670
-8587877606783956435
-8587877606783706034
-8587877606783535742
-8587877606783275488
-8587877606783025247
-8587877606782853100
-8587877606782612883
-8587877606782362630
-8587877606782202837
-8587877606781956918
-8587877606781716675
-8587877606781548027
-8587877606781297790
-8587877606781067571
-8587877606780900938
-8587877606780660716
-8587877606780500475
-8587877606780260239
-8587877606780020009
-8587877606779858194
-8587877606779617966
-8587877606779357711
-8587877606779197686
-8587877606778957453
-8587877606778707218
-8587877606778536947
-8587877606778296721
-8587877606778046476
-8587877606777879574
-8587877606777639344
-8587877606777359846
-8587877606777235604
-8587877606776995373
-8587877606776825031
-8587877606776584798
-8587877606776347342
-8587877606776174007
-8587877606775933877
-8587877606775683399
-8587877606775521929
-8587877606775171478
-8587877606774751182
-8587877606774510954
-8587877606774270724
-8587877606774030503
-8587877606773860338
-8587877606773620097
-8587877606773379861
-8587877606773209701
-8587877606772979485
-8587877606772809329
-8587877606772569078
-8587877606772328868
-8587877606772164652
-8587877606771934436
-8587877606771694201
-8587877606771523973
-8587877606771293842
-8587877606771013581
-8587877606770873485
-8587877606770632049
-8587877606770391818
-8587877606770221791
-8587877606769981568
-8587877606769817702
-8587877606769567560
-8587877606769327324
-8587877606769166958
-8587877606768916718
-8587877606768666478
-8587877606768498598
-8587877606768258365
-8587877606768018032
-8587877606767857909
-8587877606767617663
-8587877606767357429
-8587877606767197150
-8587877606766956925
-8587877606766702832
-8587877606766532651
-8587877606766292277
-8587877606766042119
-8587877606765871433
-8587877606765631331
-8587877606765391077
-8587877606765191113
-8587877606764960895
-8587877606764700794
-8587877606764540064
-8587877606764289821
-8587877606764036990
-8587877606763881860
-8587877606763641624
-8587877606763401396
-8587877606763231143
-8587877606762990908
-8587877606762818684
-8587877606762568436
-8587877606762318216
-8587877606762158050
-8587877606761907807
-8587877606761677599
-8587877606761507428
-8587877606761267200
-8587877606761026972
-8587877606760866832
-8587877606760616594
-8587877606760377096
-8587877606760207319
-8587877606759977206
-8587877606759805821
-8587877606759565550
-8587877606759295444
-8587877606759035105
-8587877606758875197
-8587877606758635061
-8587877606758394841
-8587877606758224460
-8587877606757974220
-8587877606757815551
-8587877606757565406
-8587877606757335183
-8587877606757161525
-8587877606756901286
-8587877606756671075
-8587877606756501050
-8587877606756260825
-8587877606756010587
-8587877606755840242
-8587877606755610021
-8587877606755369699
-8587877606755200790
-8587877606754960554
-8587877606754720321
-8587877606754562269
-8587877606754322039
-8587877606754151965
-8587877606753889862
-8587877606753659772
-8587877606753492514
-8587877606753212468
-8587877606752974457
-8587877606752804138
-8587877606752562412
-8587877606752323633
-8587877606752163172
-8587877606751913045
-8587877606751659433
-8587877606751499182
-8587877606751238933
-8587877606750998710
-8587877606750838551
-8587877606750598326
-8587877606750358093
-8587877606750187925
-8587877606749957709
-8587877606749727488
-8587877606749552622
-8587877606749322388
-8587877606749158118
-8587877606748908254
-8587877606748667699
-8587877606748504581
-8587877606748264330
-8587877606747943994
-8587877606747613716
-8587877606747355827
-8587877606747154938
-8587877606746901260
-8587877606746671034
-8587877606746508651
-8587877606746268428
-8587877606746018300
-8587877606745857668
-8587877606745617435
-8587877606745367195
-8587877606745194720
-8587877606744954487
-8587877606744714257
-8587877606744558171
-8587877606744317915
-8587877606744147462
-8587877606743907229
-8587877606743667045
-8587877606743506246
-8587877606743266018
-8587877606743033793
-8587877606742865552
-8587877606742625324
-8587877606742384999
-8587877606742225017
-8587877606741864553
-8587877606741574288
-8587877606741196974
-8587877606740956746
-8587877606740686490
-8587877606740543240
-8587877606740312878
-8587877606740072630
-8587877606739908851
-8587877606739668623
-8587877606739498457
-8587877606739238208
-8587877606738997980
-8587877606738837824
-8587877606738597601
-8587877606738357376
-8587877606738187002
-8587877606737966768
-8587877606737726553
-8587877606737566376
-8587877606737326143
-8587877606737160939
-8587877606736910512
-8587877606736680294
-8587877606736512101
-8587877606736261838
-8587877606736021713
-8587877606735859422
-8587877606735614094
-8587877606735373958
-8587877606735204973
-8587877606734924612
-8587877606734684386
-8587877606734524051
-8587877606734283821
-8587877606734043582
-8587877606733873435
-8587877606733643221
-8587877606733402991
-8587877606733232928
-8587877606733002702
-8587877606732838687
-8587877606732598449
-8587877606732358227
-8587877606732188076
-8587877606731947851
-8587877606731707615
-8587877606731537076
-8587877606731286836
-8587877606731036595
-8587877606730869369
-8587877606730629223
-8587877606730388995
-8587877606730218511
-8587877606729974436
-8587877606729814193
-8587877606729553943
-8587877606729313712
-8587877606729143885
-8587877606728863613
-8587877606728615895
-8587877606728365660
-8587877606728205493
-8587877606727955253
-8587877606727724948
-8587877606727554872
-8587877606727304629
-8587877606727074413
-8587877606726901813
-8587877606726652116
-8587877606726492031
-8587877606726241796
-8587877606726011527
-8587877606725851081
-8587877606725620860
-8587877606725370618
-8587877606725212540
-8587877606724952288
-8587877606724591845
-8587877606724311668
-8587877606724071330
-8587877606723901139
-8587877606723671033
-8587877606723497634
-8587877606723247392
-8587877606722858287
-8587877606722592884
-8587877606722352758
-8587877606722182508
-8587877606721942280
-8587877606721702142
-8587877606721531904
-8587877606721291661
-8587877606721041552
-8587877606720881249
-8587877606720641019
-8587877606720481042
-8587877606720240809
-8587877606719850335
-8587877606719620203
-8587877606719379981
-8587877606719218578
-8587877606718978301
-8587877606718818032
-8587877606718567772
-8587877606718317509
-8587877606718162129
-8587877606717911887
-8587877606717661647
-8587877606717501386
-8587877606717253780
-8587877606717013537
-8587877606716843389
-8587877606716563120
-8587877606716332896
-8587877606716162733
-8587877606715912480
-8587877606715672265
-8587877606715512199
-8587877606715271950
-8587877606715031738
-8587877606714872308
-8587877606714632170
-8587877606714401949
-8587877606714237723
-8587877606713997492
-8587877606713827337
-8587877606713587116
-8587877606713332378
-8587877606713172202
-8587877606712831760
-8587877606712441508
-8587877606712201275
-8587877606711960968
-8587877606711720807
-8587877606711556844
-8587877606711326628
-8587877606711157223
-8587877606710906993
-8587877606710679434
-8587877606710515628
-8587877606710245381
-8587877606710001098
-8587877606709830922
-8587877606709590093
-8587877606709339919
-8587877606709181061
-8587877606708918699
-8587877606708678584
-8587877606708507893
-8587877606708267663
-8587877606708027338
-8587877606707856880
-8587877606707626664
-8587877606707391971
-8587877606707232058
-8587877606706991738
-8587877606706823782
-8587877606706573501
-8587877606706343674
-8587877606706177107
-8587877606705936877
-8587877606705686642
-8587877606705521484
-8587877606705231034
-8587877606704980950
-8587877606704820781
-8587877606704570571
-8587877606704280288
-8587877606704039896
-8587877606703879748
-8587877606703649529
-8587877606703479235
-8587877606703239002
-8587877606703008779
-8587877606702841473
-8587877606702592341
-8587877606702352211
-8587877606702181546
-8587877606701941318
-8587877606701701077
-8587877606701530348
-8587877606701280215
-8587877606701039900
-8587877606700869294
-8587877606700619167
-8587877606700378796
-8587877606700220178
-8587877606699979927
-8587877606699818591
-8587877606699568358
-8587877606699326735
-8587877606699156772
-8587877606698906596
-8587877606698653693
-8587877606698493025
-8587877606698142686
-8587877606697822376
-8587877606697565933
-8587877606697328749
-8587877606697162296
-8587877606696922065
-8587877606696681830
-8587877606696511717
-8587877606696261477
-8587877606696021252
-8587877606695861081
-8587877606695620860
-8587877606695370607
-8587877606695210426
-8587877606694940151
-8587877606694569803
-8587877606694289535
-8587877606694039305
-8587877606693879151
-8587877606693638910
-8587877606693408687
-8587877606693238536
-8587877606692998298
-8587877606692838152
-8587877606692597922
-8587877606692357689
-8587877606692201032
-8587877606691930914
-8587877606691690532
-8587877606691530340
-8587877606691300122
-8587877606691042952
-8587877606690878787
-8587877606690638546
-8587877606690408254
-8587877606690237796
-8587877606689847539
-8587877606689597297
-8587877606689347056
-8587877606689187266
-8587877606688943859
-8587877606688703580
-8587877606688533214
-8587877606688293004
-8587877606688032750
-8587877606687872496
-8587877606687622361
-8587877606687392135
-8587877606687226577
-8587877606686986347
-8587877606686825725
-8587877606686545422
-8587877606686155076
-8587877606685874810
-8587877606685624562
-8587877606685364328
-8587877606685194026
-8587877606684953888
-8587877606684703640
-8587877606684532246
-8587877606684302030
-8587877606684065130
-8587877606683904569
-8587877606683664341
-8587877606683504372
-8587877606683264147
-8587877606683023806
-8587877606682854309
-8587877606682604053
-8587877606682353731
-8587877606682193675
-8587877606681943437
-8587877606681693197
-8587877606681523034
-8587877606681282801
-8587877606681042565
-8587877606680877379
-8587877606680647273
-8587877606680476667
-8587877606680236442
-8587877606679996211
-8587877606679825531
-8587877606679535252
-8587877606679204912
-8587877606678784524
-8587877606678534287
-8587877606678303966
-8587877606678073835
-8587877606677902387
-8587877606677672120
-8587877606677512094
-8587877606677271843
-8587877606677031597
-8587877606676873016
-8587877606676622791
-8587877606676392670
-8587877606676222978
-8587877606675982757
-8587877606675822906
-8587877606675572758
-8587877606675322515
-8587877606675152032
-8587877606674901766
-8587877606674661577
-8587877606674489448
-8587877606674189044
-8587877606673882100
-8587877606673641865
-8587877606673404942
-8587877606673211019
-8587877606672970745
-8587877606672810538
-8587877606672570394
-8587877606672330164
-8587877606672169775
-8587877606671929539
-8587877606671689309
-8587877606671528930
-8587877606671288817
-8587877606671028421
-8587877606670858248
-8587877606670608064
-8587877606670347748
-8587877606670187758
-8587877606669947525
-8587877606669707297
-8587877606669534305
-8587877606669304176
-8587877606669063949
-8587877606668893501
-8587877606668653271
-8587877606668492953
-8587877606668202603
-8587877606667842293
-8587877606667552051
-8587877606667281883
-8587877606667041656
-8587877606666852121
-8587877606666611770
-8587877606666371476
-8587877606666211875
-8587877606665971762
-8587877606665731406
-8587877606665560273
-8587877606665320037
-8587877606665159715
-8587877606664909469
-8587877606664659229
-8587877606664490630
-8587877606664250402
-8587877606664010177
-8587877606663840170
-8587877606663609954
-8587877606663369719
-8587877606663199087
-8587877606662958828
-8587877606662728728
-8587877606662555270
-8587877606662314558
-8587877606662147989
-8587877606661894823
-8587877606661654585
-8587877606661489969
-8587877606661239762
-8587877606660966986
-8587877606660726759
-8587877606660556577
-8587877606660316350
-8587877606660145439
-8587877606659905203
-8587877606659654968
-8587877606659494817
-8587877606659234560
-8587877606658994168
-8587877606658824171
-8587877606658573921
-8587877606658333693
-8587877606658168732
-8587877606657928496
-8587877606657688271
-8587877606657528140
-8587877606657287915
-8587877606657037680
-8587877606656877488
-8587877606656637250
-8587877606656456964
-8587877606656016567
-8587877606655766330
-8587877606655522636
-8587877606655282259
-8587877606655042182
-8587877606654881243
-8587877606654600979
-8587877606654366621
-8587877606654201747
-8587877606653971521
-8587877606653741410
-8587877606653571114
-8587877606653338336
-8587877606653180734
-8587877606652940437
-8587877606652690269
-8587877606652531370
-8587877606652281160
-8587877606652031030
-8587877606651865629
-8587877606651625406
-8587877606651391598
-8587877606651225301
-8587877606650995090
-8587877606650824466
-8587877606650574221
-8587877606650333990
-8587877606650166735
-8587877606649906483
-8587877606649676255
-8587877606649508695
-8587877606649271890
-8587877606649031757
-8587877606648838364
-8587877606648589824
-8587877606648339745
-8587877606648169574
-8587877606647929343
-8587877606647669094
-8587877606647508940
-8587877606647258698
-8587877606647028492
-8587877606646858672
-8587877606646628446
-8587877606646388218
-8587877606646218139
-8587877606645979990
-8587877606645815502
-8587877606645565285
-8587877606645326150
-8587877606645163944
-8587877606644923688
-8587877606644683595
-8587877606644519901
-8587877606644279681
-8587877606644039446
-8587877606643869346
-8587877606643634748
-8587877606643384362
-8587877606643215412
-8587877606642985038
-8587877606642814859
-8587877606642574628
-8587877606642344403
-8587877606642173604
-8587877606641937536
-8587877606641687299
-8587877606641514143
-8587877606641223836
-8587877606640853502
-8587877606640553224
-8587877606640282970
-8587877606640042744
-8587877606639872660
-8587877606639632427
-8587877606639392197
-8587877606639223142
-8587877606638982904
-8587877606638823244
-8587877606638552988
-8587877606638112680
-8587877606637692118
-8587877606637451893
-8587877606637201686
-8587877606636961576
-8587877606636701155
-8587877606636541178
-8587877606636300855
-8587877606636030683
-8587877606635900563
-8587877606635660330
-8587877606635490167
-8587877606635249937
-8587877606634999697
-8587877606634829303
-8587877606634589096
-8587877606634348980
-8587877606634178290
-8587877606633948082
-8587877606633697839
-8587877606633537161
-8587877606633286923
-8587877606633036545
-8587877606632876524
-8587877606632641829
-8587877606632411626
-8587877606632236903
-8587877606632004463
-8587877606631834386
-8587877606631594161
-8587877606631353931
-8587877606631193168
-8587877606630952940
-8587877606630702700
-8587877606630542085
-8587877606630271829
-8587877606630031596
-8587877606629870955
-8587877606629620879
-8587877606629239306
-8587877606628999006
-8587877606628828610
-8587877606628588370
-8587877606628356656
-8587877606628187865
-8587877606627947514
-8587877606627697489
-8587877606627537448
-8587877606627277201
-8587877606627042121
-8587877606626875289
-8587877606626635071
-8587877606626244709
-8587877606626004474
-8587877606625839569
-8587877606625599338
-8587877606625359110
-8587877606625198862
-8587877606624948622
-8587877606624688457
-8587877606624528311
-8587877606624278063
-8587877606624037846
-8587877606623851342
-8587877606623611065
-8587877606623370871
-8587877606623200648
-8587877606622958362
-8587877606622728392
-8587877606622558175
-8587877606622317950
-8587877606622156335
-8587877606621753777
-8587877606621503396
-8587877606621263179
-8587877606621022935
-8587877606620855573
-8587877606620625342
-8587877606620395118
-8587877606620224609
-8587877606619980611
-8587877606619815629
-8587877606619577756
-8587877606619330061
-8587877606619169687
-8587877606618926876
-8587877606618679408
-8587877606618508052
-8587877606618267824
-8587877606617896854
-8587877606617624284
-8587877606617243916
-8587877606616973493
-8587877606616803593
-8587877606616553361
-8587877606616313125
-8587877606616153456
-8587877606615893214
-8587877606615652983
-8587877606615486985
-8587877606615246757
-8587877606614866385
-8587877606614626152
-8587877606614385926
-8587877606614225304
-8587877606613985074
-8587877606613814908
-8587877606613564655
-8587877606613324337
-8587877606613164271
-8587877606612924040
-8587877606612683815
-8587877606612523503
-8587877606612283262
-8587877606612053039
-8587877606611882968
-8587877606611624804
-8587877606611384576
Blob81:-1.678601,2.349178,-12.2462,0,0,0,1,1,1,1
Blob2:-0.3775574,3.482179,-13.6543,0,0,0,1,1,1,1
Blob27:0.7025873,1.091416,-11.71818,0,0,0,1,1,1,1
-8587877606611222267
-8587877606610992049
Blob81:-1.678601,2.349178,-12.2462,0,0,0,1,1,1,1
Blob2:-0.3723578,3.439977,-13.63155,0,0,0,1,1,1,1
Blob27:0.7025873,1.091416,-11.71818,0,0,0,1,1,1,1
-8587877606610831752
Blob81:-1.678601,2.349178,-12.2462,0,0,0,1,1,1,1
Blob2:-0.3693961,3.412369,-13.61184,0,0,0,1,1,1,1
Blob27:0.7025873,1.091416,-11.71818,0,0,0,1,1,1,1
-8587877606610431332
-8587877606610151186
Blob81:-1.678601,2.349178,-12.2462,0,0,0,1,1,1,1
Blob2:-0.3679187,3.394678,-13.62656,0,0,0,1,1,1,1
Blob27:0.7025873,1.091416,-11.71818,0,0,0,1,1,1,1
-8587877606609900951
Blob81:-1.678601,2.349178,-12.2462,0,0,0,1,1,1,1
Blob2:-0.3638322,3.381897,-13.61205,0,0,0,1,1,1,1
Blob27:0.7025873,1.091416,-11.71818,0,0,0,1,1,1,1
-8587877606609640694
Blob81:-1.678601,2.349178,-12.2462,0,0,0,1,1,1,1
Blob2:-0.3548746,3.379003,-13.61132,0,0,0,1,1,1,1
Blob27:0.7025873,1.091416,-11.71818,0,0,0,1,1,1,1
-8587877606609483085
Blob81:-1.678601,2.349178,-12.2462,0,0,0,1,1,1,1
Blob2:-0.3485851,3.380526,-13.61501,0,0,0,1,1,1,1
Blob27:0.7025873,1.091416,-11.71818,0,0,0,1,1,1,1
-8587877606609072806
-8587877606608842588
Blob81:-1.678601,2.349178,-12.2462,0,0,0,1,1,1,1
Blob2:-0.3463134,3.37221,-13.60761,0,0,0,1,1,1,1
Blob27:0.7025873,1.091416,-11.71818,0,0,0,1,1,1,1
-8587877606608602360
Blob81:-1.678601,2.349178,-12.2462,0,0,0,1,1,1,1
Blob2:-0.3499798,3.365591,-13.60553,0,0,0,1,1,1,1
Blob27:0.7025873,1.091416,-11.71818,0,0,0,1,1,1,1
-8587877606608362127
Blob81:-1.678601,2.349178,-12.2462,0,0,0,1,1,1,1
Blob2:-0.3581533,3.361486,-13.61576,0,0,0,1,1,1,1
Blob27:0.7025873,1.091416,-11.71818,0,0,0,1,1,1,1
-8587877606608198599
-8587877606607968491
Blob81:-1.678601,2.349178,-12.2462,0,0,0,1,1,1,1
Blob2:-0.3695678,3.358505,-13.62201,0,0,0,1,1,1,1
Blob27:0.7025873,1.091416,-11.71818,0,0,0,1,1,1,1
-8587877606607738273
Blob81:-1.678601,2.349178,-12.2462,0,0,0,1,1,1,1
Blob2:-0.3746637,3.353682,-13.62008,0,0,0,1,1,1,1
Blob27:0.7025873,1.091416,-11.71818,0,0,0,1,1,1,1
-8587877606607572203
-8587877606607331970
Blob81:-1.678601,2.349178,-12.2462,0,0,0,1,1,1,1
Blob2:-0.3765616,3.352356,-13.61397,0,0,0,1,1,1,1
Blob27:0.7025873,1.091416,-11.71818,0,0,0,1,1,1,1
-8587877606607167764
-8587877606606927625
Blob81:-1.678601,2.349178,-12.2462,0,0,0,1,1,1,1
Blob2:-0.3758579,3.351026,-13.62301,0,0,0,1,1,1,1
Blob27:0.7025873,1.091416,-11.71818,0,0,0,1,1,1,1
-8587877606606687254
Blob81:-1.678601,2.349178,-12.2462,0,0,0,1,1,1,1
Blob2:-0.3771672,3.341276,-13.6054,0,0,0,1,1,1,1
Blob27:0.7025873,1.091416,-11.71818,0,0,0,1,1,1,1
-8587877606606511922
-8587877606606271717
Blob81:-1.678601,2.349178,-12.2462,0,0,0,1,1,1,1
Blob2:-0.3774856,3.332184,-13.60859,0,0,0,1,1,1,1
Blob27:0.7025873,1.091416,-11.71818,0,0,0,1,1,1,1
-8587877606606031612
Blob81:-1.678601,2.349178,-12.2462,0,0,0,1,1,1,1
Blob2:-0.3770214,3.32077,-13.60061,0,0,0,1,1,1,1
Blob27:0.7025873,1.091416,-11.71818,0,0,0,1,1,1,1
-8587877606605871013
-8587877606605630921
Blob81:-1.678601,2.349178,-12.2462,0,0,0,1,1,1,1
Blob2:-0.3787379,3.311718,-13.5943,0,0,0,1,1,1,1
Blob27:0.7025873,1.091416,-11.71818,0,0,0,1,1,1,1
-8587877606605380676
Blob81:-1.678601,2.349178,-12.2462,0,0,0,1,1,1,1
Blob2:-0.3793362,3.314434,-13.60951,0,0,0,1,1,1,1
Blob27:0.7025873,1.091416,-11.71818,0,0,0,1,1,1,1
-8587877606605218351
-8587877606604897192
Blob81:-1.678601,2.349178,-12.2462,0,0,0,1,1,1,1
Blob2:-0.37632,3.303975,-13.59916,0,0,0,1,1,1,1
Blob27:0.7025873,1.091416,-11.71818,0,0,0,1,1,1,1
-8587877606604556873
Blob81:-1.678601,2.349178,-12.2462,0,0,0,1,1,1,1
Blob2:-0.3775387,3.297914,-13.60292,0,0,0,1,1,1,1
Blob27:0.7025873,1.091416,-11.71818,0,0,0,1,1,1,1
-8587877606604286621
Blob81:-1.678601,2.349178,-12.2462,0,0,0,1,1,1,1
Blob2:-0.3762602,3.288255,-13.60397,0,0,0,1,1,1,1
Blob27:0.7025873,1.091416,-11.71818,0,0,0,1,1,1,1
-8587877606604036381
Blob81:-1.678601,2.349178,-12.2462,0,0,0,1,1,1,1
Blob2:-0.3767158,3.278643,-13.59193,0,0,0,1,1,1,1
Blob27:0.7025873,1.091416,-11.71818,0,0,0,1,1,1,1
-8587877606603875951
-8587877606603605692
Blob81:-1.678601,2.349178,-12.2462,0,0,0,1,1,1,1
Blob2:-0.3800434,3.275643,-13.59103,0,0,0,1,1,1,1
Blob27:0.7025873,1.091416,-11.71818,0,0,0,1,1,1,1
-8587877606603345434
Blob81:-1.678601,2.349178,-12.2462,0,0,0,1,1,1,1
Blob2:-0.3796774,3.269316,-13.58274,0,0,0,1,1,1,1
Blob27:0.7025873,1.091416,-11.71818,0,0,0,1,1,1,1
-8587877606603183701
-8587877606602943466
Blob81:-1.678601,2.349178,-12.2462,0,0,0,1,1,1,1
Blob2:-0.3819133,3.259346,-13.57331,0,0,0,1,1,1,1
Blob27:0.7025873,1.091416,-11.71818,0,0,0,1,1,1,1
-8587877606602703235
Blob81:-1.678601,2.349178,-12.2462,0,0,0,1,1,1,1
Blob2:-0.3855229,3.254633,-13.57809,0,0,0,1,1,1,1
Blob27:0.7025873,1.091416,-11.71818,0,0,0,1,1,1,1
-8587877606602533080
-8587877606602262746
Blob81:-1.678601,2.349178,-12.2462,0,0,0,1,1,1,1
Blob2:-0.3931287,3.249123,-13.57588,0,0,0,1,1,1,1
Blob27:0.7025873,1.091416,-11.71818,0,0,0,1,1,1,1
-8587877606602022590
Blob81:-1.678601,2.349178,-12.2462,0,0,0,1,1,1,1
Blob2:-0.3983908,3.244872,-13.57703,0,0,0,1,1,1,1
Blob27:0.7025873,1.091416,-11.71818,0,0,0,1,1,1,1
-8587877606601862436
-8587877606601612196
Blob81:-1.678601,2.349178,-12.2462,0,0,0,1,1,1,1
Blob2:-0.4051046,3.232108,-13.57314,0,0,0,1,1,1,1
Blob27:0.7025873,1.091416,-11.71818,0,0,0,1,1,1,1
-8587877606601361956
Blob81:-1.678601,2.349178,-12.2462,0,0,0,1,1,1,1
Blob2:-0.4093704,3.225103,-13.57003,0,0,0,1,1,1,1
Blob27:0.7025873,1.091416,-11.71818,0,0,0,1,1,1,1
-8587877606601201803
-8587877606600971571
Blob81:-1.678601,2.349178,-12.2462,0,0,0,1,1,1,1
Blob2:-0.4156114,3.212089,-13.56059,0,0,0,1,1,1,1
Blob27:0.7025873,1.091416,-11.71818,0,0,0,1,1,1,1
-8587877606600731341
Blob81:-1.678601,2.349178,-12.2462,0,0,0,1,1,1,1
Blob2:-0.4251391,3.195708,-13.54974,0,0,0,1,1,1,1
Blob27:0.7025873,1.091416,-11.71818,0,0,0,1,1,1,1
-8587877606600570739
-8587877606600330568
Blob81:-1.678601,2.349178,-12.2462,0,0,0,1,1,1,1
Blob2:-0.4336376,3.186759,-13.55023,0,0,0,1,1,1,1
Blob27:0.7025873,1.091416,-11.71818,0,0,0,1,1,1,1
-8587877606600160791
Blob81:-1.678601,2.349178,-12.2462,0,0,0,1,1,1,1
Blob2:-0.4385216,3.165841,-13.53191,0,0,0,1,1,1,1
Blob27:0.7025873,1.091416,-11.71818,0,0,0,1,1,1,1
-8587877606599910546
-8587877606599520077
Blob81:-1.678601,2.349178,-12.2462,0,0,0,1,1,1,1
Blob2:-0.4457698,3.138923,-13.50852,0,0,0,1,1,1,1
Blob27:0.7025873,1.091416,-11.71818,0,0,0,1,1,1,1
-8587877606599189693
Blob81:-1.678601,2.349178,-12.2462,0,0,0,1,1,1,1
Blob2:-0.4568995,3.112309,-13.4917,0,0,0,1,1,1,1
Blob27:0.7025873,1.091416,-11.71818,0,0,0,1,1,1,1
-8587877606598829419
Blob81:-1.678601,2.349178,-12.2462,0,0,0,1,1,1,1
Blob2:-0.4632663,3.078294,-13.47416,0,0,0,1,1,1,1
Blob27:0.7025873,1.091416,-11.71818,0,0,0,1,1,1,1
-8587877606598579177
Blob81:-1.678601,2.349178,-12.2462,0,0,0,1,1,1,1
Blob2:-0.4693801,3.04247,-13.45736,0,0,0,1,1,1,1
Blob27:0.7025873,1.091416,-11.71818,0,0,0,1,1,1,1
-8587877606598309450
Blob81:-1.678601,2.349178,-12.2462,0,0,0,1,1,1,1
Blob2:-0.4749869,3.008677,-13.44468,0,0,0,1,1,1,1
Blob27:0.7025873,1.091416,-11.71818,0,0,0,1,1,1,1
-8587877606598069247
Blob81:-1.678601,2.349178,-12.2462,0,0,0,1,1,1,1
Blob2:-0.4842743,2.972479,-13.4267,0,0,0,1,1,1,1
Blob27:0.7025873,1.091416,-11.71818,0,0,0,1,1,1,1
-8587877606597909040
-8587877606597668815
Blob81:-1.678601,2.349178,-12.2462,0,0,0,1,1,1,1
Blob2:-0.49292,2.933864,-13.40803,0,0,0,1,1,1,1
Blob27:0.7025873,1.091416,-11.71818,0,0,0,1,1,1,1
-8587877606597501314
-8587877606597261078
Blob81:-1.678601,2.349178,-12.2462,0,0,0,1,1,1,1
Blob2:-0.5032412,2.904562,-13.38897,0,0,0,1,1,1,1
Blob27:0.7025873,1.091416,-11.71818,0,0,0,1,1,1,1
-8587877606597020856
Blob81:-1.678601,2.349178,-12.2462,0,0,0,1,1,1,1
Blob2:-0.5186836,2.869762,-13.34929,0,0,0,1,1,1,1
Blob27:0.7025873,1.091416,-11.71818,0,0,0,1,1,1,1
-8587877606596860236
-8587877606596620000
Blob81:-1.678601,2.349178,-12.2462,0,0,0,1,1,1,1
Blob2:-0.5405227,2.840129,-13.34695,0,0,0,1,1,1,1
Blob27:0.7025873,1.091416,-11.71818,0,0,0,1,1,1,1
-8587877606596369663
Blob81:-1.678601,2.349178,-12.2462,0,0,0,1,1,1,1
Blob2:-0.5620474,2.806575,-13.3406,0,0,0,1,1,1,1
Blob27:0.7025873,1.091416,-11.71818,0,0,0,1,1,1,1
-8587877606596209148
-8587877606595969033
Blob81:-1.678601,2.349178,-12.2462,0,0,0,1,1,1,1
Blob2:-0.5876331,2.780895,-13.33029,0,0,0,1,1,1,1
Blob27:0.7025873,1.091416,-11.71818,0,0,0,1,1,1,1
-8587877606595810080
Blob81:-1.678601,2.349178,-12.2462,0,0,0,1,1,1,1
Blob2:-0.6018425,2.749863,-13.31207,0,0,0,1,1,1,1
Blob27:0.7025873,1.091416,-11.71818,0,0,0,1,1,1,1
-8587877606595569857
-8587877606595326238
Blob81:-1.678601,2.349178,-12.2462,0,0,0,1,1,1,1
Blob2:-0.6308884,2.724845,-13.30569,0,0,0,1,1,1,1
Blob27:0.7025873,1.091416,-11.71818,0,0,0,1,1,1,1
-8587877606595158140
Blob81:-1.678601,2.349178,-12.2462,0,0,0,1,1,1,1
Blob2:-0.6574757,2.702254,-13.29569,0,0,0,1,1,1,1
Blob27:0.7025873,1.091416,-11.71818,0,0,0,1,1,1,1
-8587877606594907898
-8587877606594657652
Blob81:-1.678601,2.349178,-12.2462,0,0,0,1,1,1,1
Blob2:-0.6813675,2.678066,-13.28809,0,0,0,1,1,1,1
Blob27:0.7025873,1.091416,-11.71818,0,0,0,1,1,1,1
-8587877606594489609
Blob81:-1.678601,2.349178,-12.2462,0,0,0,1,1,1,1
Blob2:-0.7116117,2.65234,-13.27112,0,0,0,1,1,1,1
Blob27:0.7025873,1.091416,-11.71818,0,0,0,1,1,1,1
-8587877606594239371
-8587877606594009143
Blob81:-1.678601,2.349178,-12.2462,0,0,0,1,1,1,1
Blob2:-0.7359591,2.621793,-13.24032,0,0,0,1,1,1,1
Blob27:0.7025873,1.091416,-11.71818,0,0,0,1,1,1,1
-8587877606593842484
-8587877606593610535
Blob81:-1.678601,2.349178,-12.2462,0,0,0,1,1,1,1
Blob2:-0.7616331,2.595652,-13.23998,0,0,0,1,1,1,1
Blob27:0.7025873,1.091416,-11.71818,0,0,0,1,1,1,1
-8587877606593360408
Blob81:-1.678601,2.349178,-12.2462,0,0,0,1,1,1,1
Blob2:-0.7819051,2.571548,-13.21333,0,0,0,1,1,1,1
Blob27:0.7025873,1.091416,-11.71818,0,0,0,1,1,1,1
-8587877606593192021
-8587877606592921839
Blob81:-1.678601,2.349178,-12.2462,0,0,0,1,1,1,1
Blob2:-0.8048908,2.544295,-13.19133,0,0,0,1,1,1,1
Blob27:0.7025873,1.091416,-11.71818,0,0,0,1,1,1,1
-8587877606592541492
Blob81:-1.678601,2.349178,-12.2462,0,0,0,1,1,1,1
Blob2:-0.8254277,2.51968,-13.17682,0,0,0,1,1,1,1
Blob27:0.7025873,1.091416,-11.71818,0,0,0,1,1,1,1
-8587877606592261126
Blob81:-1.678601,2.349178,-12.2462,0,0,0,1,1,1,1
Blob2:-0.8394294,2.501899,-13.15598,0,0,0,1,1,1,1
Blob27:0.7025873,1.091416,-11.71818,0,0,0,1,1,1,1
-8587877606591992630
Blob81:-1.678601,2.349178,-12.2462,0,0,0,1,1,1,1
Blob2:-0.8548009,2.481536,-13.14057,0,0,0,1,1,1,1
Blob27:0.7025873,1.091416,-11.71818,0,0,0,1,1,1,1
-8587877606591860941
-8587877606591620721
Blob81:-1.678601,2.349178,-12.2462,0,0,0,1,1,1,1
Blob2:-0.8638328,2.468235,-13.13625,0,0,0,1,1,1,1
Blob27:0.7025873,1.091416,-11.71818,0,0,0,1,1,1,1
-8587877606591390493
Blob81:-1.678601,2.349178,-12.2462,0,0,0,1,1,1,1
Blob2:-0.86585,2.456166,-13.13219,0,0,0,1,1,1,1
Blob27:0.7025873,1.091416,-11.71818,0,0,0,1,1,1,1
-8587877606591223678
-8587877606590973438
Blob81:-1.678601,2.349178,-12.2462,0,0,0,1,1,1,1
Blob2:-0.8663122,2.447437,-13.12428,0,0,0,1,1,1,1
Blob27:0.7025873,1.091416,-11.71818,0,0,0,1,1,1,1
-8587877606590813205
Blob81:-1.678601,2.349178,-12.2462,0,0,0,1,1,1,1
Blob2:-0.8613231,2.446078,-13.13723,0,0,0,1,1,1,1
Blob27:0.7025873,1.091416,-11.71818,0,0,0,1,1,1,1
-8587877606590553034
-8587877606590312804
Blob81:-1.678601,2.349178,-12.2462,0,0,0,1,1,1,1
Blob2:-0.8566099,2.445989,-13.15648,0,0,0,1,1,1,1
Blob27:0.7025873,1.091416,-11.71818,0,0,0,1,1,1,1
-8587877606590152522
Blob81:-1.678601,2.349178,-12.2462,0,0,0,1,1,1,1
Blob2:-0.8581005,2.442336,-13.17434,0,0,0,1,1,1,1
Blob27:0.7025873,1.091416,-11.71818,0,0,0,1,1,1,1
-8587877606589902410
-8587877606589652180
Blob81:-1.678601,2.349178,-12.2462,0,0,0,1,1,1,1
Blob2:-0.8574395,2.437841,-13.19377,0,0,0,1,1,1,1
Blob27:0.7025873,1.091416,-11.71818,0,0,0,1,1,1,1
-8587877606589491906
-8587877606589242985
Blob81:-1.678601,2.349178,-12.2462,0,0,0,1,1,1,1
Blob2:-0.8456793,2.437723,-13.23835,0,0,0,1,1,1,1
Blob27:0.7025873,1.091416,-11.71818,0,0,0,1,1,1,1
-8587877606589002869
Blob81:-1.678601,2.349178,-12.2462,0,0,0,1,1,1,1
Blob2:-0.8379093,2.437971,-13.26612,0,0,0,1,1,1,1
Blob27:0.7025873,1.091416,-11.71818,0,0,0,1,1,1,1
-8587877606588843225
-8587877606588603092
Blob81:-1.678601,2.349178,-12.2462,0,0,0,1,1,1,1
Blob2:-0.8272377,2.445084,-13.31103,0,0,0,1,1,1,1
Blob27:0.7025873,1.091416,-11.71818,0,0,0,1,1,1,1
-8587877606588362864
Blob81:-1.678601,2.349178,-12.2462,0,0,0,1,1,1,1
Blob2:-0.8055939,2.446438,-13.34531,0,0,0,1,1,1,1
Blob27:0.7025873,1.091416,-11.71818,0,0,0,1,1,1,1
-8587877606588192540
-8587877606587932285
Blob81:-1.678601,2.349178,-12.2462,0,0,0,1,1,1,1
Blob2:-0.7807669,2.441807,-13.36862,0,0,0,1,1,1,1
Blob27:0.7025873,1.091416,-11.71818,0,0,0,1,1,1,1
-8587877606587692062
Blob81:-1.678601,2.349178,-12.2462,0,0,0,1,1,1,1
Blob2:-0.7616995,2.446308,-13.40848,0,0,0,1,1,1,1
Blob27:0.7025873,1.091416,-11.71818,0,0,0,1,1,1,1
-8587877606587531811
-8587877606587291578
Blob81:-1.678601,2.349178,-12.2462,0,0,0,1,1,1,1
Blob2:-0.7371623,2.440565,-13.43021,0,0,0,1,1,1,1
Blob27:0.7025873,1.091416,-11.71818,0,0,0,1,1,1,1
-8587877606587051353
Blob81:-1.678601,2.349178,-12.2462,0,0,0,1,1,1,1
Blob2:-0.7173408,2.44221,-13.43888,0,0,0,1,1,1,1
Blob27:0.7025873,1.091416,-11.71818,0,0,0,1,1,1,1
-8587877606586891512
-8587877606586591213
Blob81:-1.678601,2.349178,-12.2462,0,0,0,1,1,1,1
Blob2:-0.6885974,2.43882,-13.45293,0,0,0,1,1,1,1
Blob27:0.7025873,1.091416,-11.71818,0,0,0,1,1,1,1
-8587877606586200721
Blob81:-1.678601,2.349178,-12.2462,0,0,0,1,1,1,1
Blob2:-0.6633251,2.43846,-13.46851,0,0,0,1,1,1,1
Blob27:0.7025873,1.091416,-11.71818,0,0,0,1,1,1,1
-8587877606585892461
Blob81:-1.678601,2.349178,-12.2462,0,0,0,1,1,1,1
Blob2:-0.6291731,2.434452,-13.45976,0,0,0,1,1,1,1
Blob27:0.7025873,1.091416,-11.71818,0,0,0,1,1,1,1
-8587877606585662366
Blob81:-1.678601,2.349178,-12.2462,0,0,0,1,1,1,1
Blob2:-0.5920326,2.429004,-13.45397,0,0,0,1,1,1,1
Blob27:0.7025873,1.091416,-11.71818,0,0,0,1,1,1,1
-8587877606585480506
-8587877606585130185
Blob81:-1.678601,2.349178,-12.2462,0,0,0,1,1,1,1
Blob2:-0.54875,2.424143,-13.44638,0,0,0,1,1,1,1
Blob27:0.7025873,1.091416,-11.71818,0,0,0,1,1,1,1
-8587877606584769837
Blob81:-1.678601,2.349178,-12.2462,0,0,0,1,1,1,1
Blob2:-0.5018605,2.427813,-13.42839,0,0,0,1,1,1,1
Blob27:0.7025873,1.091416,-11.71818,0,0,0,1,1,1,1
-8587877606584489573
Blob81:-1.678601,2.349178,-12.2462,0,0,0,1,1,1,1
Blob2:-0.4543273,2.432048,-13.41439,0,0,0,1,1,1,1
Blob27:0.7025873,1.091416,-11.71818,0,0,0,1,1,1,1
-8587877606584239335
Blob81:-1.678601,2.349178,-12.2462,0,0,0,1,1,1,1
Blob2:-0.4142607,2.444387,-13.40102,0,0,0,1,1,1,1
Blob27:0.7025873,1.091416,-11.71818,0,0,0,1,1,1,1
-8587877606583999105
Blob81:-1.678601,2.349178,-12.2462,0,0,0,1,1,1,1
Blob2:-0.3874509,2.461153,-13.3782,0,0,0,1,1,1,1
Blob27:0.7025873,1.091416,-11.71818,0,0,0,1,1,1,1
-8587877606583834899
Blob81:-1.678601,2.349178,-12.2462,0,0,0,1,1,1,1
Blob2:-0.3689817,2.479277,-13.35564,0,0,0,1,1,1,1
Blob27:0.7025873,1.091416,-11.71818,0,0,0,1,1,1,1
-8587877606583604675
-8587877606583364448
Blob81:-1.678601,2.349178,-12.2462,0,0,0,1,1,1,1
Blob2:-0.3659367,2.504074,-13.33928,0,0,0,1,1,1,1
Blob27:0.7025873,1.091416,-11.71818,0,0,0,1,1,1,1
-8587877606583204412
-8587877606582954026
Blob81:-1.678601,2.349178,-12.2462,0,0,0,1,1,1,1
Blob2:-0.3806589,2.526013,-13.31678,0,0,0,1,1,1,1
Blob27:0.7025873,1.091416,-11.71818,0,0,0,1,1,1,1
-8587877606582723948
Blob81:-1.678601,2.349178,-12.2462,0,0,0,1,1,1,1
Blob2:-0.4047502,2.549647,-13.31864,0,0,0,1,1,1,1
Blob27:0.7025873,1.091416,-11.71818,0,0,0,1,1,1,1
-8587877606582560374
-8587877606582330251
Blob81:-1.678601,2.349178,-12.2462,0,0,0,1,1,1,1
Blob2:-0.4482017,2.564956,-13.31279,0,0,0,1,1,1,1
Blob27:0.7025873,1.091416,-11.71818,0,0,0,1,1,1,1
-8587877606582159261
Blob81:-1.678601,2.349178,-12.2462,0,0,0,1,1,1,1
Blob2:-0.5151489,2.575741,-13.31339,0,0,0,1,1,1,1
Blob27:0.7025873,1.091416,-11.71818,0,0,0,1,1,1,1
-8587877606581909021
-8587877606581658786
Blob81:-1.678601,2.349178,-12.2462,0,0,0,1,1,1,1
Blob2:-0.5993922,2.567795,-13.32339,0,0,0,1,1,1,1
Blob27:0.7025873,1.091416,-11.71818,0,0,0,1,1,1,1
-8587877606581489332
-8587877606581198935
Blob81:-1.678601,2.349178,-12.2462,0,0,0,1,1,1,1
Blob2:-0.695874,2.55433,-13.32459,0,0,0,1,1,1,1
Blob27:0.7025873,1.091416,-11.71818,0,0,0,1,1,1,1
-8587877606580848714
Blob81:-1.678601,2.349178,-12.2462,0,0,0,1,1,1,1
Blob2:-0.7970636,2.517885,-13.34517,0,0,0,1,1,1,1
Blob27:0.7025873,1.091416,-11.71818,0,0,0,1,1,1,1
-8587877606580488259
Blob81:-1.678601,2.349178,-12.2462,0,0,0,1,1,1,1
Blob2:-0.8941486,2.475677,-13.364,0,0,0,1,1,1,1
Blob27:0.7025873,1.091416,-11.71818,0,0,0,1,1,1,1
-8587877606580047933
Blob81:-1.678601,2.349178,-12.2462,0,0,0,1,1,1,1
Blob2:-0.9680524,2.426141,-13.3837,0,0,0,1,1,1,1
Blob27:0.7025873,1.091416,-11.71818,0,0,0,1,1,1,1
-8587877606579797704
Blob81:-1.678601,2.349178,-12.2462,0,0,0,1,1,1,1
Blob2:-1.025853,2.377645,-13.40242,0,0,0,1,1,1,1
Blob27:0.7025873,1.091416,-11.71818,0,0,0,1,1,1,1
-8587877606579537459
Blob81:-1.678601,2.349178,-12.2462,0,0,0,1,1,1,1
Blob2:-1.055257,2.34079,-13.41662,0,0,0,1,1,1,1
Blob27:0.7025873,1.091416,-11.71818,0,0,0,1,1,1,1
-8587877606579297231
Blob81:-1.678601,2.349178,-12.2462,0,0,0,1,1,1,1
Blob2:-1.063295,2.301685,-13.41248,0,0,0,1,1,1,1
Blob27:0.7025873,1.091416,-11.71818,0,0,0,1,1,1,1
-8587877606579036979
Blob81:-1.678601,2.349178,-12.2462,0,0,0,1,1,1,1
Blob2:-1.053091,2.277318,-13.40125,0,0,0,1,1,1,1
Blob27:0.7025873,1.091416,-11.71818,0,0,0,1,1,1,1
-8587877606578906857
-8587877606578666616
Blob81:-1.678601,2.349178,-12.2462,0,0,0,1,1,1,1
Blob2:-1.024036,2.245711,-13.37422,0,0,0,1,1,1,1
Blob27:0.7025873,1.091416,-11.71818,0,0,0,1,1,1,1
-8587877606578506470
-8587877606578276239
Blob81:-1.678601,2.349178,-12.2462,0,0,0,1,1,1,1
Blob2:-0.9944583,2.228601,-13.36712,0,0,0,1,1,1,1
Blob27:0.7025873,1.091416,-11.71818,0,0,0,1,1,1,1
-8587877606578036021
Blob81:-1.678601,2.349178,-12.2462,0,0,0,1,1,1,1
Blob2:-0.9524541,2.207575,-13.34716,0,0,0,1,1,1,1
Blob27:0.7025873,1.091416,-11.71818,0,0,0,1,1,1,1
-8587877606577865326
-8587877606577639526
Blob81:-1.678601,2.349178,-12.2462,0,0,0,1,1,1,1
Blob2:-0.9095133,2.192387,-13.33607,0,0,0,1,1,1,1
Blob27:0.7025873,1.091416,-11.71818,0,0,0,1,1,1,1
-8587877606577392995
Blob81:-1.678601,2.349178,-12.2462,0,0,0,1,1,1,1
Blob2:-0.8627451,2.181068,-13.32668,0,0,0,1,1,1,1
Blob27:0.7025873,1.091416,-11.71818,0,0,0,1,1,1,1
-8587877606577222788
-8587877606576982553
Blob81:-1.678601,2.349178,-12.2462,0,0,0,1,1,1,1
Blob2:-0.8109251,2.17613,-13.32386,0,0,0,1,1,1,1
Blob27:0.7025873,1.091416,-11.71818,0,0,0,1,1,1,1
-8587877606576822642
Blob81:-1.678601,2.349178,-12.2462,0,0,0,1,1,1,1
Blob2:-0.7651789,2.181102,-13.31459,0,0,0,1,1,1,1
Blob27:0.7025873,1.091416,-11.71818,0,0,0,1,1,1,1
-8587877606576572413
-8587877606576342187
Blob81:-1.678601,2.349178,-12.2462,0,0,0,1,1,1,1
Blob2:-0.7111936,2.195493,-13.29189,0,0,0,1,1,1,1
Blob27:0.7025873,1.091416,-11.71818,0,0,0,1,1,1,1
-8587877606576172098
-8587877606575931875
Blob81:-1.678601,2.349178,-12.2462,0,0,0,1,1,1,1
Blob2:-0.6569687,2.210182,-13.28357,0,0,0,1,1,1,1
Blob27:0.7025873,1.091416,-11.71818,0,0,0,1,1,1,1
-8587877606575678624
Blob81:-1.678601,2.349178,-12.2462,0,0,0,1,1,1,1
Blob2:-0.6076236,2.236091,-13.26748,0,0,0,1,1,1,1
Blob27:0.7025873,1.091416,-11.71818,0,0,0,1,1,1,1
-8587877606575518286
-8587877606575268056
Blob81:-1.678601,2.349178,-12.2462,0,0,0,1,1,1,1
Blob2:-0.5631886,2.264971,-13.24731,0,0,0,1,1,1,1
Blob27:0.7025873,1.091416,-11.71818,0,0,0,1,1,1,1
-8587877606575017814
Blob81:-1.678601,2.349178,-12.2462,0,0,0,1,1,1,1
Blob2:-0.5389938,2.301465,-13.22465,0,0,0,1,1,1,1
Blob27:0.7025873,1.091416,-11.71818,0,0,0,1,1,1,1
-8587877606574856163
-8587877606574615919
Blob81:-1.678601,2.349178,-12.2462,0,0,0,1,1,1,1
Blob2:-0.5329881,2.334461,-13.21352,0,0,0,1,1,1,1
Blob27:0.7025873,1.091416,-11.71818,0,0,0,1,1,1,1
-8587877606574375699
Blob81:-1.678601,2.349178,-12.2462,0,0,0,1,1,1,1
Blob2:-0.5472671,2.361571,-13.19993,0,0,0,1,1,1,1
Blob27:0.7025873,1.091416,-11.71818,0,0,0,1,1,1,1
-8587877606574204673
-8587877606573954571
Blob81:-1.678601,2.349178,-12.2462,0,0,0,1,1,1,1
Blob2:-0.5904493,2.377555,-13.21299,0,0,0,1,1,1,1
Blob27:0.7025873,1.091416,-11.71818,0,0,0,1,1,1,1
-8587877606573714343
Blob81:-1.678601,2.349178,-12.2462,0,0,0,1,1,1,1
Blob2:-0.6571991,2.374726,-13.2152,0,0,0,1,1,1,1
Blob27:0.7025873,1.091416,-11.71818,0,0,0,1,1,1,1
-8587877606573553811
-8587877606573303573
Blob81:-1.678601,2.349178,-12.2462,0,0,0,1,1,1,1
Blob2:-0.7436745,2.36422,-13.237,0,0,0,1,1,1,1
Blob27:0.7025873,1.091416,-11.71818,0,0,0,1,1,1,1
-8587877606573023315
Blob81:-1.678601,2.349178,-12.2462,0,0,0,1,1,1,1
Blob2:-0.8419002,2.345415,-13.26607,0,0,0,1,1,1,1
Blob27:0.7025873,1.091416,-11.71818,0,0,0,1,1,1,1
-8587877606572882988
-8587877606572642771
Blob81:-1.678601,2.349178,-12.2462,0,0,0,1,1,1,1
Blob2:-0.9299183,2.310635,-13.29556,0,0,0,1,1,1,1
Blob27:0.7025873,1.091416,-11.71818,0,0,0,1,1,1,1
-8587877606572474492
Blob81:-1.678601,2.349178,-12.2462,0,0,0,1,1,1,1
Blob2:-1.007629,2.270079,-13.32326,0,0,0,1,1,1,1
Blob27:0.7025873,1.091416,-11.71818,0,0,0,1,1,1,1
-8587877606572234269
-8587877606571994031
Blob81:-1.678601,2.349178,-12.2462,0,0,0,1,1,1,1
Blob2:-1.064632,2.230527,-13.33517,0,0,0,1,1,1,1
Blob27:0.7025873,1.091416,-11.71818,0,0,0,1,1,1,1
-8587877606571828529
Blob81:-1.678601,2.349178,-12.2462,0,0,0,1,1,1,1
Blob2:-1.094047,2.195378,-13.35372,0,0,0,1,1,1,1
Blob27:0.7025873,1.091416,-11.71818,0,0,0,1,1,1,1
-8587877606571598301
-8587877606571348066
Blob81:-1.678601,2.349178,-12.2462,0,0,0,1,1,1,1
Blob2:-1.101415,2.163175,-13.36195,0,0,0,1,1,1,1
Blob27:0.7025873,1.091416,-11.71818,0,0,0,1,1,1,1
-8587877606571188332
-8587877606570933993
Blob81:-1.678601,2.349178,-12.2462,0,0,0,1,1,1,1
Blob2:-1.08036,2.13347,-13.35165,0,0,0,1,1,1,1
Blob27:0.7025873,1.091416,-11.71818,0,0,0,1,1,1,1
-8587877606570693760
Blob81:-1.678601,2.349178,-12.2462,0,0,0,1,1,1,1
Blob2:-1.043674,2.107899,-13.34147,0,0,0,1,1,1,1
Blob27:0.7025873,1.091416,-11.71818,0,0,0,1,1,1,1
-8587877606570533507
-8587877606570303291
Blob81:-1.678601,2.349178,-12.2462,0,0,0,1,1,1,1
Blob2:-0.9920889,2.083471,-13.31814,0,0,0,1,1,1,1
Blob27:0.7025873,1.091416,-11.71818,0,0,0,1,1,1,1
-8587877606570067722
Blob81:-1.678601,2.349178,-12.2462,0,0,0,1,1,1,1
Blob2:-0.9260268,2.07262,-13.29082,0,0,0,1,1,1,1
Blob27:0.7025873,1.091416,-11.71818,0,0,0,1,1,1,1
-8587877606569907179
-8587877606569666949
Blob81:-1.678601,2.349178,-12.2462,0,0,0,1,1,1,1
Blob2:-0.8552683,2.068883,-13.2696,0,0,0,1,1,1,1
Blob27:0.7025873,1.091416,-11.71818,0,0,0,1,1,1,1
-8587877606569497843
-8587877606569207570
Blob81:-1.678601,2.349178,-12.2462,0,0,0,1,1,1,1
Blob2:-0.7827212,2.076032,-13.26266,0,0,0,1,1,1,1
Blob27:0.7025873,1.091416,-11.71818,0,0,0,1,1,1,1
-8587877606568807178
Blob81:-1.678601,2.349178,-12.2462,0,0,0,1,1,1,1
Blob2:-0.7115133,2.087225,-13.24181,0,0,0,1,1,1,1
Blob27:0.7025873,1.091416,-11.71818,0,0,0,1,1,1,1
-8587877606568466857
Blob81:-1.678601,2.349178,-12.2462,0,0,0,1,1,1,1
Blob2:-0.6404023,2.106711,-13.22279,0,0,0,1,1,1,1
Blob27:0.7025873,1.091416,-11.71818,0,0,0,1,1,1,1
-8587877606568206615
Blob81:-1.678601,2.349178,-12.2462,0,0,0,1,1,1,1
Blob2:-0.5821937,2.128776,-13.21234,0,0,0,1,1,1,1
Blob27:0.7025873,1.091416,-11.71818,0,0,0,1,1,1,1
-8587877606567956369
Blob81:-1.678601,2.349178,-12.2462,0,0,0,1,1,1,1
Blob2:-0.5244534,2.157155,-13.19898,0,0,0,1,1,1,1
Blob27:0.7025873,1.091416,-11.71818,0,0,0,1,1,1,1
-8587877606567726151
Blob81:-1.678601,2.349178,-12.2462,0,0,0,1,1,1,1
Blob2:-0.4816144,2.185835,-13.185,0,0,0,1,1,1,1
Blob27:0.7025873,1.091416,-11.71818,0,0,0,1,1,1,1
-8587877606567555985
-8587877606567325772
Blob81:-1.678601,2.349178,-12.2462,0,0,0,1,1,1,1
Blob2:-0.4456583,2.217199,-13.18286,0,0,0,1,1,1,1
Blob27:0.7025873,1.091416,-11.71818,0,0,0,1,1,1,1
-8587877606567155601
-8587877606566864012
Blob81:-1.678601,2.349178,-12.2462,0,0,0,1,1,1,1
Blob2:-0.4278465,2.249057,-13.18065,0,0,0,1,1,1,1
Blob27:0.7025873,1.091416,-11.71818,0,0,0,1,1,1,1
-8587877606566632793
Blob81:-1.678601,2.349178,-12.2462,0,0,0,1,1,1,1
Blob2:-0.4255152,2.289957,-13.1901,0,0,0,1,1,1,1
Blob27:0.7025873,1.091416,-11.71818,0,0,0,1,1,1,1
-8587877606566395775
Blob81:-1.678601,2.349178,-12.2462,0,0,0,1,1,1,1
Blob2:-0.4376806,2.326541,-13.18532,0,0,0,1,1,1,1
Blob27:0.7025873,1.091416,-11.71818,0,0,0,1,1,1,1
-8587877606566232852
-8587877606566002638
Blob81:-1.678601,2.349178,-12.2462,0,0,0,1,1,1,1
Blob2:-0.4574601,2.372294,-13.19598,0,0,0,1,1,1,1
Blob27:0.7025873,1.091416,-11.71818,0,0,0,1,1,1,1
-8587877606565832053
-8587877606565601927
Blob81:-1.678601,2.349178,-12.2462,0,0,0,1,1,1,1
Blob2:-0.5061712,2.414675,-13.21059,0,0,0,1,1,1,1
Blob27:0.7025873,1.091416,-11.71818,0,0,0,1,1,1,1
-8587877606565351425
Blob81:-1.678601,2.349178,-12.2462,0,0,0,1,1,1,1
Blob2:-0.5676056,2.454637,-13.21415,0,0,0,1,1,1,1
Blob27:0.7025873,1.091416,-11.71818,0,0,0,1,1,1,1
-8587877606565180799
-8587877606564940571
Blob81:-1.678601,2.349178,-12.2462,0,0,0,1,1,1,1
Blob2:-0.6461173,2.496204,-13.2348,0,0,0,1,1,1,1
Blob27:0.7025873,1.091416,-11.71818,0,0,0,1,1,1,1
-8587877606564680316
Blob81:-1.678601,2.349178,-12.2462,0,0,0,1,1,1,1
Blob2:-0.7249826,2.528203,-13.23834,0,0,0,1,1,1,1
Blob27:0.7025873,1.091416,-11.71818,0,0,0,1,1,1,1
-8587877606564519420
-8587877606564269264
Blob81:-1.678601,2.349178,-12.2462,0,0,0,1,1,1,1
Blob2:-0.8034618,2.558648,-13.23458,0,0,0,1,1,1,1
Blob27:0.7025873,1.091416,-11.71818,0,0,0,1,1,1,1
-8587877606564029039
Blob81:-1.678601,2.349178,-12.2462,0,0,0,1,1,1,1
Blob2:-0.8827978,2.583099,-13.22857,0,0,0,1,1,1,1
Blob27:0.7025873,1.091416,-11.71818,0,0,0,1,1,1,1
-8587877606563865460
-8587877606563636970
Blob81:-1.678601,2.349178,-12.2462,0,0,0,1,1,1,1
Blob2:-0.9600163,2.604323,-13.21524,0,0,0,1,1,1,1
Blob27:0.7025873,1.091416,-11.71818,0,0,0,1,1,1,1
-8587877606563396189
Blob81:-1.678601,2.349178,-12.2462,0,0,0,1,1,1,1
Blob2:-1.030428,2.614964,-13.21345,0,0,0,1,1,1,1
Blob27:0.7025873,1.091416,-11.71818,0,0,0,1,1,1,1
-8587877606563235521
-8587877606562995288
Blob81:-1.678601,2.349178,-12.2462,0,0,0,1,1,1,1
Blob2:-1.096391,2.62431,-13.21123,0,0,0,1,1,1,1
Blob27:0.7025873,1.091416,-11.71818,0,0,0,1,1,1,1
-8587877606562824805
-8587877606562584572
Blob81:-1.678601,2.349178,-12.2462,0,0,0,1,1,1,1
Blob2:-1.156679,2.627291,-13.20142,0,0,0,1,1,1,1
Blob27:0.7025873,1.091416,-11.71818,0,0,0,1,1,1,1
-8587877606562334183
Blob81:-1.678601,2.349178,-12.2462,0,0,0,1,1,1,1
Blob2:-1.210347,2.630068,-13.19727,0,0,0,1,1,1,1
Blob27:0.7025873,1.091416,-11.71818,0,0,0,1,1,1,1
-8587877606562164138
-8587877606561915894
Blob81:-1.678601,2.349178,-12.2462,0,0,0,1,1,1,1
Blob2:-1.251804,2.637996,-13.17963,0,0,0,1,1,1,1
Blob27:0.7025873,1.091416,-11.71818,0,0,0,1,1,1,1
-8587877606561665552
Blob81:-1.678601,2.349178,-12.2462,0,0,0,1,1,1,1
Blob2:-1.277288,2.643183,-13.15899,0,0,0,1,1,1,1
Blob27:0.7025873,1.091416,-11.71818,0,0,0,1,1,1,1
-8587877606561504809
-8587877606561254564
Blob81:-1.678601,2.349178,-12.2462,0,0,0,1,1,1,1
Blob2:-1.301679,2.658166,-13.13165,0,0,0,1,1,1,1
Blob27:0.7025873,1.091416,-11.71818,0,0,0,1,1,1,1
-8587877606560984313
Blob81:-1.678601,2.349178,-12.2462,0,0,0,1,1,1,1
Blob2:-1.32508,2.671166,-13.09633,0,0,0,1,1,1,1
Blob27:0.7025873,1.091416,-11.71818,0,0,0,1,1,1,1
-8587877606560853281
Blob81:-1.678601,2.349178,-12.2462,0,0,0,1,1,1,1
Blob2:-1.353731,2.678738,-13.04513,0,0,0,1,1,1,1
Blob27:0.7025873,1.091416,-11.71818,0,0,0,1,1,1,1
-8587877606560622252
-8587877606560374531
Blob81:-1.678601,2.349178,-12.2462,0,0,0,1,1,1,1
Blob2:-1.381775,2.676923,-12.98034,0,0,0,1,1,1,1
Blob27:0.7025873,1.091416,-11.71818,0,0,0,1,1,1,1
-8587877606560202729
-8587877606559932419
Blob81:-1.678601,2.349178,-12.2462,0,0,0,1,1,1,1
Blob2:-1.393816,2.680453,-12.92632,0,0,0,1,1,1,1
Blob27:0.7025873,1.091416,-11.71818,0,0,0,1,1,1,1
-8587877606559572109
Blob81:-1.678601,2.349178,-12.2462,0,0,0,1,1,1,1
Blob2:-1.401346,2.684936,-12.86809,0,0,0,1,1,1,1
Blob27:0.7025873,1.091416,-11.71818,0,0,0,1,1,1,1
-8587877606559302118
Blob81:-1.678601,2.349178,-12.2462,0,0,0,1,1,1,1
Blob2:-1.400984,2.688164,-12.81306,0,0,0,1,1,1,1
Blob27:0.7025873,1.091416,-11.71818,0,0,0,1,1,1,1
-8587877606559071987
Blob81:-1.678601,2.349178,-12.2462,0,0,0,1,1,1,1
Blob2:-1.383511,2.692181,-12.78089,0,0,0,1,1,1,1
Blob27:0.7025873,1.091416,-11.71818,0,0,0,1,1,1,1
-8587877606558911682
-8587877606558671465
Blob81:-1.678601,2.349178,-12.2462,0,0,0,1,1,1,1
Blob2:-1.364503,2.68622,-12.74685,0,0,0,1,1,1,1
Blob27:0.7025873,1.091416,-11.71818,0,0,0,1,1,1,1
-8587877606558506447
-8587877606558266339
Blob81:-1.678601,2.349178,-12.2462,0,0,0,1,1,1,1
Blob2:-1.338495,2.682611,-12.73599,0,0,0,1,1,1,1
Blob27:0.7025873,1.091416,-11.71818,0,0,0,1,1,1,1
-8587877606558016099
Blob81:-1.678601,2.349178,-12.2462,0,0,0,1,1,1,1
Blob2:-1.308679,2.670616,-12.73491,0,0,0,1,1,1,1
Blob27:0.7025873,1.091416,-11.71818,0,0,0,1,1,1,1
-8587877606557851504
-8587877606557611284
Blob81:-1.678601,2.349178,-12.2462,0,0,0,1,1,1,1
Blob2:-1.285779,2.655249,-12.73057,0,0,0,1,1,1,1
Blob27:0.7025873,1.091416,-11.71818,0,0,0,1,1,1,1
-8587877606557371043
Blob81:-1.678601,2.349178,-12.2462,0,0,0,1,1,1,1
Blob2:-1.267365,2.636082,-12.73419,0,0,0,1,1,1,1
Blob27:0.7025873,1.091416,-11.71818,0,0,0,1,1,1,1
-8587877606557205432
-8587877606556965129
Blob81:-1.678601,2.349178,-12.2462,0,0,0,1,1,1,1
Blob2:-1.249052,2.62236,-12.75377,0,0,0,1,1,1,1
Blob27:0.7025873,1.091416,-11.71818,0,0,0,1,1,1,1
-8587877606556724983
Blob81:-1.678601,2.349178,-12.2462,0,0,0,1,1,1,1
Blob2:-1.232296,2.60545,-12.76923,0,0,0,1,1,1,1
Blob27:0.7025873,1.091416,-11.71818,0,0,0,1,1,1,1
-8587877606556564817
-8587877606556314580
Blob81:-1.678601,2.349178,-12.2462,0,0,0,1,1,1,1
Blob2:-1.215629,2.586809,-12.77222,0,0,0,1,1,1,1
Blob27:0.7025873,1.091416,-11.71818,0,0,0,1,1,1,1
-8587877606556074352
Blob81:-1.678601,2.349178,-12.2462,0,0,0,1,1,1,1
Blob2:-1.196289,2.572726,-12.79761,0,0,0,1,1,1,1
Blob27:0.7025873,1.091416,-11.71818,0,0,0,1,1,1,1
-8587877606555904181
-8587877606555673829
Blob81:-1.678601,2.349178,-12.2462,0,0,0,1,1,1,1
Blob2:-1.169818,2.555803,-12.82201,0,0,0,1,1,1,1
Blob27:0.7025873,1.091416,-11.71818,0,0,0,1,1,1,1
-8587877606555503799
-8587877606555263566
Blob81:-1.678601,2.349178,-12.2462,0,0,0,1,1,1,1
Blob2:-1.144988,2.545139,-12.83263,0,0,0,1,1,1,1
Blob27:0.7025873,1.091416,-11.71818,0,0,0,1,1,1,1
-8587877606555023341
Blob81:-1.678601,2.349178,-12.2462,0,0,0,1,1,1,1
Blob2:-1.11289,2.525865,-12.84932,0,0,0,1,1,1,1
Blob27:0.7025873,1.091416,-11.71818,0,0,0,1,1,1,1
-8587877606554822760
-8587877606554582409
Blob81:-1.678601,2.349178,-12.2462,0,0,0,1,1,1,1
Blob2:-1.083948,2.508991,-12.86031,0,0,0,1,1,1,1
Blob27:0.7025873,1.091416,-11.71818,0,0,0,1,1,1,1
-8587877606554342294
Blob81:-1.678601,2.349178,-12.2462,0,0,0,1,1,1,1
Blob2:-1.060454,2.497025,-12.88869,0,0,0,1,1,1,1
Blob27:0.7025873,1.091416,-11.71818,0,0,0,1,1,1,1
-8587877606554179357
-8587877606553941940
Blob81:-1.678601,2.349178,-12.2462,0,0,0,1,1,1,1
Blob2:-1.030541,2.481086,-12.90273,0,0,0,1,1,1,1
Blob27:0.7025873,1.091416,-11.71818,0,0,0,1,1,1,1
-8587877606553681803
Blob81:-1.678601,2.349178,-12.2462,0,0,0,1,1,1,1
Blob2:-1.003489,2.461256,-12.92072,0,0,0,1,1,1,1
Blob27:0.7025873,1.091416,-11.71818,0,0,0,1,1,1,1
-8587877606553521545
-8587877606553281312
Blob81:-1.678601,2.349178,-12.2462,0,0,0,1,1,1,1
Blob2:-0.9776552,2.443735,-12.9374,0,0,0,1,1,1,1
Blob27:0.7025873,1.091416,-11.71818,0,0,0,1,1,1,1
-8587877606553041073
Blob81:-1.678601,2.349178,-12.2462,0,0,0,1,1,1,1
Blob2:-0.948252,2.420379,-12.94841,0,0,0,1,1,1,1
Blob27:0.7025873,1.091416,-11.71818,0,0,0,1,1,1,1
-8587877606552870539
-8587877606552510186
Blob81:-1.678601,2.349178,-12.2462,0,0,0,1,1,1,1
Blob2:-0.9190245,2.40682,-12.95746,0,0,0,1,1,1,1
Blob27:0.7025873,1.091416,-11.71818,0,0,0,1,1,1,1
-8587877606552269960
Blob81:-1.678601,2.349178,-12.2462,0,0,0,1,1,1,1
Blob2:-0.887801,2.390049,-12.96281,0,0,0,1,1,1,1
Blob27:0.7025873,1.091416,-11.71818,0,0,0,1,1,1,1
-8587877606552019710
Blob81:-1.678601,2.349178,-12.2462,0,0,0,1,1,1,1
Blob2:-0.8637515,2.380582,-12.96408,0,0,0,1,1,1,1
Blob27:0.7025873,1.091416,-11.71818,0,0,0,1,1,1,1
-8587877606551859142
-8587877606551608945
Blob81:-1.678601,2.349178,-12.2462,0,0,0,1,1,1,1
Blob2:-0.8340511,2.374152,-12.97836,0,0,0,1,1,1,1
Blob27:0.7025873,1.091416,-11.71818,0,0,0,1,1,1,1
-8587877606551368712
Blob81:-1.678601,2.349178,-12.2462,0,0,0,1,1,1,1
Blob2:-0.8081394,2.36382,-12.97319,0,0,0,1,1,1,1
Blob27:0.7025873,1.091416,-11.71818,0,0,0,1,1,1,1
-8587877606551201987
-8587877606550971756
Blob81:-1.678601,2.349178,-12.2462,0,0,0,1,1,1,1
Blob2:-0.7874804,2.363049,-12.97286,0,0,0,1,1,1,1
Blob27:0.7025873,1.091416,-11.71818,0,0,0,1,1,1,1
-8587877606550731528
Blob81:-1.678601,2.349178,-12.2462,0,0,0,1,1,1,1
Blob2:-0.7605957,2.367038,-12.98612,0,0,0,1,1,1,1
Blob27:0.7025873,1.091416,-11.71818,0,0,0,1,1,1,1
-8587877606550568740
-8587877606550340214
Blob81:-1.678601,2.349178,-12.2462,0,0,0,1,1,1,1
Blob2:-0.7355973,2.38308,-12.97983,0,0,0,1,1,1,1
Blob27:0.7025873,1.091416,-11.71818,0,0,0,1,1,1,1
-8587877606550169226
-8587877606549936218
Blob81:-1.678601,2.349178,-12.2462,0,0,0,1,1,1,1
Blob2:-0.754665,2.488663,-12.96338,0,0,0,1,1,1,1
Blob27:0.7025873,1.091416,-11.71818,0,0,0,1,1,1,1
-8587877606549685885
Blob81:-1.678601,2.349178,-12.2462,0,0,0,1,1,1,1
Blob2:-0.7493431,2.554146,-12.97345,0,0,0,1,1,1,1
Blob27:0.7025873,1.091416,-11.71818,0,0,0,1,1,1,1
-8587877606549515136
-8587877606549284907
-8587877606549034672
-8587877606548844206
-8587877606548584010
-8587877606548203550
-8587877606547923407
-8587877606547673023
-8587877606547502860
-8587877606547262630
-8587877606547022238
-8587877606546856268
-8587877606546626034
-8587877606546395819
-8587877606546232903
-8587877606545982573
-8587877606545822765
-8587877606545552490
-8587877606545182150
-8587877606544911886
-8587877606544671661
-8587877606544511507
-8587877606544261264
-8587877606544021037
-8587877606543855133
-8587877606543624917
-8587877606543374667
-8587877606543211188
-8587877606542970963
-8587877606542810730
-8587877606542570502
-8587877606542300235
-8587877606542037684
-8587877606541865176
-8587877606541640310
-8587877606541398129
-8587877606541235876
-8587877606540985641
-8587877606540815199
-8587877606540582116
-8587877606540331843
-8587877606540171159
-8587877606539930921
-8587877606539680678
-8587877606539520486
-8587877606539260119
-8587877606538869852
-8587877606538599598
-8587877606538349358
-8587877606538187883
-8587877606537937745
-8587877606537697610
-8587877606537537461
-8587877606537297231
-8587877606537057000
-8587877606536893639
-8587877606536663428
-8587877606536493995
-8587877606536203673
-8587877606535963575
-8587877606535720536
-8587877606535550066
-8587877606535307053
-8587877606535065386
-8587877606534902132
-8587877606534651887
-8587877606534481663
-8587877606534231417
-8587877606533981175
-8587877606533820857
-8587877606533560769
-8587877606533310513
-8587877606533150380
-8587877606532900135
-8587877606532639891
-8587877606532409659
-8587877606532239440
-8587877606531999204
-8587877606531827948
-8587877606531577705
-8587877606531327465
-8587877606531166219
-8587877606530905966
-8587877606530655724
-8587877606530495734
-8587877606530135214
-8587877606529654925
-8587877606529424712
-8587877606529179686
-8587877606528929444
-8587877606528689259
-8587877606528522142
-8587877606528261900
-8587877606528015349
-8587877606527849756
-8587877606527609530
-8587877606527359290
-8587877606527201994
-8587877606526951753
-8587877606526711618
-8587877606526551303
-8587877606526311090
-8587877606526050835
-8587877606525890730
-8587877606525650398
-8587877606525480493
-8587877606525230261
-8587877606524980020
-8587877606524809901
-8587877606524529529
-8587877606524169294
-8587877606523858988
-8587877606523565083
-8587877606523254892
-8587877606523005374
-8587877606522834886
-8587877606522594612
-8587877606522344318
-8587877606522174255
-8587877606521934027
-8587877606521673777
-8587877606521513623
-8587877606521263376
-8587877606521013138
-8587877606520842926
-8587877606520602704
-8587877606520357742
-8587877606520192435
-8587877606519952200
-8587877606519691955
-8587877606519531794
-8587877606519271636
-8587877606519031429
-8587877606518865141
-8587877606518625072
-8587877606518364697
-8587877606518194583
-8587877606517914314
-8587877606517553973
-8587877606517274145
-8587877606517003885
-8587877606516863641
-8587877606516623502
-8587877606516363161
-8587877606516192019
-8587877606515951766
-8587877606515691447
-8587877606515521560
-8587877606515281340
-8587877606515021085
-8587877606514855154
-8587877606514604924
-8587877606514364691
-8587877606514201412
-8587877606513961186
-8587877606513721132
-8587877606513560784
-8587877606513300532
-8587877606513070306
-8587877606512899833
-8587877606512659595
-8587877606512490092
-8587877606512239855
-8587877606511989604
-8587877606511829003
-8587877606511592343
-8587877606511331976
-8587877606511172014
-8587877606510891745
-8587877606510631496
-8587877606510391173
-8587877606510231125
-8587877606509980879
-8587877606509820718
-8587877606509525558
-8587877606509255301
-8587877606508965061
-8587877606508694768
-8587877606508535165
-8587877606508264911
-8587877606507984645
-8587877606507820382
-8587877606507550246
-8587877606507259844
-8587877606506969594
-8587877606506809269
-8587877606506529126
-8587877606506238745
-8587877606505958476
-8587877606505698321
-8587877606505535935
-8587877606505255663
-8587877606504965341
-8587877606504695126
-8587877606504534931
-8587877606504234635
-8587877606503944362
-8587877606503654083
-8587877606503483879
-8587877606503173566
-8587877606502713122
-8587877606502440507
-8587877606502160075
-8587877606501869397
-8587877606501579070
-8587877606501288840
-8587877606501018675
-8587877606500855442
-8587877606500575168
-8587877606500295439
-8587877606499995126
-8587877606499824919
-8587877606499534628
-8587877606499254256
-8587877606498974003
-8587877606498803845
-8587877606498523668
-8587877606498243287
-8587877606497973002
-8587877606497662840
-8587877606497492638
-8587877606497162296
-8587877606496751019
-8587877606496470709
-8587877606496190468
-8587877606495910138
-8587877606495619977
-8587877606495359656
-8587877606495192639
-8587877606494922479
-8587877606494652220
-8587877606494482018
-8587877606494201750
-8587877606493921476
-8587877606493651216
-8587877606493481778
-8587877606493201514
-8587877606492921240
-8587877606492650858
-8587877606492482179
-8587877606492201823
-8587877606491911634
-8587877606491631368
-8587877606491341092
-8587877606491171605
-8587877606490901353
-8587877606490631089
-8587877606490350753
-8587877606490190664
-8587877606489920410
-8587877606489600000
-8587877606489329735
-8587877606489159245
-8587877606488869061
-8587877606488598699
-8587877606488308398
-8587877606488028231
Blob81:-1.678601,2.349178,-12.2462,0,0,0,1,1,1,1
Blob2:-0.7452384,2.532045,-12.96904,0,0,0,1,1,1,1
Blob27:0.7025873,1.091416,-11.71818,0,0,0,1,1,1,1
-8587877606487878115
-8587877606487597749
Blob81:-1.678601,2.349178,-12.2462,0,0,0,1,1,1,1
Blob2:-0.7467515,2.52275,-12.96497,0,0,0,1,1,1,1
Blob27:0.7025873,1.091416,-11.71818,0,0,0,1,1,1,1
-8587877606487327572
Blob81:-1.678601,2.349178,-12.2462,0,0,0,1,1,1,1
Blob2:-0.7470239,2.507187,-12.97566,0,0,0,1,1,1,1
Blob27:0.7025873,1.091416,-11.71818,0,0,0,1,1,1,1
-8587877606487157409
Blob81:-1.678601,2.349178,-12.2462,0,0,0,1,1,1,1
Blob2:-0.747616,2.497212,-12.96482,0,0,0,1,1,1,1
Blob27:0.7025873,1.091416,-11.71818,0,0,0,1,1,1,1
-8587877606486866979
-8587877606486596768
Blob81:-1.678601,2.349178,-12.2462,0,0,0,1,1,1,1
Blob2:-0.7470966,2.487334,-12.97639,0,0,0,1,1,1,1
Blob27:0.7025873,1.091416,-11.71818,0,0,0,1,1,1,1
-8587877606486309838
Blob81:-1.678601,2.349178,-12.2462,0,0,0,1,1,1,1
Blob2:-0.7481018,2.481681,-12.97956,0,0,0,1,1,1,1
Blob27:0.7025873,1.091416,-11.71818,0,0,0,1,1,1,1
-8587877606486029692
Blob81:-1.678601,2.349178,-12.2462,0,0,0,1,1,1,1
Blob2:-0.7527358,2.47923,-12.98926,0,0,0,1,1,1,1
Blob27:0.7025873,1.091416,-11.71818,0,0,0,1,1,1,1
-8587877606485879541
-8587877606485604510
Blob81:-1.678601,2.349178,-12.2462,0,0,0,1,1,1,1
Blob2:-0.7590643,2.468031,-12.99185,0,0,0,1,1,1,1
Blob27:0.7025873,1.091416,-11.71818,0,0,0,1,1,1,1
-8587877606485324223
Blob81:-1.678601,2.349178,-12.2462,0,0,0,1,1,1,1
Blob2:-0.7607234,2.454668,-12.99462,0,0,0,1,1,1,1
Blob27:0.7025873,1.091416,-11.71818,0,0,0,1,1,1,1
-8587877606485159556
Blob81:-1.678601,2.349178,-12.2462,0,0,0,1,1,1,1
Blob2:-0.7751076,2.447548,-13.00536,0,0,0,1,1,1,1
Blob27:0.7025873,1.091416,-11.71818,0,0,0,1,1,1,1
-8587877606484859857
-8587877606484589689
Blob81:-1.678601,2.349178,-12.2462,0,0,0,1,1,1,1
Blob2:-0.7866792,2.443384,-13.01663,0,0,0,1,1,1,1
Blob27:0.7025873,1.091416,-11.71818,0,0,0,1,1,1,1
-8587877606484298671
Blob81:-1.678601,2.349178,-12.2462,0,0,0,1,1,1,1
Blob2:-0.7879428,2.432158,-13.01567,0,0,0,1,1,1,1
Blob27:0.7025873,1.091416,-11.71818,0,0,0,1,1,1,1
-8587877606484028412
Blob81:-1.678601,2.349178,-12.2462,0,0,0,1,1,1,1
Blob2:-0.7897679,2.425715,-13.02334,0,0,0,1,1,1,1
Blob27:0.7025873,1.091416,-11.71818,0,0,0,1,1,1,1
-8587877606483868069
-8587877606483600915
Blob81:-1.678601,2.349178,-12.2462,0,0,0,1,1,1,1
Blob2:-0.7878256,2.414886,-13.02309,0,0,0,1,1,1,1
Blob27:0.7025873,1.091416,-11.71818,0,0,0,1,1,1,1
-8587877606483320646
Blob81:-1.678601,2.349178,-12.2462,0,0,0,1,1,1,1
Blob2:-0.7847939,2.407621,-13.02772,0,0,0,1,1,1,1
Blob27:0.7025873,1.091416,-11.71818,0,0,0,1,1,1,1
-8587877606483138131
Blob81:-1.678601,2.349178,-12.2462,0,0,0,1,1,1,1
Blob2:-0.7774095,2.398943,-13.02878,0,0,0,1,1,1,1
Blob27:0.7025873,1.091416,-11.71818,0,0,0,1,1,1,1
-8587877606482617621
-8587877606482247245
Blob81:-1.678601,2.349178,-12.2462,0,0,0,1,1,1,1
Blob2:-0.7721114,2.387307,-13.03354,0,0,0,1,1,1,1
Blob27:0.7025873,1.091416,-11.71818,0,0,0,1,1,1,1
-8587877606481856899
Blob81:-1.678601,2.349178,-12.2462,0,0,0,1,1,1,1
Blob2:-0.7693596,2.382605,-13.04556,0,0,0,1,1,1,1
Blob27:0.7025873,1.091416,-11.71818,0,0,0,1,1,1,1
-8587877606481556614
Blob81:-1.678601,2.349178,-12.2462,0,0,0,1,1,1,1
Blob2:-0.7711882,2.378254,-13.05679,0,0,0,1,1,1,1
Blob27:0.7025873,1.091416,-11.71818,0,0,0,1,1,1,1
-8587877606481266335
Blob81:-1.678601,2.349178,-12.2462,0,0,0,1,1,1,1
Blob2:-0.7679699,2.371808,-13.05087,0,0,0,1,1,1,1
Blob27:0.7025873,1.091416,-11.71818,0,0,0,1,1,1,1
-8587877606480996775
Blob81:-1.678601,2.349178,-12.2462,0,0,0,1,1,1,1
Blob2:-0.7596207,2.360948,-13.05388,0,0,0,1,1,1,1
Blob27:0.7025873,1.091416,-11.71818,0,0,0,1,1,1,1
-8587877606480826606
-8587877606480546199
Blob81:-1.678601,2.349178,-12.2462,0,0,0,1,1,1,1
Blob2:-0.7487343,2.350494,-13.06745,0,0,0,1,1,1,1
Blob27:0.7025873,1.091416,-11.71818,0,0,0,1,1,1,1
-8587877606480265956
Blob81:-1.678601,2.349178,-12.2462,0,0,0,1,1,1,1
Blob2:-0.7339377,2.319048,-13.05258,0,0,0,1,1,1,1
Blob27:0.7025873,1.091416,-11.71818,0,0,0,1,1,1,1
-8587877606479993344
Blob81:-1.678601,2.349178,-12.2462,0,0,0,1,1,1,1
Blob2:-0.7091462,2.283519,-13.05641,0,0,0,1,1,1,1
Blob27:0.7025873,1.091416,-11.71818,0,0,0,1,1,1,1
-8587877606479822966
Blob81:-1.678601,2.349178,-12.2462,0,0,0,1,1,1,1
Blob2:-0.6724336,2.241559,-13.07191,0,0,0,1,1,1,1
Blob27:0.7025873,1.091416,-11.71818,0,0,0,1,1,1,1
-8587877606479535270
-8587877606479254909
Blob81:-1.678601,2.349178,-12.2462,0,0,0,1,1,1,1
Blob2:-0.6217876,2.184947,-13.08822,0,0,0,1,1,1,1
Blob27:0.7025873,1.091416,-11.71818,0,0,0,1,1,1,1
-8587877606478974730
Blob81:-1.678601,2.349178,-12.2462,0,0,0,1,1,1,1
Blob2:-0.5491923,2.136488,-13.10634,0,0,0,1,1,1,1
Blob27:0.7025873,1.091416,-11.71818,0,0,0,1,1,1,1
-8587877606478704437
Blob81:-1.678601,2.349178,-12.2462,0,0,0,1,1,1,1
Blob2:-0.4634785,2.107817,-13.15276,0,0,0,1,1,1,1
Blob27:0.7025873,1.091416,-11.71818,0,0,0,1,1,1,1
-8587877606478533798
-8587877606478253437
Blob81:-1.678601,2.349178,-12.2462,0,0,0,1,1,1,1
Blob2:-0.3562536,2.092929,-13.1904,0,0,0,1,1,1,1
Blob27:0.7025873,1.091416,-11.71818,0,0,0,1,1,1,1
-8587877606477963246
Blob81:-1.678601,2.349178,-12.2462,0,0,0,1,1,1,1
Blob2:-0.246533,2.103422,-13.23185,0,0,0,1,1,1,1
Blob27:0.7025873,1.091416,-11.71818,0,0,0,1,1,1,1
-8587877606477682854
Blob81:-1.678601,2.349178,-12.2462,0,0,0,1,1,1,1
Blob2:-0.1414117,2.129307,-13.28659,0,0,0,1,1,1,1
Blob27:0.7025873,1.091416,-11.71818,0,0,0,1,1,1,1
-8587877606477525452
-8587877606477255198
Blob81:-1.678601,2.349178,-12.2462,0,0,0,1,1,1,1
Blob2:-0.04918271,2.17849,-13.33187,0,0,0,1,1,1,1
Blob27:0.7025873,1.091416,-11.71818,0,0,0,1,1,1,1
-8587877606476974929
Blob81:-1.678601,2.349178,-12.2462,0,0,0,1,1,1,1
Blob2:0.0303039,2.257525,-13.38096,0,0,0,1,1,1,1
Blob27:0.7025873,1.091416,-11.71818,0,0,0,1,1,1,1
-8587877606476804771
Blob81:-1.678601,2.349178,-12.2462,0,0,0,1,1,1,1
Blob2:0.09918252,2.36878,-13.4368,0,0,0,1,1,1,1
Blob27:0.7025873,1.091416,-11.71818,0,0,0,1,1,1,1
-8587877606476514493
-8587877606476244218
Blob81:-1.678601,2.349178,-12.2462,0,0,0,1,1,1,1
Blob2:0.1394269,2.499967,-13.47248,0,0,0,1,1,1,1
Blob27:0.7025873,1.091416,-11.71818,0,0,0,1,1,1,1
-8587877606475963944
Blob81:-1.678601,2.349178,-12.2462,0,0,0,1,1,1,1
Blob2:0.1404281,2.636419,-13.50888,0,0,0,1,1,1,1
Blob27:0.7025873,1.091416,-11.71818,0,0,0,1,1,1,1
-8587877606475693687
Blob81:-1.678601,2.349178,-12.2462,0,0,0,1,1,1,1
Blob2:0.1101688,2.751042,-13.53096,0,0,0,1,1,1,1
Blob27:0.7025873,1.091416,-11.71818,0,0,0,1,1,1,1
-8587877606475493508
-8587877606475203227
Blob81:-1.678601,2.349178,-12.2462,0,0,0,1,1,1,1
Blob2:0.0374378,2.841355,-13.55468,0,0,0,1,1,1,1
Blob27:0.7025873,1.091416,-11.71818,0,0,0,1,1,1,1
-8587877606474922966
Blob81:-1.678601,2.349178,-12.2462,0,0,0,1,1,1,1
Blob2:-0.08143792,2.888251,-13.55824,0,0,0,1,1,1,1
Blob27:0.7025873,1.091416,-11.71818,0,0,0,1,1,1,1
-8587877606474649033
Blob81:-1.678601,2.349178,-12.2462,0,0,0,1,1,1,1
Blob2:-0.2147318,2.906277,-13.58022,0,0,0,1,1,1,1
Blob27:0.7025873,1.091416,-11.71818,0,0,0,1,1,1,1
-8587877606474484171
-8587877606474203905
Blob81:-1.678601,2.349178,-12.2462,0,0,0,1,1,1,1
Blob2:-0.3333036,2.888039,-13.59138,0,0,0,1,1,1,1
Blob27:0.7025873,1.091416,-11.71818,0,0,0,1,1,1,1
-8587877606473913629
Blob81:-1.678601,2.349178,-12.2462,0,0,0,1,1,1,1
Blob2:-0.4285784,2.829304,-13.5947,0,0,0,1,1,1,1
Blob27:0.7025873,1.091416,-11.71818,0,0,0,1,1,1,1
-8587877606473633358
Blob81:-1.678601,2.349178,-12.2462,0,0,0,1,1,1,1
Blob2:-0.4932513,2.756051,-13.59782,0,0,0,1,1,1,1
Blob27:0.7025873,1.091416,-11.71818,0,0,0,1,1,1,1
-8587877606473473074
Blob81:-1.678601,2.349178,-12.2462,0,0,0,1,1,1,1
Blob2:-0.510585,2.656379,-13.59079,0,0,0,1,1,1,1
Blob27:0.7025873,1.091416,-11.71818,0,0,0,1,1,1,1
-8587877606473191893
-8587877606472911670
Blob81:-1.678601,2.349178,-12.2462,0,0,0,1,1,1,1
Blob2:-0.4944711,2.54423,-13.58544,0,0,0,1,1,1,1
Blob27:0.7025873,1.091416,-11.71818,0,0,0,1,1,1,1
-8587877606472631394
Blob81:-1.678601,2.349178,-12.2462,0,0,0,1,1,1,1
Blob2:-0.4403447,2.430681,-13.57611,0,0,0,1,1,1,1
Blob27:0.7025873,1.091416,-11.71818,0,0,0,1,1,1,1
-8587877606472361245
Blob81:-1.678601,2.349178,-12.2462,0,0,0,1,1,1,1
Blob2:-0.371012,2.333206,-13.568,0,0,0,1,1,1,1
Blob27:0.7025873,1.091416,-11.71818,0,0,0,1,1,1,1
-8587877606472197333
-8587877606471917167
Blob81:-1.678601,2.349178,-12.2462,0,0,0,1,1,1,1
Blob2:-0.2794983,2.257248,-13.559,0,0,0,1,1,1,1
Blob27:0.7025873,1.091416,-11.71818,0,0,0,1,1,1,1
-8587877606471616781
Blob81:-1.678601,2.349178,-12.2462,0,0,0,1,1,1,1
Blob2:-0.1842726,2.220209,-13.53893,0,0,0,1,1,1,1
Blob27:0.7025873,1.091416,-11.71818,0,0,0,1,1,1,1
-8587877606471316475
Blob81:-1.678601,2.349178,-12.2462,0,0,0,1,1,1,1
Blob2:-0.09276429,2.230892,-13.53262,0,0,0,1,1,1,1
Blob27:0.7025873,1.091416,-11.71818,0,0,0,1,1,1,1
-8587877606471145828
Blob81:-1.678601,2.349178,-12.2462,0,0,0,1,1,1,1
Blob2:0.009759396,2.292956,-13.53822,0,0,0,1,1,1,1
Blob27:0.7025873,1.091416,-11.71818,0,0,0,1,1,1,1
-8587877606470865695
-8587877606470585288
Blob81:-1.678601,2.349178,-12.2462,0,0,0,1,1,1,1
Blob2:0.116697,2.413423,-13.51567,0,0,0,1,1,1,1
Blob27:0.7025873,1.091416,-11.71818,0,0,0,1,1,1,1
-8587877606470305157
Blob81:-1.678601,2.349178,-12.2462,0,0,0,1,1,1,1
Blob2:0.220116,2.584926,-13.52174,0,0,0,1,1,1,1
Blob27:0.7025873,1.091416,-11.71818,0,0,0,1,1,1,1
-8587877606470034675
Blob81:-1.678601,2.349178,-12.2462,0,0,0,1,1,1,1
Blob2:0.3023172,2.776668,-13.51975,0,0,0,1,1,1,1
Blob27:0.7025873,1.091416,-11.71818,0,0,0,1,1,1,1
-8587877606469873436
-8587877606469593165
Blob81:-1.678601,2.349178,-12.2462,0,0,0,1,1,1,1
Blob2:0.3502469,2.96253,-13.49822,0,0,0,1,1,1,1
Blob27:0.7025873,1.091416,-11.71818,0,0,0,1,1,1,1
-8587877606469292708
Blob81:-1.678601,2.349178,-12.2462,0,0,0,1,1,1,1
Blob2:0.3666576,3.127417,-13.47182,0,0,0,1,1,1,1
Blob27:0.7025873,1.091416,-11.71818,0,0,0,1,1,1,1
-8587877606469002478
Blob81:-1.678601,2.349178,-12.2462,0,0,0,1,1,1,1
Blob2:0.3405399,3.249089,-13.43841,0,0,0,1,1,1,1
Blob27:0.7025873,1.091416,-11.71818,0,0,0,1,1,1,1
-8587877606468835340
-8587877606468515125
Blob81:-1.678601,2.349178,-12.2462,0,0,0,1,1,1,1
Blob2:0.2763101,3.338173,-13.40245,0,0,0,1,1,1,1
Blob27:0.7025873,1.091416,-11.71818,0,0,0,1,1,1,1
-8587877606468244715
Blob81:-1.678601,2.349178,-12.2462,0,0,0,1,1,1,1
Blob2:0.1883208,3.379469,-13.3864,0,0,0,1,1,1,1
Blob27:0.7025873,1.091416,-11.71818,0,0,0,1,1,1,1
-8587877606467964602
Blob81:-1.678601,2.349178,-12.2462,0,0,0,1,1,1,1
Blob2:0.0931896,3.391817,-13.35531,0,0,0,1,1,1,1
Blob27:0.7025873,1.091416,-11.71818,0,0,0,1,1,1,1
-8587877606467694200
Blob81:-1.678601,2.349178,-12.2462,0,0,0,1,1,1,1
Blob2:0.01041168,3.375247,-13.32756,0,0,0,1,1,1,1
Blob27:0.7025873,1.091416,-11.71818,0,0,0,1,1,1,1
-8587877606467534154
-8587877606467263905
Blob81:-1.678601,2.349178,-12.2462,0,0,0,1,1,1,1
Blob2:-0.06012896,3.402895,-13.26021,0,0,0,1,1,1,1
Blob27:0.7025873,1.091416,-11.71818,0,0,0,1,1,1,1
-8587877606466963609
Blob81:-1.678601,2.349178,-12.2462,0,0,0,1,1,1,1
Blob2:-0.09764487,3.455864,-13.21161,0,0,0,1,1,1,1
Blob27:0.7025873,1.091416,-11.71818,0,0,0,1,1,1,1
-8587877606466699191
-8587877606466538756
-8587877606466258485
-8587877606465988087
-8587877606465828028
-8587877606465547752
-8587877606465267498
-8587877606464957201
-8587877606464666922
-8587877606464506769
-8587877606464216472
-8587877606463936213
-8587877606463665952
-8587877606463495632
-8587877606463205236
-8587877606462915242
-8587877606462644824
-8587877606462484793
-8587877606462204527
-8587877606461924117
-8587877606461643986
-8587877606461456210
-8587877606461075958
-8587877606460615406
-8587877606460325246
-8587877606460164109
-8587877606459883835
-8587877606459603558
-8587877606459323302
-8587877606459163154
-8587877606458872857
-8587877606458592599
-8587877606458312235
-8587877606458146562
-8587877606457866298
-8587877606457599380
-8587877606457329121
-8587877606457158937
-8587877606456868661
-8587877606456588390
-8587877606456308118
-8587877606456037861
-8587877606455874736
-8587877606455604599
-8587877606455332666
-8587877606455168662
-8587877606454888395
-8587877606454608127
-8587877606454225757
-8587877606453935558
-8587877606453655289
-8587877606453485129
-8587877606453204857
-8587877606452934613
-8587877606452664339
-8587877606452496981
-8587877606452226724
-8587877606451966462
-8587877606451696208
-8587877606451536287
-8587877606451266028
-8587877606451005778
-8587877606450839785
-8587877606450569472
-8587877606450299354
-8587877606449999071
-8587877606449823846
-8587877606449543580
-8587877606449157447
-8587877606448867018
-8587877606448596894
-8587877606448336750
-8587877606448166394
-8587877606447886154
-8587877606447615825
-8587877606447335702
-8587877606447166481
-8587877606446866185
-8587877606446465804
-8587877606446135477
-8587877606445836801
-8587877606445576675
-8587877606445296398
-8587877606445036108
-8587877606444866559
-8587877606444606319
-8587877606444340356
-8587877606444179570
-8587877606443899293
-8587877606443619017
-8587877606443328625
-8587877606443168715
-8587877606442898456
-8587877606442628194
-8587877606442307884
-8587877606441997594
-8587877606441827431
-8587877606441547159
-8587877606441266893
