-8587877661105426719
Blob78:0.1715031,1.379389,-11.18319,0,0,0,1,1,1,1
Blob75:-1.681594,3.430928,-13.50157,0,0,0,1,1,1,1
Blob94:-0.6925409,3.292857,-12.21311,0,0,0,1,1,1,1
-8587877661103135656
-8587877661102645260
-8587877661102284914
-8587877661101934581
-8587877661101594254
-8587877661101253928
-8587877661100903453
-8587877661100533229
-8587877661100182903
-8587877661099842430
-8587877661099502240
-8587877661099171928
-8587877661098831599
-8587877661098471258
-8587877661098119192
-8587877661097788918
-8587877661097457237
-8587877661097116511
-8587877661096786578
-8587877661096436242
-8587877661096102991
-8587877661095767913
-8587877661095447997
-8587877661095127687
-8587877661094807221
-8587877661094486912
-8587877661094136593
-8587877661093816286
-8587877661093495979
-8587877661093175669
-8587877661092855364
-8587877661092535057
-8587877661092214750
-8587877661091867199
-8587877661091546840
-8587877661091216518
-8587877661090896275
-8587877661090565905
-8587877661090245743
-8587877661089905255
-8587877661089555086
-8587877661089164716
-8587877661088734301
-8587877661088413988
-8587877661088103693
-8587877661087763367
-8587877661087402875
-8587877661087042537
-8587877661086722271
-8587877661086391905
-8587877661086031547
-8587877661085711386
-8587877661085320985
-8587877661085000678
-8587877661084680366
-8587877661084320028
-8587877661083999715
-8587877661083689420
-8587877661083308938
-8587877661082988579
-8587877661082818431
-8587877661082493447
-8587877661082163132
-8587877661081822806
-8587877661081542537
-8587877661081252415
-8587877661080972008
-8587877661080681732
-8587877661080511627
-8587877661080231366
-8587877661079961107
-8587877661079682392
-8587877661079521975
-8587877661079241706
-8587877661078951409
-8587877661078681063
-8587877661078510885
-8587877661078220609
-8587877661077940457
-8587877661077670183
-8587877661077389929
-8587877661077229771
-8587877661076929488
-8587877661076649216
-8587877661076348764
-8587877661076180209
-8587877661075899935
-8587877661075619666
-8587877661075339397
-8587877661075178475
-8587877661074898299
-8587877661074601548
-8587877661074321234
-8587877661074050874
-8587877661073880791
-8587877661073610521
-8587877661073320219
-8587877661073039981
-8587877661072878845
-8587877661072598594
-8587877661072308297
-8587877661072008130
-8587877661071837826
-8587877661071557562
-8587877661071277265
-8587877661070996996
-8587877661070842054
-8587877661070551681
-8587877661070257642
-8587877661069937332
-8587877661069637044
-8587877661069336946
-8587877661069174196
-8587877661068893922
-8587877661068613653
-8587877661068333384
-8587877661068165768
-8587877661067885499
-8587877661067615235
-8587877661067331216
-8587877661067170458
-8587877661066800190
-8587877661066489731
-8587877661066199619
-8587877661065909338
-8587877661065628913
-8587877661065343951
-8587877661065187067
-8587877661064891876
-8587877661064611650
-8587877661064321392
-8587877661064051269
-8587877661063881884
-8587877661063611560
-8587877661063311426
-8587877661063031154
-8587877661062870973
-8587877661062560685
-8587877661062270397
-8587877661061992534
-8587877661061694657
-8587877661061524325
-8587877661061244056
-8587877661060963811
-8587877661060673619
-8587877661060516809
-8587877661060226533
-8587877661059946264
-8587877661059635913
-8587877661059345580
-8587877661059175683
-8587877661058865388
-8587877661058374920
-8587877661058034596
-8587877661057744149
-8587877661057451991
-8587877661057171728
-8587877661056891459
-8587877661056611187
-8587877661056316393
-8587877661056046154
-8587877661055875804
-8587877661055595525
-8587877661055305259
-8587877661054974935
-8587877661054674657
-8587877661054514503
-8587877661054235141
-8587877661053954867
-8587877661053680703
-8587877661053509782
-8587877661053209617
-8587877661052919183
-8587877661052639072
-8587877661052348794
-8587877661052188325
-8587877661051898047
-8587877661051617617
-8587877661051337415
-8587877661051167410
-8587877661050887151
-8587877661050596865
-8587877661050316586
-8587877661050040598
-8587877661049880403
-8587877661049600137
-8587877661049319783
-8587877661049009565
-8587877661048844601
-8587877661048555933
-8587877661048285592
-8587877661047965366
-8587877661047675088
-8587877661047515582
-8587877661047235410
-8587877661046930435
-8587877661046644165
-8587877661046363902
-8587877661046203551
-8587877661045923282
-8587877661045643005
-8587877661045342722
-8587877661045178532
-8587877661044898255
-8587877661044607982
-8587877661044317557
-8587877661044007398
-8587877661043837245
-8587877661043556968
-8587877661043266685
-8587877661042976306
-8587877661042676121
-8587877661042510873
-8587877661042230604
-8587877661041950330
-8587877661041680073
-8587877661041516609
-8587877661041216298
-8587877661040935297
-8587877661040614990
-8587877661040304395
-8587877661040034256
-8587877661039866712
-8587877661039586438
-8587877661039296162
-8587877661039005886
-8587877661038840341
-8587877661038550068
-8587877661038250694
-8587877661037960418
-8587877661037680054
-8587877661037509725
-8587877661037219564
-8587877661036939152
-8587877661036648853
-8587877661036368748
-8587877661036208463
-8587877661035928192
-8587877661035644070
-8587877661035342187
-8587877661035175293
-8587877661034895017
-8587877661034604738
-8587877661034314455
-8587877661034014177
-8587877661033854056
-8587877661033523668
-8587877661033243384
-8587877661032893191
-8587877661032612838
-8587877661032322656
-8587877661032042247
-8587877661031882119
-8587877661031601847
-8587877661031321691
-8587877661031041266
-8587877661030871597
-8587877661030591336
-8587877661030311067
-8587877661030040807
-8587877661029870524
-8587877661029590247
-8587877661029309978
-8587877661029009690
-8587877661028839537
-8587877661028559261
-8587877661028268962
-8587877661027978704
-8587877661027678423
-8587877661027513593
-8587877661027233314
-8587877661026943045
-8587877661026672786
-8587877661026472525
-8587877661026193449
-8587877661025923272
-8587877661025622978
-8587877661025352681
-8587877661025187492
-8587877661024897216
-8587877661024606937
-8587877661024314247
-8587877661024033981
-8587877661023878428
-8587877661023598266
-8587877661023297978
-8587877661023007700
-8587877661022847300
-8587877661022556976
-8587877661022276758
-8587877661021996435
-8587877661021837088
-8587877661021546817
-8587877661021256536
-8587877661020966263
-8587877661020675982
-8587877661020516676
-8587877661020236404
-8587877661019956138
-8587877661019685879
-8587877661019485950
-8587877661019195508
-8587877661018905265
-8587877661018624953
-8587877661018344095
-8587877661018183225
-8587877661017903015
-8587877661017622708
-8587877661017342574
-8587877661017172245
-8587877661016901978
-8587877661016601651
-8587877661016311434
-8587877661016041114
-8587877661015882783
-8587877661015602514
-8587877661015312146
-8587877661015031959
-8587877661014871396
-8587877661014591147
-8587877661014290954
-8587877661014010544
-8587877661013840071
-8587877661013549772
-8587877661013259540
-8587877661012969261
-8587877661012669065
-8587877661012505512
-8587877661012175088
-8587877661011884822
-8587877661011594648
-8587877661011314372
-8587877661011034106
-8587877661010872157
-8587877661010593394
-8587877661010303177
-8587877661010002994
-8587877661009832685
-8587877661009552408
-8587877661009272139
-8587877661008981876
-8587877661008711624
-8587877661008548209
-8587877661008268063
-8587877661007947656
-8587877661007665833
-8587877661007505621
-8587877661007205340
-8587877661006925072
-8587877661006638920
-8587877661006337836
-8587877661006177682
-8587877661005887404
-8587877661005597133
-8587877661005306854
-8587877661004966523
-8587877661004672430
-8587877661004501662
-8587877661004211499
-8587877661003921103
-8587877661003640829
-8587877661003340664
-8587877661003180228
-8587877661002879938
-8587877661002599666
-8587877661002319357
-8587877661002049082
-8587877661001878545
-8587877661001588417
-8587877661001308172
-8587877661001038053
-8587877661000866569
-8587877661000596340
-8587877661000306062
-8587877661000035800
-8587877660999878393
-8587877660999598222
-8587877660999317930
-8587877660999027659
-8587877660998867423
-8587877660998587239
-8587877660998316970
-8587877660997966651
-8587877660997646349
-8587877660997376008
-8587877660997208558
-8587877660996938289
-8587877660996648013
-8587877660996377754
-8587877660996211881
-8587877660995931602
-8587877660995631234
-8587877660995351045
-8587877660995187351
-8587877660994907085
-8587877660994616742
-8587877660994346657
-8587877660994172341
-8587877660993892067
-8587877660993601797
-8587877660993321517
-8587877660993041243
-8587877660992870796
-8587877660992600542
-8587877660992320270
-8587877660992040007
-8587877660991869631
-8587877660991589319
-8587877660991309211
-8587877660990968790
-8587877660990678483
-8587877660990507347
-8587877660990227086
-8587877660989946817
-8587877660989666546
-8587877660989500742
-8587877660989208300
-8587877660988927998
-8587877660988649416
-8587877660988379254
-8587877660988210067
-8587877660987919768
-8587877660987639614
-8587877660987349335
-8587877660987189184
-8587877660986888776
-8587877660986608627
-8587877660986318331
-8587877660986037893
-8587877660985877668
-8587877660985597402
-8587877660985317240
-8587877660985006950
-8587877660984836789
-8587877660984545113
-8587877660984265001
-8587877660983975183
-8587877660983645004
-8587877660983344563
-8587877660983189019
-8587877660982892620
-8587877660982602193
-8587877660982322065
-8587877660982041801
-8587877660981873102
-8587877660981602848
-8587877660981322574
-8587877660981041430
-8587877660980880905
-8587877660980604077
-8587877660980291844
-8587877660979873837
-8587877660979543512
-8587877660979233317
-8587877660978952915
-8587877660978642661
-8587877660978372327
-8587877660978205139
-8587877660977924777
-8587877660977634594
-8587877660977343468
-8587877660977173282
-8587877660976893015
-8587877660976582707
-8587877660976262398
-8587877660975982131
-8587877660975671831
-8587877660975511403
-8587877660975231260
-8587877660974940992
-8587877660974670720
-8587877660974505011
-8587877660974221893
-8587877660973933381
-8587877660973653109
-8587877660973372950
-8587877660973212656
-8587877660972932413
-8587877660972652093
-8587877660972341933
-8587877660972181611
-8587877660971901459
-8587877660971611022
-8587877660971320739
-8587877660971030619
-8587877660970868842
-8587877660970598583
-8587877660970308304
-8587877660970002264
-8587877660969839284
-8587877660969553281
-8587877660969122865
-8587877660968832712
-8587877660968542431
-8587877660968252007
-8587877660967981894
-8587877660967711634
-8587877660967540962
-8587877660967260808
-8587877660966970432
-8587877660966670149
-8587877660966509550
-8587877660966219246
-8587877660965929091
-8587877660965648819
-8587877660965378552
-8587877660965218399
-8587877660964928118
-8587877660964647859
-8587877660964357419
-8587877660964187315
-8587877660963907048
-8587877660963616757
-8587877660963336506
-8587877660963170877
-8587877660962890610
-8587877660962600337
-8587877660962320004
-8587877660962039802
-8587877660961878133
-8587877660961607866
-8587877660961297576
-8587877660961007285
-8587877660960839348
-8587877660960561732
-8587877660960271430
-8587877660959991277
-8587877660959721028
-8587877660959550334
-8587877660959280057
-8587877660958969777
-8587877660958679496
-8587877660958509215
-8587877660958219027
-8587877660957938763
-8587877660957648479
-8587877660957378225
-8587877660957217913
-8587877660956937654
-8587877660956647373
-8587877660956347085
-8587877660956185091
-8587877660955914826
-8587877660955634565
-8587877660955348733
-8587877660955188534
-8587877660954868229
-8587877660954577948
-8587877660954307689
-8587877660953997388
-8587877660953837235
-8587877660953556971
-8587877660953266692
-8587877660952986418
-8587877660952716162
-8587877660952545927
-8587877660952165544
-8587877660951863976
-8587877660951573685
-8587877660951300251
-8587877660951009988
-8587877660950839471
-8587877660950559213
-8587877660950268932
-8587877660949978651
-8587877660949708389
-8587877660949538356
-8587877660949258085
-8587877660948967814
-8587877660948677820
-8587877660948507464
-8587877660948212726
-8587877660947912441
-8587877660947604593
-8587877660947314128
-8587877660947034102
-8587877660946874012
-8587877660946593749
-8587877660946313475
-8587877660946043215
-8587877660945872922
-8587877660945592658
-8587877660945300034
-8587877660945003246
-8587877660944843028
-8587877660944562764
-8587877660944282490
-8587877660943971873
-8587877660943641466
-8587877660943341270
-8587877660943180781
-8587877660942890511
-8587877660942610231
-8587877660942319940
-8587877660942049607
-8587877660941889543
-8587877660941589262
-8587877660941308996
-8587877660941038737
-8587877660940876189
-8587877660940575627
-8587877660940295466
