-8587881036185250176
Blob35:0.9783649,3.623878,-10.77427,0,0,0,1,1,1,1
Blob66:0.004157931,1.530756,-11.57221,0,0,0,1,1,1,1
Blob87:-0.1021384,1.973641,-12.13584,0,0,0,1,1,1,1
-8587881036183310544
-8587881036182890140
-8587881036182649913
-8587881036182419693
-8587881036182239524
-8587881036181999292
-8587881036181828999
-8587881036181588764
-8587881036181338528
-8587881036181162777
-8587881036180902524
-8587881036180672309
-8587881036180502067
-8587881036180261833
-8587881036180021465
-8587881036179858696
-8587881036179626111
-8587881036179376015
-8587881036179209547
-8587881036178829063
-8587881036178558808
-8587881036178318573
-8587881036178068339
-8587881036177899692
-8587881036177659463
-8587881036177429243
-8587881036177253646
-8587881036177013532
-8587881036176850453
-8587881036176610221
-8587881036176339965
-8587881036176167266
-8587881036175917032
-8587881036175686902
-8587881036175506157
-8587881036175275886
-8587881036175035800
-8587881036174865225
-8587881036174634998
-8587881036174424712
-8587881036174254642
-8587881036174034432
-8587881036173867715
-8587881036173647610
-8587881036173427407
-8587881036173264106
-8587881036173043980
-8587881036172873843
-8587881036172643626
-8587881036172423352
-8587881036172243392
-8587881036171782870
-8587881036171512569
-8587881036171282477
-8587881036171052255
-8587881036170891956
-8587881036170681906
-8587881036170513177
-8587881036170282827
-8587881036170022717
-8587881036169852531
-8587881036169611711
-8587881036169371351
-8587881036169215258
-8587881036168985036
-8587881036168764815
-8587881036168594473
-8587881036168364159
-8587881036168204101
-8587881036167963725
-8587881036167703569
-8587881036167544509
-8587881036167314282
-8587881036167162830
-8587881036166922596
-8587881036166680749
-8587881036166510502
-8587881036166280269
-8587881036166039907
-8587881036165869680
-8587881036165649467
-8587881036165399226
-8587881036165234688
-8587881036165014478
-8587881036164853359
-8587881036164633247
-8587881036164392938
-8587881036164224611
-8587881036163994391
-8587881036163834855
-8587881036163594741
-8587881036163334492
-8587881036163163037
-8587881036162932810
-8587881036162712594
-8587881036162542365
-8587881036162310254
-8587881036162090049
-8587881036161920012
-8587881036161699804
-8587881036161529488
-8587881036161309273
-8587881036161059039
-8587881036160898937
-8587881036160668622
-8587881036160508567
-8587881036160258223
-8587881036159997982
-8587881036159837921
-8587881036159607707
-8587881036159377441
-8587881036159207284
-8587881036158987076
-8587881036158736834
-8587881036158576738
-8587881036158336424
-8587881036158176212
-8587881036157935991
-8587881036157715770
-8587881036157546368
-8587881036157315977
-8587881036157145932
-8587881036156904599
-8587881036156664362
-8587881036156444157
-8587881036156274028
-8587881036156023779
-8587881036155853619
-8587881036155463246
-8587881036155243038
-8587881036154992748
-8587881036154834853
-8587881036154594588
-8587881036154344441
-8587881036154184117
-8587881036153953838
-8587881036153733695
-8587881036153563430
-8587881036153303232
-8587881036152972958
-8587881036152722727
-8587881036152550258
-8587881036152190011
-8587881036151919528
-8587881036151689295
-8587881036151528973
-8587881036151238530
-8587881036150938294
-8587881036150708090
-8587881036150537909
-8587881036150277658
-8587881036150037337
-8587881036149879677
-8587881036149629431
-8587881036149409218
-8587881036149249075
-8587881036149008843
-8587881036148848693
-8587881036148598290
-8587881036148338108
-8587881036148208082
-8587881036147977718
-8587881036147707601
-8587881036147537370
-8587881036147307155
-8587881036147046768
-8587881036146881081
-8587881036146640977
-8587881036146410606
-8587881036146250560
-8587881036146020341
-8587881036145855162
-8587881036145584764
-8587881036145274519
-8587881036145044394
-8587881036144883012
-8587881036144652761
-8587881036144498166
-8587881036144267939
-8587881036144027709
-8587881036143867418
-8587881036143577167
-8587881036143356956
-8587881036143186743
-8587881036142926561
-8587881036142696426
-8587881036142526038
-8587881036142285803
-8587881036141965490
-8587881036141715123
-8587881036141554970
-8587881036141314692
-8587881036141157004
-8587881036140916775
-8587881036140676558
-8587881036140516290
-8587881036140285925
-8587881036140115788
-8587881036139875556
-8587881036139645346
-8587881036139485178
-8587881036139244864
-8587881036139014724
-8587881036138844577
-8587881036138604342
-8587881036138374125
-8587881036138213975
-8587881036137983757
-8587881036137723511
-8587881036137583262
-8587881036137272930
-8587881036136962775
-8587881036136722392
-8587881036136552288
-8587881036136322161
-8587881036136165039
-8587881036135934939
-8587881036135704717
-8587881036135534549
-8587881036135224107
-8587881036135003946
-8587881036134833765
-8587881036134603666
-8587881036134373446
-8587881036134203268
-8587881036133983058
-8587881036133812867
-8587881036133592701
-8587881036133352469
-8587881036133192132
-8587881036132951766
-8587881036132731574
-8587881036132571536
-8587881036132321298
-8587881036132181125
-8587881036131930879
-8587881036131690657
-8587881036131527668
-8587881036131297571
-8587881036130987267
-8587881036130756893
-8587881036130566863
-8587881036130336653
-8587881036130181631
-8587881036129941414
-8587881036129711179
-8587881036129551031
-8587881036129310792
-8587881036129090602
-8587881036128870302
-8587881036128640087
-8587881036128389370
-8587881036128224834
-8587881036127994719
-8587881036127834559
-8587881036127604198
-8587881036127343637
-8587881036127182934
-8587881036126942797
-8587881036126622499
-8587881036126372260
-8587881036126201954
-8587881036125961868
-8587881036125721436
-8587881036125551256
-8587881036125321052
-8587881036125160886
-8587881036124930681
-8587881036124610140
-8587881036124380000
-8587881036124217829
-8587881036123977434
-8587881036123816784
-8587881036123582840
-8587881036123354650
-8587881036123184475
-8587881036122954270
-8587881036122724050
-8587881036122560009
-8587881036122319779
-8587881036122159496
-8587881036121916658
-8587881036121656415
-8587881036121526285
-8587881036121306073
-8587881036121131648
-8587881036120911437
-8587881036120691225
-8587881036120521065
-8587881036120300854
-8587881036120050618
-8587881036119881101
-8587881036119650881
-8587881036119490736
-8587881036119260506
-8587881036119020271
-8587881036118859995
-8587881036118639785
-8587881036118469579
-8587881036118239352
-8587881036118022042
-8587881036117851193
-8587881036117610964
-8587881036117390759
-8587881036117230568
-8587881036117000350
-8587881036116830951
-8587881036116570800
-8587881036116270367
-8587881036116030125
-8587881036115869985
-8587881036115639750
-8587881036115479597
-8587881036115249385
-8587881036115009155
-8587881036114849008
-8587881036114608778
-8587881036114378558
-8587881036114218367
-8587881036113988150
-8587881036113817844
-8587881036113587765
-8587881036113347536
-8587881036113191515
-8587881036112951339
-8587881036112721122
-8587881036112550929
-8587881036112320699
-8587881036111977545
-8587881036111757171
-8587881036111587172
-8587881036111356248
-8587881036111196016
-8587881036110965894
-8587881036110725664
-8587881036110565470
-8587881036110335251
-8587881036110165021
-8587881036109864732
-8587881036109644525
-8587881036109476986
-8587881036109237325
-8587881036109007269
-8587881036108845107
-8587881036108614900
-8587881036108384662
-8587881036108214502
-8587881036107984295
-8587881036107663242
-8587881036107443054
-8587881036107242861
-8587881036107022653
-8587881036106852488
-8587881036106619506
-8587881036106379108
-8587881036106219027
-8587881036105953878
-8587881036105623437
-8587881036105303121
-8587881036105042886
-8587881036104872393
-8587881036104652178
-8587881036104482171
-8587881036104231771
-8587881036103961692
-8587881036103611355
-8587881036103381130
-8587881036103220980
-8587881036102990763
-8587881036102822167
-8587881036102591778
-8587881036102351718
-8587881036102191527
-8587881036101961307
-8587881036101650975
-8587881036101420760
-8587881036101260605
-8587881036101020370
-8587881036100859275
-8587881036100619043
-8587881036100288730
-8587881036100028479
-8587881036099888346
-8587881036099578054
-8587881036099347740
-8587881036099187684
-8587881036098937443
-8587881036098617140
-8587881036098371524
-8587881036098211233
-8587881036097981003
-8587881036097810851
-8587881036097500549
-8587881036097270327
-8587881036096949614
-8587881036096719410
-8587881036096549245
-8587881036096329034
-8587881036096158874
-8587881036095908536
-8587881036095668404
-8587881036095498226
-8587881036095268009
-8587881036095027784
-8587881036094857527
-8587881036094617403
-8587881036094347024
-8587881036094186987
-8587881036093926731
-8587881036093626441
-8587881036093296131
-8587881036092915776
-8587881036092645518
-8587881036092475191
-8587881036092215107
-8587881036091834738
-8587881036091584505
-8587881036091284218
-8587881036091043991
-8587881036090883838
-8587881036090633597
-8587881036090303284
-8587881036090053045
-8587881036089882883
-8587881036089652660
-8587881036089492507
-8587881036089182211
-8587881036088931975
-8587881036088601488
-8587881036088321220
-8587881036088191096
-8587881036087940752
-8587881036087690634
-8587881036087520471
-8587881036087280242
-8587881036086949916
-8587881036086709687
-8587881036086549542
-8587881036086319322
-8587881036086148519
-8587881036085918299
-8587881036085678057
-8587881036085507903
-8587881036085267678
-8587881036084947370
-8587881036084716981
-8587881036084546990
-8587881036084316763
-8587881036084086551
-8587881036083876350
-8587881036083646130
-8587881036083485883
-8587881036083225629
-8587881036082895411
-8587881036082665027
-8587881036082505041
-8587881036082194744
-8587881036081954515
-8587881036081694264
-8587881036081533996
-8587881036081293887
-8587881036081123719
-8587881036080823435
-8587881036080513139
-8587881036080282922
-8587881036080042690
-8587881036079882419
-8587881036079652317
-8587881036079492164
-8587881036079251935
-8587881036078951648
-8587881036078631342
-8587881036078370951
-8587881036078200931
-8587881036077970712
-8587881036077710343
-8587881036077560279
-8587881036077303842
-8587881036077043601
-8587881036076873347
-8587881036076573163
-8587881036076342943
-8587881036076177130
-8587881036075937026
-8587881036075606559
-8587881036075366358
-8587881036075206205
-8587881036074986118
-8587881036074815938
-8587881036074475485
-8587881036074225253
-8587881036073894818
-8587881036073664705
-8587881036073494435
-8587881036073254324
-8587881036073024107
-8587881036072843927
-8587881036072613699
-8587881036072273385
-8587881036072023028
-8587881036071852986
-8587881036071576366
-8587881036071346136
-8587881036071180838
-8587881036070940726
-8587881036070620420
-8587881036070380194
-8587881036070209860
-8587881036069969797
-8587881036069789627
-8587881036069549398
-8587881036069299159
-8587881036068988858
-8587881036068758520
-8587881036068588465
-8587881036068348251
-8587881036068177771
-8587881036067937547
-8587881036067697318
-8587881036067516700
-8587881036067266600
-8587881036067036285
-8587881036066866998
-8587881036066626779
-8587881036066386268
-8587881036066196365
-8587881036065885934
-8587881036065585649
-8587881036065355432
-8587881036065180147
-8587881036064940164
-8587881036064699942
-8587881036064529774
-8587881036064299562
-8587881036064129392
-8587881036063798800
-8587881036063568729
-8587881036063318477
-8587881036063148317
-8587881036062918108
-8587881036062687885
-8587881036062507393
-8587881036062272965
-8587881036062002863
-8587881036061852556
-8587881036061612334
-8587881036061382107
-8587881036061211783
-8587881036060941681
-8587881036060811567
-8587881036060561164
-8587881036060331101
-8587881036060160833
-8587881036059930634
-8587881036059640390
-8587881036059410175
-8587881036059206124
-8587881036058976047
-8587881036058805888
-8587881036058555646
-8587881036058295400
-8587881036058135245
-8587881036057895015
-8587881036057604741
-8587881036057354356
-8587881036057184194
-8587881036056954115
-8587881036056703783
-8587881036056533552
-8587881036056303481
-8587881036056143343
-8587881036055913123
-8587881036055652875
-8587881036055522753
-8587881036055292520
-8587881036055052301
-8587881036054894163
-8587881036054663948
-8587881036054503790
-8587881036054263564
-8587881036054023334
-8587881036053863035
-8587881036053632803
-8587881036053293522
-8587881036053053288
-8587881036052883123
-8587881036052662198
-8587881036052502033
-8587881036052271813
-8587881036052041493
-8587881036051861093
-8587881036051620803
-8587881036051300492
-8587881036050970545
-8587881036050710304
-8587881036050560066
-8587881036050299918
-8587881036050159779
-8587881036049909517
-8587881036049679315
-8587881036049509157
-8587881036049178791
-8587881036048938579
-8587881036048698350
-8587881036048528067
-8587881036048287956
-8587881036048057733
-8587881036047857537
-8587881036047607160
-8587881036047357064
-8587881036047196914
-8587881036046956687
-8587881036046726467
-8587881036046556295
-8587881036046346102
-8587881036046165922
-8587881036045915681
-8587881036045675464
-8587881036045515309
-8587881036045275082
-8587881036044924745
-8587881036044694528
-8587881036044522256
-8587881036044281862
-8587881036044051676
-8587881036043881513
-8587881036043641420
-8587881036043390981
-8587881036043210817
-8587881036042899143
-8587881036042578838
-8587881036042338621
-8587881036042178455
-8587881036041938239
-8587881036041708021
-8587881036041527977
-8587881036041297855
-8587881036040977544
-8587881036040627069
-8587881036040386842
-8587881036040216564
-8587881036039996462
-8587881036039826309
-8587881036039556041
-8587881036039235623
-8587881036039005403
-8587881036038845373
-8587881036038535077
-8587881036038304857
-8587881036038144650
-8587881036037904329
-8587881036037583920
-8587881036037353690
-8587881036037183418
-8587881036036943309
-8587881036036693055
-8587881036036522905
-8587881036036262656
-8587881036035942351
-8587881036035702121
-8587881036035521952
-8587881036035271708
-8587881036035021474
-8587881036034851209
-8587881036034611082
-8587881036034280631
-8587881036034020388
-8587881036033890143
-8587881036033660041
-8587881036033489876
-8587881036033249488
-8587881036033019427
-8587881036032849270
-8587881036032609040
-8587881036032288729
-8587881036032048500
-8587881036031888345
-8587881036031658132
-8587881036031497974
-8587881036031267752
-8587881036030957458
-8587881036030717226
-8587881036030547064
-8587881036030230396
-8587881036030000268
-8587881036029840123
-8587881036029599901
-8587881036029293624
-8587881036029063499
-8587881036028893250
-8587881036028623081
-8587881036028372840
-8587881036028202083
-8587881036027971866
-8587881036027647703
-8587881036027417483
-8587881036027247223
-8587881036027017925
-8587881036026847752
-8587881036026597511
-8587881036026357281
-8587881036026187011
-8587881036025946682
-8587881036025696497
-8587881036025526386
-8587881036025266124
-8587881036025015898
-8587881036024845736
-8587881036024575478
-8587881036024245160
-8587881036023924854
-8587881036023694634
-8587881036023524474
-8587881036023274235
-8587881036023034004
-8587881036022863792
-8587881036022633568
-8587881036022383329
-8587881036022213097
-8587881036021982957
-8587881036021815794
-8587881036021585411
-8587881036021355209
-8587881036021184465
-8587881036020944236
-8587881036020693997
-8587881036020524109
-8587881036020303901
-8587881036020141278
-8587881036019901146
-8587881036019600856
-8587881036019270124
-8587881036019030063
-8587881036018869519
-8587881036018639307
-8587881036018378892
-8587881036018208890
-8587881036017958652
-8587881036017825358
-8587881036017514814
-8587881036017284594
-8587881036017054233
-8587881036016894221
-8587881036016663840
-8587881036016493839
-8587881036016257071
-8587881036015956343
-8587881036015726126
-8587881036015566030
-8587881036015335802
-8587881036015169521
-8587881036014939301
-8587881036014699069
-8587881036014538916
-8587881036014308704
-8587881036014142097
-8587881036013901791
-8587881036013671748
-8587881036013501583
-8587881036013251344
-8587881036013010971
-8587881036012820890
-8587881036012590711
-8587881036012360494
-8587881036012200330
-8587881036011970121
-8587881036011804443
-8587881036011574106
-8587881036011273799
-8587881036010963497
-8587881036010713161
-8587881036010545633
-8587881036010325284
-8587881036010155053
-8587881036009914739
-8587881036009684663
-8587881036009514500
-8587881036009214216
-8587881036008994003
-8587881036008825008
-8587881036008592259
-8587881036008341908
-8587881036008184133
-8587881036007946351
-8587881036007626191
-8587881036007375788
-8587881036007187268
-8587881036006957215
-8587881036006726997
-8587881036006555734
-8587881036006309174
-8587881036005988553
-8587881036005761185
-8587881036005601035
-8587881036005350796
-8587881036005181942
-8587881036004951835
-8587881036004721615
-8587881036004561411
-8587881036004332522
-8587881036004172326
-8587881036003922082
-8587881036003691867
-8587881036003521704
-8587881036003271463
-8587881036002970746
-8587881036002650487
-8587881036002430363
-8587881036002270221
-8587881036002009957
-8587881036001839646
-8587881036001589573
-8587881036001339235
-8587881036001189181
-8587881036000878887
-8587881036000638660
-8587881036000478510
-8587881036000238160
-8587881036000008061
-8587881035999837781
-8587881035999597636
-8587881035999273720
-8587881035999043639
-8587881035998873484
-8587881035998643259
-8587881035998483040
-8587881035998227059
-8587881035997986832
-8587881035997816603
-8587881035997576307
-8587881035997346049
-8587881035997175712
-8587881035996935480
-8587881035996635148
-8587881035996334866
-8587881035996204744
-8587881035995974530
-8587881035995807501
-8587881035995567156
-8587881035995336908
-8587881035995176858
-8587881035994946638
-8587881035994726420
-8587881035994546253
-8587881035994316031
-8587881035994153666
-8587881035993922709
-8587881035993682472
-8587881035993519889
-8587881035993289659
-8587881035993059442
-8587881035992899000
-8587881035992658748
-8587881035992518737
-8587881035992278410
-8587881035992058295
-8587881035991888002
-8587881035991647764
-8587881035991467600
-8587881035991237365
-8587881035990937089
-8587881035990686852
-8587881035990526692
-8587881035990236414
-8587881035990016204
-8587881035989846103
-8587881035989605879
-8587881035989335621
-8587881035989165351
-8587881035988935123
-8587881035988724925
-8587881035988544758
-8587881035988326845
-8587881035988156523
-8587881035987936305
-8587881035987655743
-8587881035987435533
-8587881035987265373
-8587881035987045163
-8587881035986874617
-8587881035986644389
-8587881035986424179
-8587881035986264034
-8587881035985993776
-8587881035985773507
-8587881035985608794
-8587881035985388589
-8587881035985216269
-8587881035984996058
-8587881035984825852
-8587881035984560781
-8587881035984340576
-8587881035984172420
-8587881035983882138
-8587881035983671945
-8587881035983504890
-8587881035983284678
-8587881035982992109
-8587881035982781924
-8587881035982611762
-8587881035982381544
-8587881035982214997
-8587881035981994684
-8587881035981824393
-8587881035981604188
-8587881035981314065
-8587881035981103869
-8587881035980939175
-8587881035980718960
-8587881035980556741
-8587881035980336536
-8587881035980166368
-8587881035979935987
-8587881035979635867
-8587881035979425500
-8587881035979255496
-8587881035979035163
-8587881035978865080
-8587881035978644864
-8587881035978474758
-8587881035978234529
-8587881035977964271
-8587881035977725421
-8587881035977555261
-8587881035977334918
-8587881035977163094
-8587881035976942858
-8587881035976702516
-8587881035976537077
-8587881035976316859
-8587881035976146036
-8587881035975915727
-8587881035975695701
-8587881035975515296
-8587881035975294924
-8587881035975054851
-8587881035974884694
-8587881035974674488
-8587881035974504331
-8587881035974274103
-8587881035974053895
-8587881035973883782
-8587881035973663579
-8587881035973504327
-8587881035973234069
-8587881035972963673
-8587881035972713575
-8587881035972554290
-8587881035972334074
-8587881035972167731
-8587881035971937507
-8587881035971707284
-8587881035971546880
-8587881035971282654
-8587881035971052431
-8587881035970890699
-8587881035970670484
-8587881035970500375
-8587881035970280024
-8587881035970039789
-8587881035969872983
-8587881035969512462
-8587881035969232220
-8587881035968961968
-8587881035968731748
-8587881035968561488
-8587881035968341375
-8587881035968171213
-8587881035967940993
-8587881035967720783
-8587881035967550612
-8587881035967340419
-8587881035967169986
-8587881035966949768
-8587881035966721621
-8587881035966561509
-8587881035966341315
-8587881035966176579
-8587881035965946244
-8587881035965726011
-8587881035965555995
-8587881035965335792
-8587881035965169119
-8587881035964948911
-8587881035964676398
-8587881035964506294
-8587881035964276079
-8587881035964055864
-8587881035963885402
-8587881035963545164
-8587881035963254887
-8587881035962954603
-8587881035962734393
-8587881035962564233
-8587881035962354037
-8587881035962184602
-8587881035961964230
-8587881035961724024
-8587881035961564012
-8587881035961333795
-8587881035961173683
-8587881035960863386
-8587881035960583124
-8587881035960362909
-8587881035960193530
-8587881035959973427
