-8587877592055310637
Blob80:0.9591335,2.453016,-11.66285,0,0,0,1,1,1,1
Blob7:-1.329643,3.164752,-11.61471,0,0,0,1,1,1,1
Blob43:-0.2001331,1.793313,-13.81433,0,0,0,1,1,1,1
-8587877592053408723
-8587877592053111891
-8587877592052941723
-8587877592052781664
-8587877592052611493
-8587877592052441330
-8587877592052281181
-8587877592052111015
-8587877592051950862
-8587877592051780701
-8587877592051610535
-8587877592051450384
-8587877592051290230
-8587877592051120065
-8587877592050959914
-8587877592050789750
-8587877592050609695
-8587877592050459851
-8587877592050289616
-8587877592050129416
-8587877592049960377
-8587877592049792533
-8587877592049632231
-8587877592049462073
-8587877592049201792
