-8587964958247154234
0.5633758,-0.7703618,1.055583,0,0,0,1,0.05,0.05,0.05
0.5633758,-0.7703618,1.055583,0,0,0,1,0.05,0.05,0.05
0.5633758,-0.7703618,1.055583,0,0,0,1,0.05,0.05,0.05
0.7087495,-0.7703618,1.221568,0,0,0,1,0.05,0.05,0.05
0.5633758,-0.7703618,1.055583,0,0,0,1,0.05,0.05,0.05
0.5633758,-0.7703618,1.055583,0,0,0,1,0.05,0.05,0.05
0.5633758,-0.7703618,1.055583,0,0,0,1,0.05,0.05,0.05
0.5633758,-0.7703618,1.055583,0,0,0,1,0.05,0.05,0.05
0.6370922,-0.7703618,0.9974426,0,0,0,1,0.05,0.05,0.05
0.5633758,-0.7703618,1.055583,0,0,0,1,0.05,0.05,0.05
0.3700886,-0.7703618,0.914924,0,0,0,1,0.05,0.05,0.05
0.5633758,-0.7703618,1.055583,0,0,0,1,0.05,0.05,0.05
0.4161919,-0.7703618,1.065872,0,0,0,1,0.05,0.05,0.05
0.5633758,-0.7703618,1.055583,0,0,0,1,0.05,0.05,0.05
0.5633758,-0.7703618,1.055583,0,0,0,1,0.05,0.05,0.05
0.5633758,-0.7703618,1.055583,0,0,0,1,0.05,0.05,0.05
0.5633758,-0.7703618,1.055583,0,0,0,1,0.05,0.05,0.05
0.4521702,-0.7703618,1.243064,0,0,0,1,0.05,0.05,0.05
-8587964958247094236
-8587964958245014357
-8587964958244844101
-8587964958244671208
-8587964958244512839
-8587964958244340217
-8587964958244176434
-8587964958244007727
-8587964958243849742
-8587964958243679572
-8587964958243509325
-8587964958243348998
-8587964958243177671
-8587964958243017235
-8587964958242846509
-8587964958242683634
-8587964958242515887
-8587964958242351165
-8587964958242184200
-8587964958242025506
-8587964958241854154
-8587964958241684113
-8587964958241524148
-8587964958241364008
-8587964958241192150
-8587964958241028711
-8587964958240865899
-8587964958240697862
-8587964958240527752
-8587964958240367491
-8587964958240196686
-8587964958240033256
-8587964958239869222
-8587964958239708883
-8587964958239541604
-8587964958239365909
-8587964958239214299
-8587964958239041065
-8587964958238880906
-8587964958238707068
-8587964958238543976
-8587964958238373977
-8587964958238203966
-8587964958238053637
-8587964958237881362
-8587964958237714016
-8587964958237554006
-8587964958237385052
-8587964958237224758
-8587964958237074987
-8587964958236906192
-8587964958236742330
-8587964958236573919
-8587964958236403893
-8587964958236245099
-8587964958236084111
-8587964958235911815
-8587964958235751808
-8587964958235582271
-8587964958235410983
-8587964958235250632
-8587964958235083993
-8587964958234913979
-8587964958234754123
-8587964958234586548
-8587964958234424760
-8587964958234257819
-8587964958234086422
-8587964958233916411
-8587964958233765892
-8587964958233590079
-8587964958233419600
-8587964958233258663
-8587964958233092631
-8587964958232928992
-8587964958232772121
-8587964958232594899
-8587964958232433346
-8587964958232265790
-8587964958232098266
-8587964958231931847
-8587964958231771855
-8587964958231611851
-8587964958231441559
-8587964958231279379
-8587964958231109193
-8587964958230940383
-8587964958230782785
-8587964958230616780
-8587964958230446887
-8587964958230285325
-8587964958230113817
-8587964958229942275
-8587964958229780831
-8587964958229615312
-8587964958229451722
-8587964958229291708
-8587964958229120668
-8587964958228945333
-8587964958228790267
-8587964958228628548
-8587964958228464173
-8587964958228293908
-8587964958228123892
-8587964958227964074
-8587964958227793961
-8587964958227624125
-8587964958227463710
-8587964958227294107
-8587964958227134073
-8587964958226963823
-8587964958226793819
-8587964958226634029
-8587964958226473375
-8587964958226301535
-8587964958226143058
-8587964958225965860
-8587964958225813427
-8587964958225645076
-8587964958225473499
-8587964958225310050
-8587964958225145186
-8587964958224974897
-8587964958224814899
-8587964958224644813
-8587964958224487731
-8587964958224316869
-8587964958224146003
-8587964958223985091
-8587964958223814186
-8587964958223653334
-8587964958223491289
-8587964958223318534
-8587964958223157495
-8587964958222988420
-8587964958222826405
-8587964958222665335
-8587964958222493996
-8587964958222335631
-8587964958222165907
-8587964958221997194
0.5633758,-0.7703618,1.055583,0,0,0,1,0.05,0.05,0.05
0.5633758,-0.7703618,1.055583,0,0,0,1,0.05,0.05,0.05
0.5633758,-0.7703618,1.055583,0,0,0,1,0.05,0.05,0.05
0.2323758,-0.7703618,0.505583,0,0,0,1,0.05,0.05,0.05
0.5633758,-0.7703618,1.055583,0,0,0,1,0.05,0.05,0.05
0.5633758,-0.7703618,1.055583,0,0,0,1,0.05,0.05,0.05
0.5633758,-0.7703618,1.055583,0,0,0,1,0.05,0.05,0.05
0.5633758,-0.7703618,1.055583,0,0,0,1,0.05,0.05,0.05
0.5247759,-0.7703618,0.505583,0,0,0,1,0.05,0.05,0.05
0.5633758,-0.7703618,1.055583,0,0,0,1,0.05,0.05,0.05
0.6709759,-0.7703618,0.505583,0,0,0,1,0.05,0.05,0.05
0.5633758,-0.7703618,1.055583,0,0,0,1,0.05,0.05,0.05
0.3785758,-0.7703618,0.505583,0,0,0,1,0.05,0.05,0.05
0.5633758,-0.7703618,1.055583,0,0,0,1,0.05,0.05,0.05
0.5633758,-0.7703618,1.055583,0,0,0,1,0.05,0.05,0.05
0.5633758,-0.7703618,1.055583,0,0,0,1,0.05,0.05,0.05
0.5633758,-0.7703618,1.055583,0,0,0,1,0.05,0.05,0.05
0.8171759,-0.7703618,0.505583,0,0,0,1,0.05,0.05,0.05
-8587964958221837135
-8587964958221657091
-8587964958221496869
-8587964958221336642
-8587964958221170024
-8587964958220999104
-8587964958220838348
-8587964958220669503
-8587964958220508831
-8587964958220338431
-8587964958220180190
-8587964958220009183
-8587964958219847926
-8587964958219683904
-8587964958219512015
-8587964958219351549
-8587964958219185701
-8587964958219017849
-8587964958218845912
-8587964958218685905
-8587964958218516398
-8587964958218346345
-8587964958218186141
-8587964958218016079
-8587964958217855915
-8587964958217695171
-8587964958217525513
-8587964958217361443
-8587964958217198671
-8587964958217024129
-8587964958216862350
-8587964958216700320
-8587964958216529953
-8587964958216361657
-8587964958216199301
-8587964958216032825
-8587964958215862467
-8587964958215701741
-8587964958215531897
-8587964958215366072
-8587964958215197049
-8587964958215037029
-8587964958214867025
-8587964958214706643
-8587964958214545181
-8587964958214374877
-8587964958214215350
-8587964958214049203
-8587964958213884553
-8587964958213710391
-8587964958213550300
-8587964958213378405
-8587964958213214048
-8587964958213054026
-8587964958212885087
-8587964958212726939
-8587964958212547917
-8587964958212388016
-8587964958212219837
-8587964958212062725
-8587964958211892367
-8587964958211731810
-8587964958211551536
-8587964958211391529
-8587964958211231664
-8587964958211068589
-8587964958210898530
-8587964958210733893
-8587964958210563426
-8587964958210399528
-8587964958210233625
-8587964958210068067
-8587964958209907278
-8587964958209735981
-8587964958209573248
-8587964958209402935
-8587964958209241123
-8587964958209068308
-8587964958208907923
-8587964958208745501
-8587964958208579776
-8587964958208409334
-8587964958208249472
-8587964958208079240
-8587964958207908662
-8587964958207747813
-8587964958207583477
-8587964958207415316
-8587964958207254053
-8587964958207083306
-8587964958206916000
-8587964958206755968
-8587964958206592484
-8587964958206424966
-8587964958206256247
-8587964958206092932
-8587964958205928946
-8587964958205758944
-8587964958205594478
-8587964958205428911
-8587964958205265375
-8587964958205101135
-8587964958204931119
-8587964958204771108
-8587964958204600853
-8587964958204433713
-8587964958204273709
-8587964958204104401
-8587964958203934230
-8587964958203775346
-8587964958203609845
-8587964958203446001
-8587964958203275812
-8587964958203106061
-8587964958202945380
-8587964958202777310
-8587964958202617182
-8587964958202444536
-8587964958202283497
-8587964958202121989
-8587964958201953720
-8587964958201777871
-8587964958201617577
-8587964958201457869
-8587964958201287843
-8587964958201122432
-8587964958200953765
-8587964958200795590
-8587964958200624208
-8587964958200453594
-8587964958200299536
-8587964958200129335
-8587964958199966835
-8587964958199795004
-8587964958199630936
-8587964958199459833
-8587964958199299400
-8587964958199134255
-8587964958198968784
-8587964958198805405
-8587964958198635385
-8587964958198473591
-8587964958198303480
-8587964958198133473
-8587964958197973109
-8587964958197813428
-8587964958197644142
-8587964958197473267
-8587964958197143168
-8587964958196973078
-8587964958196813177
-8587964958196652641
-8587964958196483406
-8587964958196315167
-8587964958196145172
-8587964958195982218
-8587964958195816083
-8587964958195656052
-8587964958195485132
-8587964958195324419
-8587964958195155353
-8587964958194985293
-8587964958194825338
-8587964958194655290
-8587964958194495332
-8587964958194326078
-8587964958194166083
-8587964958193995719
-8587964958193835377
-8587964958193665490
-8587964958193503173
-8587964958193341285
-8587964958193160426
-8587964958193000977
-8587964958192831709
-8587964958192669760
-8587964958192511290
-8587964958192341173
-8587964958192173635
-8587964958192006434
-8587964958191846119
-8587964958191676096
-8587964958191516101
-8587964958191345477
-8587964958191186125
-8587964958191016126
-8587964958190853813
-8587964958190682766
-8587964958190523097
-8587964958190352181
-8587964958190184464
-8587964958190024034
-8587964958189853414
-8587964958189688915
-8587964958189526840
-8587964958189357046
-8587964958189192611
-8587964958189030813
-8587964958188859492
-8587964958188695244
-8587964958188533764
-8587964958188363524
-8587964958188203682
-8587964958188033161
-8587964958187866154
-8587964958187706144
-8587964958187538874
-8587964958187374272
-8587964958187204210
-8587964958187037812
-8587964958186873000
-8587964958186712853
-8587964958186540992
-8587964958186375618
-8587964958186215206
-8587964958186047275
-8587964958185873575
-8587964958185714238
-8587964958185547898
-8587964958185387182
-8587964958185220977
-8587964958185050121
-8587964958184879845
-8587964958184719849
-8587964958184559869
-8587964958184379689
-8587964958184226156
-8587964958184060015
-8587964958183890002
-8587964958183729415
-8587964958183553249
-8587964958183391754
-8587964958183230696
-8587964958183067000
-8587964958182897086
-8587964958182731409
-8587964958182565579
-8587964958182405569
-8587964958182234357
-8587964958182065285
-8587964958181895271
-8587964958181741093
-8587964958181571094
-8587964958181401080
-8587964958181240919
-8587964958181076299
-8587964958180906288
-8587964958180744271
-8587964958180582703
-8587964958180409169
-8587964958180246385
-8587964958180084500
-8587964958179914993
-8587964958179743911
-8587964958179582998
-8587964958179420989
-8587964958179258293
-8587964958179084517
-8587964958178916194
-8587964958178756184
-8587964958178596174
-8587964958178426205
-8587964958178255931
-8587964958178095921
-8587964958177935920
-8587964958177763829
-8587964958177600423
-8587964958177428091
-8587964958177267658
-8587964958177097167
-8587964958176936230
-8587964958176767104
-8587964958176604440
-8587964958176439573
-8587964958176270691
-8587964958176109473
-8587964958175947915
-8587964958175772461
-8587964958175603694
-8587964958175434670
-8587964958175274660
-8587964958175111366
-8587964958174951334
-8587964958174781326
-8587964958174611080
-8587964958174451335
-8587964958174279429
-8587964958174119726
-8587964958173948729
-8587964958173789479
-8587964958173619236
-8587964958173458407
-8587964958173290766
-8587964958173128471
-8587964958172960911
-8587964958172789681
-8587964958172630485
-8587964958172460016
-8587964958172301442
-8587964958172131033
-8587964958171958100
-8587964958171800275
-8587964958171630542
-8587964958171470281
-8587964958171300041
-8587964958171139832
-8587964958170962117
-8587964958170794002
-8587964958170636271
-8587964958170474151
-8587964958170302235
-8587964958170141186
-8587964958169981375
-8587964958169809469
-8587964958169645175
