-8587877608707859673
Blob28:-1.209401,1.499241,-10.05481,0,0,0,1,1,1,1
Blob77:-0.2310991,2.690488,-13.89134,0,0,0,1,1,1,1
Blob19:-1.375427,1.973945,-11.27849,0,0,0,1,1,1,1
-8587877608705687699
-8587877608705303479
-8587877608704822913
-8587877608704449207
-8587877608704168979
-8587877608703888643
-8587877608703628458
-8587877608703338159
-8587877608703167330
-8587877608702887059
-8587877608702486677
-8587877608702176372
-8587877608701775990
-8587877608701255493
-8587877608700865119
-8587877608700504776
-8587877608700254538
-8587877608699994286
-8587877608699824123
-8587877608699553864
-8587877608699293616
-8587877608699003338
-8587877608698863201
-8587877608698610851
-8587877608698350461
-8587877608698180467
-8587877608697940239
-8587877608697700006
-8587877608697532664
-8587877608697290211
-8587877608697049912
-8587877608696883555
-8587877608696633305
-8587877608696393074
-8587877608696224432
-8587877608695984160
-8587877608695813608
-8587877608695573485
-8587877608695333252
-8587877608695162630
-8587877608694912395
-8587877608694662155
-8587877608694491734
-8587877608694251352
-8587877608694011273
-8587877608693848341
-8587877608693608088
-8587877608693367834
-8587877608693207642
-8587877608692937381
-8587877608692697160
-8587877608692522550
-8587877608692292440
-8587877608692042192
-8587877608691878526
-8587877608691648318
-8587877608691483390
-8587877608691233145
-8587877608690842115
-8587877608690591877
-8587877608690341637
-8587877608690171405
-8587877608689941194
-8587877608689690946
-8587877608689532354
-8587877608689292121
-8587877608689041876
-8587877608688881129
-8587877608688640980
-8587877608688390753
-8587877608688230589
-8587877608687980334
-8587877608687820193
-8587877608687569960
-8587877608687339739
-8587877608687170362
-8587877608686900105
-8587877608686669885
-8587877608686503700
-8587877608686263474
-8587877608686020538
-8587877608685850526
-8587877608685600265
-8587877608685350069
-8587877608685189987
-8587877608684939749
-8587877608684699513
-8587877608684535599
-8587877608684295356
-8587877608684045118
-8587877608683874633
-8587877608683634517
-8587877608683384262
-8587877608683223760
-8587877608682983399
-8587877608682823678
-8587877608682573446
-8587877608682333215
-8587877608682163710
-8587877608681923479
-8587877608681663985
-8587877608681503606
-8587877608681223253
-8587877608680802896
-8587877608680512732
-8587877608680212444
-8587877608679957632
-8587877608679717504
-8587877608679549916
-8587877608679299794
-8587877608679059563
-8587877608678891975
-8587877608678651870
-8587877608678489436
-8587877608678229186
-8587877608677998975
-8587877608677833779
-8587877608677593561
-8587877608677333311
-8587877608677173158
-8587877608676912903
-8587877608676662670
-8587877608676502507
-8587877608676252272
-8587877608676012044
-8587877608675851777
-8587877608675621562
-8587877608675371322
-8587877608675207799
-8587877608674967666
-8587877608674727292
-8587877608674537148
-8587877608674296943
-8587877608674066727
-8587877608673906802
-8587877608673666571
-8587877608673501809
-8587877608673241565
-8587877608672993629
-8587877608672831304
-8587877608672591082
-8587877608672340841
-8587877608672180662
-8587877608671940434
-8587877608671700209
-8587877608671529140
-8587877608671289119
-8587877608671048881
-8587877608670879150
-8587877608670578698
-8587877608670328502
-8587877608670168417
-8587877608669928095
-8587877608669687792
-8587877608669516290
-8587877608669245965
-8587877608668905707
-8587877608668625331
-8587877608668365086
-8587877608668224555
-8587877608667984220
-8587877608667827184
-8587877608667576944
-8587877608667336716
-8587877608667165216
-8587877608666915069
-8587877608666674838
-8587877608666504255
-8587877608666264019
-8587877608666023797
-8587877608665853631
-8587877608665613388
-8587877608665363163
-8587877608665203009
-8587877608664962766
-8587877608664722387
-8587877608664552526
-8587877608664312301
-8587877608664072070
-8587877608663902235
-8587877608663661989
-8587877608663501720
-8587877608663256520
-8587877608663016249
-8587877608662849923
-8587877608662609680
-8587877608662329426
-8587877608662188808
-8587877608661938663
-8587877608661698289
-8587877608661538153
-8587877608661306750
-8587877608661066588
-8587877608660903775
-8587877608660673551
-8587877608660501683
-8587877608660211389
-8587877608659770880
-8587877608659360596
-8587877608659120368
-8587877608658880140
-8587877608658639823
-8587877608658479557
-8587877608658229414
-8587877608657827409
-8587877608657557150
-8587877608657326932
-8587877608657158947
-8587877608656908707
-8587877608656678484
-8587877608656508315
-8587877608656268090
-8587877608656017847
-8587877608655817589
-8587877608655577371
-8587877608655349961
-8587877608655179736
-8587877608654939450
-8587877608654689263
-8587877608654529122
-8587877608654268860
-8587877608654038639
-8587877608653868476
-8587877608653628253
-8587877608653388025
-8587877608653225675
-8587877608652995449
-8587877608652825145
-8587877608652584925
-8587877608652334541
-8587877608652174206
-8587877608651923984
-8587877608651663742
-8587877608651504308
-8587877608651254052
-8587877608651023849
-8587877608650853773
-8587877608650613537
-8587877608650373304
-8587877608650203300
-8587877608649925885
-8587877608649675597
-8587877608649515440
-8587877608649265200
-8587877608649033643
-8587877608648869729
-8587877608648629434
-8587877608648379356
-8587877608648218408
-8587877608647978168
-8587877608647748077
-8587877608647577681
-8587877608647337451
-8587877608647167357
-8587877608646917117
-8587877608646676881
-8587877608646497184
-8587877608646006716
-8587877608645686427
-8587877608645406040
-8587877608645155916
-8587877608644905686
-8587877608644665463
-8587877608644502532
-8587877608644262398
-8587877608644022037
-8587877608643862199
-8587877608643621804
-8587877608643341472
-8587877608643201573
-8587877608642961340
-8587877608642711100
-8587877608642550779
-8587877608642300560
-8587877608642070339
-8587877608641906870
-8587877608641676654
-8587877608641506537
-8587877608641266320
-8587877608641019656
-8587877608640853107
-8587877608640602862
-8587877608640362552
-8587877608640202258
-8587877608639962076
-8587877608639721897
-8587877608639564493
-8587877608639324367
-8587877608639161618
-8587877608638911349
-8587877608638621178
-8587877608638200808
-8587877608637770390
-8587877608637518735
-8587877608637268379
-8587877608637014171
-8587877608636878750
-8587877608636638494
-8587877608636388282
-8587877608636217809
-8587877608635957557
-8587877608635527041
-8587877608635096577
-8587877608634856508
-8587877608634606268
-8587877608634366043
-8587877608634195767
-8587877608633955536
-8587877608633585176
-8587877608633344953
-8587877608633171646
-8587877608632941433
-8587877608632701203
-8587877608632532675
-8587877608632282417
-8587877608632042002
-8587877608631871895
-8587877608631631778
-8587877608631371559
-8587877608631211290
-8587877608630971049
-8587877608630730947
-8587877608630570051
-8587877608630299779
-8587877608630049554
-8587877608629878940
-8587877608629638664
-8587877608629398576
-8587877608629235305
-8587877608629005191
-8587877608628837186
-8587877608628596958
-8587877608628366684
-8587877608628198269
-8587877608627948034
-8587877608627699519
-8587877608627532400
-8587877608627292441
-8587877608627062189
-8587877608626897458
-8587877608626657343
-8587877608626487013
-8587877608626236725
-8587877608625986625
-8587877608625826270
-8587877608625576040
-8587877608625332883
-8587877608625169599
-8587877608624929366
-8587877608624538986
-8587877608624238701
-8587877608624007468
-8587877608623837113
-8587877608623606898
-8587877608623366652
-8587877608623206227
-8587877608622835795
-8587877608622575624
-8587877608622335381
-8587877608622165556
-8587877608621922978
-8587877608621662633
-8587877608621502475
-8587877608621232305
-8587877608620821921
-8587877608620541670
-8587877608620291420
-8587877608620041037
-8587877608619880870
-8587877608619650672
-8587877608619484288
-8587877608619239347
-8587877608619009241
-8587877608618843719
-8587877608618613496
-8587877608618373224
-8587877608618203668
-8587877608617963448
-8587877608617691107
-8587877608617530567
-8587877608617270320
-8587877608617040104
-8587877608616879956
-8587877608616639725
-8587877608616481348
-8587877608616231116
-8587877608615850656
-8587877608615600511
-8587877608615350276
-8587877608615189795
-8587877608614949562
-8587877608614709426
-8587877608614543095
-8587877608614302959
-8587877608614063315
-8587877608613903310
-8587877608613663077
-8587877608613502767
-8587877608613250320
-8587877608613010182
-8587877608612840577
-8587877608612600303
-8587877608612360234
-8587877608612187779
-8587877608611917407
-8587877608611521380
-8587877608611141002
-8587877608610830710
-8587877608610580475
-8587877608610340239
-8587877608610180078
-8587877608609939878
-8587877608609559511
-8587877608609259149
-8587877608609019082
-8587877608608858757
-8587877608608608683
-8587877608608368460
-8587877608608208002
-8587877608607967766
-8587877608607737538
-8587877608607571089
-8587877608607336954
-8587877608607172802
-8587877608606932569
-8587877608606672327
-8587877608606504276
-8587877608606263945
-8587877608606016672
-8587877608605846414
-8587877608605606194
-8587877608605365966
-8587877608605168306
-8587877608604938088
-8587877608604687837
-8587877608604527527
-8587877608604287323
-8587877608604047092
-8587877608603876750
-8587877608603636504
-8587877608603396276
-8587877608603236138
-8587877608602995905
-8587877608602835613
-8587877608602599906
-8587877608602339538
-8587877608602172701
-8587877608601932363
-8587877608601692240
-8587877608601521803
-8587877608601281585
-8587877608601041349
-8587877608600880965
-8587877608600630715
-8587877608600240348
-8587877608599990103
-8587877608599820564
-8587877608599570319
-8587877608599330089
-8587877608599163919
-8587877608598883637
-8587877608598653419
-8587877608598487777
-8587877608598247667
-8587877608597997422
-8587877608597827115
-8587877608597577021
-8587877608597336790
-8587877608597166481
-8587877608596916387
-8587877608596666047
-8587877608596505814
-8587877608596265581
-8587877608596021009
-8587877608595850011
-8587877608595619793
-8587877608595369550
-8587877608595202595
-8587877608594962331
-8587877608594732148
-8587877608594561430
-8587877608594331211
-8587877608594163029
-8587877608593912795
-8587877608593660250
-8587877608593492829
-8587877608593242589
-8587877608592965525
-8587877608592735279
-8587877608592564532
-8587877608592323838
-8587877608592164450
-8587877608591920100
-8587877608591669855
-8587877608591509860
-8587877608591269525
-8587877608591019392
-8587877608590855639
-8587877608590545175
-8587877608590104819
-8587877608589864113
-8587877608589623903
-8587877608589373657
-8587877608589213842
-8587877608588973719
-8587877608588733493
-8587877608588573690
-8587877608588333457
-8587877608588169034
-8587877608587913684
-8587877608587673597
-8587877608587506324
-8587877608587255103
-8587877608587024839
-8587877608586854701
-8587877608586574545
-8587877608586334315
-8587877608586174071
-8587877608585903891
-8587877608585673514
-8587877608585503679
-8587877608585263459
-8587877608585009857
-8587877608584853239
-8587877608584613008
-8587877608584362768
-8587877608584197915
-8587877608583957682
-8587877608583727461
-8587877608583563849
-8587877608583333625
-8587877608583163178
-8587877608582913043
-8587877608582652793
-8587877608582492148
-8587877608582241918
-8587877608582011702
-8587877608581848192
-8587877608581608080
-8587877608581367847
-8587877608581198656
-8587877608580958426
-8587877608580688120
-8587877608580557461
-8587877608580317238
-8587877608580156457
-8587877608579906150
-8587877608579660646
-8587877608579500536
-8587877608579230256
-8587877608578799864
-8587877608578520734
-8587877608578260339
-8587877608578020113
-8587877608577852756
-8587877608577622538
-8587877608577392312
-8587877608577221992
-8587877608576993215
-8587877608576833036
-8587877608576592803
-8587877608576342468
-8587877608576182407
-8587877608575952188
-8587877608575704705
-8587877608575534547
-8587877608575294304
-8587877608575044061
-8587877608574883913
-8587877608574603641
-8587877608574353409
-8587877608574183684
-8587877608573933444
-8587877608573693164
-8587877608573523262
-8587877608573263054
-8587877608573022828
-8587877608572862552
-8587877608572622388
-8587877608572370712
-8587877608572210363
-8587877608571970161
-8587877608571720006
-8587877608571554179
-8587877608571313948
-8587877608571073649
-8587877608570913605
-8587877608570673383
-8587877608570503063
-8587877608570212751
-8587877608569822405
-8587877608569552146
-8587877608569301911
-8587877608569071680
-8587877608568911539
-8587877608568671303
-8587877608568511201
-8587877608568240944
-8587877608567850570
-8587877608567610339
-8587877608567360094
-8587877608567195268
-8587877608566965152
-8587877608566724932
-8587877608566564645
-8587877608566334412
-8587877608566165255
-8587877608565935047
-8587877608565694752
-8587877608565526204
-8587877608565275964
-8587877608565045838
-8587877608564855505
-8587877608564425181
-8587877608564014752
-8587877608563764627
-8587877608563524394
-8587877608563284158
-8587877608563043930
-8587877608562873798
-8587877608562643587
-8587877608562403252
-8587877608562238915
-8587877608562008694
-8587877608561819272
-8587877608561538988
-8587877608561108578
-8587877608560688287
-8587877608560438044
-8587877608560197806
-8587877608559957586
-8587877608559727360
-8587877608559556866
-8587877608559326758
-8587877608559161497
-8587877608558921277
-8587877608558661017
-8587877608558500705
-8587877608558260587
-8587877608558020239
-8587877608557850070
-8587877608557609937
-8587877608557369707
-8587877608557205693
-8587877608556961771
-8587877608556731552
-8587877608556557662
-8587877608556327559
-8587877608556159236
-8587877608555908996
-8587877608555518627
-8587877608555238360
-8587877608554958097
-8587877608554737816
-8587877608554571562
-8587877608554321327
-8587877608554151387
-8587877608553901029
-8587877608553661077
-8587877608553495123
-8587877608553257598
-8587877608553017337
-8587877608552847176
-8587877608552606948
-8587877608552346829
-8587877608552186676
-8587877608551936303
-8587877608551696205
-8587877608551524711
-8587877608551274425
-8587877608551024343
-8587877608550863588
-8587877608550623358
-8587877608550363008
-8587877608550203131
-8587877608549962903
-8587877608549722673
-8587877608549562386
-8587877608549312143
-8587877608549115719
-8587877608548875491
-8587877608548635256
-8587877608548395033
-8587877608548224780
-8587877608547964536
-8587877608547734417
-8587877608547563998
-8587877608547313648
-8587877608547153312
-8587877608546903067
-8587877608546657100
-8587877608546493370
-8587877608546193069
-8587877608545702529
-8587877608545452379
-8587877608545204858
-8587877608544954687
-8587877608544714410
-8587877608544554448
-8587877608544314226
-8587877608544155887
-8587877608543905762
-8587877608543645420
-8587877608543405280
-8587877608543234919
-8587877608542997372
-8587877608542798262
-8587877608542548015
-8587877608542297777
-8587877608542057549
-8587877608541896989
-8587877608541646746
-8587877608541491001
-8587877608541240761
-8587877608541000402
-8587877608540830239
-8587877608540569984
-8587877608540319790
-8587877608540156119
-8587877608539905876
-8587877608539655639
-8587877608539493488
-8587877608539247785
-8587877608538987443
-8587877608538822556
-8587877608538576809
-8587877608538336427
-8587877608538171701
-8587877608537921456
-8587877608537672762
-8587877608537502315
-8587877608537252369
-8587877608537002155
-8587877608536841973
-8587877608536570774
-8587877608536320529
-8587877608536152009
-8587877608535911784
-8587877608535651529
-8587877608535481443
-8587877608535225189
-8587877608534975067
-8587877608534734721
-8587877608534564691
-8587877608534324361
-8587877608534164176
-8587877608533833842
-8587877608533553680
-8587877608533273411
-8587877608532993140
-8587877608532832866
-8587877608532415716
-8587877608532035354
-8587877608531765097
-8587877608531514855
-8587877608531255245
-8587877608531015025
-8587877608530844982
-8587877608530604590
-8587877608530354514
-8587877608530194340
-8587877608529934024
-8587877608529683704
-8587877608529513692
-8587877608529243348
-8587877608528993193
-8587877608528833052
-8587877608528582699
-8587877608528342579
-8587877608528176281
-8587877608527926036
-8587877608527675798
-8587877608527505558
-8587877608527225289
-8587877608526945015
-8587877608526664647
-8587877608526494468
-8587877608526214268
-8587877608525933994
-8587877608525663743
-8587877608525493549
-8587877608525213270
-8587877608524932991
-8587877608524652719
-8587877608524482671
-8587877608524212409
-8587877608523932757
-8587877608523652494
-8587877608523492125
-8587877608523210540
-8587877608522940278
-8587877608522629950
-8587877608522369851
-8587877608522201214
-8587877608521930952
-8587877608521650691
-8587877608521490263
-8587877608521210148
-8587877608520929887
-8587877608520649613
-8587877608520479695
-8587877608520209533
-8587877608519929262
-8587877608519652142
-8587877608519495196
-8587877608519215127
-8587877608518944870
-8587877608518664601
-8587877608518494441
