-8587928657918820402
Blob2:0.7834275,-0.3222845,1.224965,0,0,0,1,0.05,0.05,0.05
Blob12:0.3068895,-0.5982729,0.7567362,0,0,0,1,0.05,0.05,0.05
Blob15:0.6783915,-0.4002556,1.17133,0,0,0,1,0.05,0.05,0.05
Blob11:0.8585134,-0.5612378,1.003309,0,0,0,1,0.05,0.05,0.05
Blob6:0.5756021,-0.6290272,1.055584,0,0,0,1,0.05,0.05,0.05
-8587928657918310113
-8587928657918079899
-8587928657918030026
-8587928657918010012
-8587928657917969983
-8587928657917919946
-8587928657917879844
-8587928657917799726
-8587928657917759455
-8587928657917726866
-8587928657917676669
-8587928657917606765
-8587928657917576347
-8587928657917505869
-8587928657917475854
-8587928657917424876
-8587928657917374133
-8587928657917324120
-8587928657917274087
-8587928657917231731
-8587928657917181718
-8587928657917130568
-8587928657917080416
-8587928657917050520
-8587928657917000474
-8587928657916948819
-8587928657916898297
-8587928657916847311
-8587928657916797422
-8587928657916746596
-8587928657916716569
-8587928657916654884
-8587928657916604843
-8587928657916563923
-8587928657916503044
-8587928657916473024
-8587928657916421242
-8587928657916376796
-8587928657916326730
-8587928657916276217
-8587928657916225350
-8587928657916184275
-8587928657916143955
-8587928657916092990
-8587928657916052477
-8587928657915991577
-8587928657915950735
-8587928657915899783
-8587928657915853863
-8587928657915803173
-8587928657915751378
-8587928657915721507
-8587928657915659822
-8587928657915619626
-8587928657915569646
-8587928657915539770
-8587928657915469534
-8587928657915439695
-8587928657915389666
-8587928657915349638
-8587928657915309601
-8587928657915279586
-8587928657915249567
-8587928657915198569
-8587928657915178399
-8587928657915117835
-8587928657915096934
-8587928657915055974
-8587928657915025639
-8587928657914985906
-8587928657914945069
-8587928657914915046
-8587928657914865017
-8587928657914844797
-8587928657914792309
-8587928657914762265
-8587928657914712232
-8587928657914681252
-8587928657914640411
-8587928657914610375
-8587928657914569604
-8587928657914539544
-8587928657914499536
-8587928657914448550
-8587928657914417866
-8587928657914387030
-8587928657914336873
-8587928657914306969
-8587928657914279672
-8587928657914229606
-8587928657914199603
-8587928657914149549
-8587928657914119542
-8587928657914089453
-8587928657914039486
-8587928657914008600
-8587928657913967763
-8587928657913937256
-8587928657913895737
-8587928657913865866
-8587928657913815685
-8587928657913785657
-8587928657913745637
-8587928657913715614
-8587928657913675434
-8587928657913635541
-8587928657913584847
-8587928657913554844
-8587928657913534813
-8587928657913483881
-8587928657913443003
-8587928657913412043
-8587928657913372163
-8587928657913331326
-8587928657913291314
-8587928657913261291
-8587928657913210765
-8587928657913190295
-8587928657913160227
-8587928657913108588
-8587928657913067780
-8587928657913037707
-8587928657912987719
-8587928657912957704
-8587928657912906866
-8587928657912876826
-8587928657912846828
-8587928657912804989
-8587928657912775093
-8587928657912724124
-8587928657912693723
-8587928657912652882
-8587928657912622862
-8587928657912581910
-8587928657912551891
-8587928657912490367
-8587928657912466354
-8587928657912426309
-8587928657912395469
-8587928657912345452
-8587928657912315433
-8587928657912265383
-8587928657912234490
-8587928657912203674
-8587928657912152934
-8587928657912122747
-8587928657912092699
-8587928657912042029
-8587928657912012014
-8587928657911960290
-8587928657911950350
-8587928657911886445
-8587928657911856405
-8587928657911826386
-8587928657911774850
-8587928657911743965
-8587928657911703949
-8587928657911673778
-8587928657911643697
-8587928657911603861
-8587928657911563020
-8587928657911532997
-8587928657911482155
-8587928657911451315
-8587928657911421012
-8587928657911370954
-8587928657911350497
-8587928657911320363
-8587928657911279037
-8587928657911227477
-8587928657911197609
-8587928657911157170
-8587928657911127155
-8587928657911087300
-8587928657911046491
-8587928657911005116
-8587928657910975126
-8587928657910934613
-8587928657910893678
-8587928657910863646
-8587928657910823618
-8587928657910783590
-8587928657910763576
-8587928657910723416
-8587928657910683392
-8587928657910633350
-8587928657910603331
-8587928657910563307
-8587928657910543293
-8587928657910503264
-8587928657910463236
-8587928657910433213
-8587928657910393172
-8587928657910353156
-8587928657910313124
-8587928657910273096
-8587928657910233063
-8587928657910203155
-8587928657910163020
-8587928657910122992
-8587928657910102982
-8587928657910062953
-8587928657910022921
-8587928657909972884
-8587928657909942864
-8587928657909902832
-8587928657909882826
-8587928657909842798
-8587928657909802770
-8587928657909762737
-8587928657909732718
-8587928657909692686
-8587928657909652657
-8587928657909612633
-8587928657909572720
-8587928657909552591
-8587928657909512558
-8587928657909462529
-8587928657909442634
-8587928657909402479
-8587928657909352449
-8587928657909322159
-8587928657909292214
-8587928657909241770
-8587928657909201984
-8587928657909171719
-8587928657909141687
-8587928657909101663
-8587928657909072026
-8587928657909021611
-8587928657908983951
-8587928657908953312
-8587928657908923207
-8587928657908883260
-8587928657908842731
-8587928657908802674
-8587928657908751812
-8587928657908731613
-8587928657908680832
-8587928657908649873
-8587928657908599610
-8587928657908579119
-8587928657908538237
-8587928657908488208
-8587928657908457376
-8587928657908426716
-8587928657908376802
-8587928657908356628
-8587928657908306578
-8587928657908276300
-8587928657908245329
-8587928657908204660
-8587928657908154705
-8587928657908124140
-8587928657908074078
-8587928657908043278
-8587928657908013263
-8587928657907972422
-8587928657907936557
-8587928657907886491
-8587928657907856352
-8587928657907806438
-8587928657907786293
-8587928657907756274
-8587928657907716368
-8587928657907676324
-8587928657907636193
-8587928657907606165
-8587928657907566269
-8587928657907526109
-8587928657907486085
-8587928657907466071
-8587928657907426042
-8587928657907386006
-8587928657907346113
-8587928657907316094
-8587928657907276066
-8587928657907236037
-8587928657907196009
-8587928657907155977
-8587928657907125953
-8587928657907085929
-8587928657907065915
-8587928657907025883
-8587928657906975849
-8587928657906935345
-8587928657906904911
-8587928657906875138
-8587928657906834428
-8587928657906804241
-8587928657906753789
-8587928657906723355
-8587928657906693722
-8587928657906652712
-8587928657906623091
-8587928657906572672
-8587928657906542920
-8587928657906502838
-8587928657906462560
-8587928657906421587
-8587928657906391248
-8587928657906360600
-8587928657906300525
-8587928657906270518
-8587928657906240487
-8587928657906210480
-8587928657906159892
-8587928657906129389
-8587928657906079356
-8587928657906049336
-8587928657906008339
-8587928657905978070
-8587928657905946659
-8587928657905895800
-8587928657905865765
-8587928657905825067
-8587928657905794781
-8587928657905764286
-8587928657905713321
-8587928657905672463
-8587928657905642214
-8587928657905600457
-8587928657905570569
-8587928657905530110
-8587928657905480040
-8587928657905459738
-8587928657905429822
-8587928657905369976
-8587928657905339116
-8587928657905288093
-8587928657905258181
-8587928657905228071
-8587928657905198052
-8587928657905147990
-8587928657905117314
-8587928657905087299
-8587928657905037274
-8587928657905007255
-8587928657904965999
-8587928657904925699
-8587928657904885150
-8587928657904855135
-8587928657904815106
-8587928657904775082
-8587928657904755064
-8587928657904715040
-8587928657904675008
-8587928657904644976
-8587928657904594109
-8587928657904553133
-8587928657904522797
-8587928657904492614
-8587928657904452036
-8587928657904422012
-8587928657904370571
-8587928657904320369
-8587928657904289701
-8587928657904256373
-8587928657904226354
-8587928657904176321
-8587928657904135660
-8587928657904115593
-8587928657904064734
-8587928657904034707
-8587928657903983734
-8587928657903953731
-8587928657903933655
-8587928657903882431
-8587928657903841537
-8587928657903791520
-8587928657903761373
-8587928657903711476
-8587928657903648880
-8587928657903648880
-8587928657903588989
-8587928657903558818
-8587928657903528799
-8587928657903478765
-8587928657903437436
-8587928657903407174
-8587928657903357137
-8587928657903326617
-8587928657903286609
-8587928657903255974
-8587928657903225265
-8587928657903175232
-8587928657903135397
-8587928657903084542
-8587928657903054515
-8587928657903023687
-8587928657902973666
-8587928657902942694
-8587928657902921789
-8587928657902871083
-8587928657902840288
-8587928657902810096
-8587928657902747110
-8587928657902716418
-8587928657902685861
-8587928657902635129
-8587928657902605119
-8587928657902574562
-8587928657902523580
-8587928657902503258
-8587928657902472434
-8587928657902421547
-8587928657902391556
-8587928657902341507
-8587928657902321308
-8587928657902280532
-8587928657902240459
-8587928657902190302
-8587928657902160406
-8587928657902110365
-8587928657902079533
-8587928657902048565
-8587928657902007876
-8587928657901957830
-8587928657901927836
-8587928657901896852
-8587928657901866472
-8587928657901815506
-8587928657901785619
-8587928657901744786
-8587928657901724328
-8587928657901683150
-8587928657901623391
-8587928657901593364
-8587928657901573378
-8587928657901523140
-8587928657901493125
-8587928657901453277
-8587928657901402279
-8587928657901371595
-8587928657901321553
-8587928657901290742
-8587928657901259770
-8587928657901209733
-8587928657901179870
-8587928657901139821
-8587928657901109802
-8587928657901059768
-8587928657901029745
