-8587877597284778544
Blob59:-1.964714,3.358258,-11.71554,0,0,0,1,1,1,1
Blob94:0.3375,2.248956,-10.00982,0,0,0,1,1,1,1
Blob76:-0.6949099,3.139144,-13.91207,0,0,0,1,1,1,1
-8587877597282025900
-8587877597281385176
-8587877597280934848
-8587877597280534464
-8587877597280143995
-8587877597279783557
-8587877597279413192
-8587877597279042844
-8587877597278672486
-8587877597278302136
-8587877597277931781
-8587877597277571438
-8587877597277180943
-8587877597276820449
-8587877597276460254
-8587877597276099796
-8587877597275739437
-8587877597275361806
-8587877597274944762
-8587877597274584575
-8587877597274224065
-8587877597273873880
-8587877597273523396
-8587877597273173203
-8587877597272802850
-8587877597272472536
-8587877597272132053
-8587877597271801744
-8587877597271471588
-8587877597271131241
-8587877597270790935
-8587877597270443129
-8587877597270102725
-8587877597269762471
-8587877597269422152
-8587877597269081828
-8587877597268691453
-8587877597268321090
-8587877597267950740
-8587877597267580387
-8587877597267220037
-8587877597266869706
-8587877597266497566
-8587877597266157096
-8587877597265826034
-8587877597265426444
-8587877597264928572
-8587877597264568227
-8587877597264177294
-8587877597263836973
-8587877597263486478
-8587877597263146297
-8587877597262795810
-8587877597262465498
-8587877597262095253
-8587877597261754806
-8587877597261411641
-8587877597261071279
-8587877597260730939
-8587877597260370750
-8587877597259940337
-8587877597259569979
-8587877597259219535
-8587877597258909199
-8587877597258588979
-8587877597258248599
-8587877597257898386
-8587877597257567820
-8587877597257227627
-8587877597256907312
-8587877597256567114
-8587877597256236628
-8587877597255896463
-8587877597255546014
-8587877597255225707
-8587877597254895505
-8587877597254575029
-8587877597254234733
-8587877597253914467
-8587877597253554216
-8587877597253223801
-8587877597252903474
-8587877597252573267
-8587877597252242860
-8587877597251912474
-8587877597251552205
-8587877597251221840
-8587877597250871645
-8587877597250551217
-8587877597250221018
-8587877597249900711
-8587877597249550277
-8587877597249220060
-8587877597248889718
-8587877597248579282
-8587877597248289157
-8587877597248001968
-8587877597247831728
-8587877597247551465
-8587877597247261184
-8587877597246970910
-8587877597246800739
-8587877597246530488
-8587877597246250216
-8587877597245969950
-8587877597245689681
-8587877597245529190
-8587877597245248926
-8587877597244958629
-8587877597244658357
-8587877597244488196
-8587877597244187903
-8587877597243907629
-8587877597243627365
-8587877597243329967
-8587877597243199935
-8587877597242919509
-8587877597242619214
-8587877597242328989
-8587877597242164701
-8587877597241893200
-8587877597241612770
-8587877597241332501
-8587877597241162307
-8587877597240892040
-8587877597240601462
-8587877597240321127
-8587877597240160812
-8587877597239845161
-8587877597239454794
-8587877597239154506
-8587877597238874240
-8587877597238583961
-8587877597238303667
-8587877597238033282
-8587877597237867195
-8587877597237586928
-8587877597237296647
-8587877597237006371
-8587877597236836293
-8587877597236566028
-8587877597236265748
-8587877597235975664
-8587877597235834974
-8587877597235554702
-8587877597235264429
-8587877597234988906
-8587877597234830573
-8587877597234540305
-8587877597234257834
-8587877597233977450
-8587877597233807243
-8587877597233496994
-8587877597233206790
-8587877597232926393
-8587877597232646127
-8587877597232486127
-8587877597232195859
-8587877597231915495
-8587877597231635306
-8587877597231364918
-8587877597231194847
-8587877597230914466
-8587877597230644319
-8587877597230484588
-8587877597230204314
-8587877597229913948
-8587877597229603743
-8587877597229323474
-8587877597229133586
-8587877597228853309
-8587877597228573038
-8587877597228302763
-8587877597228022507
-8587877597227862251
-8587877597227591984
-8587877597227271674
-8587877597227001418
-8587877597226831262
-8587877597226560993
-8587877597226280724
-8587877597226000457
-8587877597225835709
-8587877597225555432
-8587877597225265151
-8587877597224964868
-8587877597224694606
-8587877597224536629
-8587877597224252302
-8587877597223962003
-8587877597223691757
-8587877597223522290
-8587877597223242011
-8587877597222961749
-8587877597222681345
-8587877597222521099
-8587877597222190752
-8587877597221870470
-8587877597221600211
-8587877597221329944
-8587877597221159780
-8587877597220879527
-8587877597220609260
-8587877597220328996
-8587877597220163254
-8587877597219892982
-8587877597219612611
-8587877597219332298
-8587877597219167296
-8587877597218887045
-8587877597218596866
-8587877597218326607
-8587877597218156206
-8587877597217865922
-8587877597217585751
-8587877597217295424
-8587877597217035112
-8587877597216864358
-8587877597216583359
-8587877597216282687
-8587877597215992416
-8587877597215832273
-8587877597215531980
-8587877597215031505
-8587877597214701191
-8587877597214430942
-8587877597214150668
-8587877597213870396
-8587877597213590135
-8587877597213321952
-8587877597213151302
-8587877597212871013
-8587877597212580714
-8587877597212300573
-8587877597212000195
-8587877597211839911
-8587877597211559647
-8587877597211269359
-8587877597210998992
-8587877597210834461
-8587877597210544174
-8587877597210253901
-8587877597209943609
-8587877597209613297
-8587877597209333020
-8587877597209162860
-8587877597208892600
-8587877597208612173
-8587877597208241979
-8587877597207941688
-8587877597207651415
-8587877597207491090
-8587877597207185605
-8587877597206905292
-8587877597206615057
-8587877597206324889
-8587877597206157137
-8587877597205866879
-8587877597205586705
-8587877597205319920
-8587877597205149631
-8587877597204860656
-8587877597204580392
-8587877597204300120
-8587877597204024667
-8587877597203860340
-8587877597203579923
-8587877597203289686
-8587877597203029543
-8587877597202859265
-8587877597202578976
-8587877597202288672
-8587877597201998342
-8587877597201833498
-8587877597201553309
-8587877597201262954
-8587877597200982618
-8587877597200824146
-8587877597200533868
-8587877597200233585
-8587877597199943296
-8587877597199633006
-8587877597199462700
-8587877597199182410
-8587877597198902141
-8587877597198611883
-8587877597198321689
-8587877597198161536
-8587877597197861097
-8587877597197570979
-8587877597197290549
-8587877597197000291
-8587877597196834872
-8587877597196554526
-8587877597196285227
-8587877597195994966
-8587877597195824747
-8587877597195541357
-8587877597195251153
-8587877597194990885
-8587877597194824690
-8587877597194534519
-8587877597194264260
-8587877597193994001
-8587877597193823937
-8587877597193543668
-8587877597193263487
-8587877597192933085
-8587877597192662915
-8587877597192492553
-8587877597192212179
-8587877597191931895
-8587877597191651741
-8587877597191481585
-8587877597191201314
-8587877597190911038
-8587877597190630749
-8587877597190360400
-8587877597190183923
-8587877597189903660
-8587877597189623388
-8587877597189323105
-8587877597189162941
-8587877597188852639
-8587877597188428080
-8587877597188107781
-8587877597187787571
-8587877597187427205
-8587877597187146813
-8587877597186846655
-8587877597186556380
-8587877597186276111
-8587877597186005859
-8587877597185835747
-8587877597185535464
-8587877597185255198
-8587877597184974929
-8587877597184801870
-8587877597184531614
-8587877597184241338
-8587877597183961066
-8587877597183690807
-8587877597183530525
-8587877597183250251
-8587877597182969977
-8587877597182809588
-8587877597182529296
-8587877597182249043
-8587877597181958764
-8587877597181648474
-8587877597181488019
-8587877597181197730
-8587877597180927478
-8587877597180657216
-8587877597180486884
-8587877597180206615
-8587877597179916339
-8587877597179646083
-8587877597179485806
-8587877597179205532
-8587877597178925268
-8587877597178655004
-8587877597178444521
-8587877597178154240
-8587877597177853839
-8587877597177583695
-8587877597177293414
Blob59:-1.964714,3.358258,-11.71554,0,0,0,1,1,1,1
Blob94:0.3375,2.248956,-10.00982,0,0,0,1,1,1,1
Blob76:-0.6720499,3.1058,-13.93132,0,0,0,1,1,1,1
-8587877597176983116
Blob59:-1.964714,3.358258,-11.71554,0,0,0,1,1,1,1
Blob94:0.3375,2.248956,-10.00982,0,0,0,1,1,1,1
Blob76:-0.6664051,3.08761,-13.94315,0,0,0,1,1,1,1
-8587877597176822801
Blob59:-1.964714,3.358258,-11.71554,0,0,0,1,1,1,1
Blob94:0.3375,2.248956,-10.00982,0,0,0,1,1,1,1
Blob76:-0.6753064,3.072868,-13.95197,0,0,0,1,1,1,1
-8587877597176542532
-8587877597176252228
Blob59:-1.964714,3.358258,-11.71554,0,0,0,1,1,1,1
Blob94:0.3375,2.248956,-10.00982,0,0,0,1,1,1,1
Blob76:-0.6746621,3.055716,-13.96884,0,0,0,1,1,1,1
-8587877597175972100
Blob59:-1.964714,3.358258,-11.71554,0,0,0,1,1,1,1
Blob94:0.3375,2.248956,-10.00982,0,0,0,1,1,1,1
Blob76:-0.6737908,3.051875,-13.98929,0,0,0,1,1,1,1
-8587877597175661795
Blob59:-1.964714,3.358258,-11.71554,0,0,0,1,1,1,1
Blob94:0.3375,2.248956,-10.00982,0,0,0,1,1,1,1
Blob76:-0.6668034,3.044864,-13.99581,0,0,0,1,1,1,1
-8587877597175491478
-8587877597175031190
Blob59:-1.964714,3.358258,-11.71554,0,0,0,1,1,1,1
Blob94:0.3375,2.248956,-10.00982,0,0,0,1,1,1,1
Blob76:-0.6616783,3.049907,-14.02094,0,0,0,1,1,1,1
-8587877597174750770
Blob59:-1.964714,3.358258,-11.71554,0,0,0,1,1,1,1
Blob94:0.3375,2.248956,-10.00982,0,0,0,1,1,1,1
Blob76:-0.659056,3.045983,-14.03112,0,0,0,1,1,1,1
-8587877597174480534
Blob59:-1.964714,3.358258,-11.71554,0,0,0,1,1,1,1
Blob94:0.3375,2.248956,-10.00982,0,0,0,1,1,1,1
Blob76:-0.6544384,3.040039,-14.04483,0,0,0,1,1,1,1
-8587877597174200245
Blob59:-1.964714,3.358258,-11.71554,0,0,0,1,1,1,1
Blob94:0.3375,2.248956,-10.00982,0,0,0,1,1,1,1
Blob76:-0.6575455,3.022229,-14.03742,0,0,0,1,1,1,1
-8587877597173930147
Blob59:-1.964714,3.358258,-11.71554,0,0,0,1,1,1,1
Blob94:0.3375,2.248956,-10.00982,0,0,0,1,1,1,1
Blob76:-0.6559867,3.005893,-14.04277,0,0,0,1,1,1,1
-8587877597173619749
Blob59:-1.964714,3.358258,-11.71554,0,0,0,1,1,1,1
Blob94:0.3375,2.248956,-10.00982,0,0,0,1,1,1,1
Blob76:-0.6550066,2.990791,-14.0361,0,0,0,1,1,1,1
-8587877597173329573
Blob59:-1.964714,3.358258,-11.71554,0,0,0,1,1,1,1
Blob94:0.3375,2.248956,-10.00982,0,0,0,1,1,1,1
Blob76:-0.6542932,2.978847,-14.02894,0,0,0,1,1,1,1
-8587877597173169092
Blob59:-1.964714,3.358258,-11.71554,0,0,0,1,1,1,1
Blob94:0.3375,2.248956,-10.00982,0,0,0,1,1,1,1
Blob76:-0.6534306,2.972237,-14.02317,0,0,0,1,1,1,1
-8587877597172878795
-8587877597172608651
Blob59:-1.964714,3.358258,-11.71554,0,0,0,1,1,1,1
Blob94:0.3375,2.248956,-10.00982,0,0,0,1,1,1,1
Blob76:-0.6566611,2.972328,-14.01631,0,0,0,1,1,1,1
-8587877597172328254
Blob59:-1.964714,3.358258,-11.71554,0,0,0,1,1,1,1
Blob94:0.3375,2.248956,-10.00982,0,0,0,1,1,1,1
Blob76:-0.6679125,2.972991,-14.01696,0,0,0,1,1,1,1
-8587877597172167929
-8587877597171887658
Blob59:-1.964714,3.358258,-11.71554,0,0,0,1,1,1,1
Blob94:0.3375,2.248956,-10.00982,0,0,0,1,1,1,1
Blob76:-0.6820531,2.980137,-14.02028,0,0,0,1,1,1,1
-8587877597171567348
Blob59:-1.964714,3.358258,-11.71554,0,0,0,1,1,1,1
Blob94:0.3375,2.248956,-10.00982,0,0,0,1,1,1,1
Blob76:-0.7099505,2.992616,-14.03615,0,0,0,1,1,1,1
-8587877597171287087
Blob59:-1.964714,3.358258,-11.71554,0,0,0,1,1,1,1
Blob94:0.3375,2.248956,-10.00982,0,0,0,1,1,1,1
Blob76:-0.7418265,3.007473,-14.05417,0,0,0,1,1,1,1
-8587877597170966674
Blob59:-1.964714,3.358258,-11.71554,0,0,0,1,1,1,1
Blob94:0.3375,2.248956,-10.00982,0,0,0,1,1,1,1
Blob76:-0.7826459,3.024456,-14.08544,0,0,0,1,1,1,1
-8587877597170696505
Blob59:-1.964714,3.358258,-11.71554,0,0,0,1,1,1,1
Blob94:0.3375,2.248956,-10.00982,0,0,0,1,1,1,1
Blob76:-0.8195764,3.042646,-14.11698,0,0,0,1,1,1,1
-8587877597170526406
-8587877597170246139
Blob59:-1.964714,3.358258,-11.71554,0,0,0,1,1,1,1
Blob94:0.3375,2.248956,-10.00982,0,0,0,1,1,1,1
Blob76:-0.8470019,3.056185,-14.13482,0,0,0,1,1,1,1
-8587877597169965858
Blob59:-1.964714,3.358258,-11.71554,0,0,0,1,1,1,1
Blob94:0.3375,2.248956,-10.00982,0,0,0,1,1,1,1
Blob76:-0.8642063,3.07336,-14.13584,0,0,0,1,1,1,1
-8587877597169684480
Blob59:-1.964714,3.358258,-11.71554,0,0,0,1,1,1,1
Blob94:0.3375,2.248956,-10.00982,0,0,0,1,1,1,1
Blob76:-0.8746043,3.098165,-14.15277,0,0,0,1,1,1,1
-8587877597169523817
-8587877597169243494
Blob59:-1.964714,3.358258,-11.71554,0,0,0,1,1,1,1
Blob94:0.3375,2.248956,-10.00982,0,0,0,1,1,1,1
Blob76:-0.868316,3.121931,-14.15367,0,0,0,1,1,1,1
-8587877597168963290
Blob59:-1.964714,3.358258,-11.71554,0,0,0,1,1,1,1
Blob94:0.3375,2.248956,-10.00982,0,0,0,1,1,1,1
Blob76:-0.8698532,3.178023,-14.1881,0,0,0,1,1,1,1
-8587877597168682939
Blob59:-1.964714,3.358258,-11.71554,0,0,0,1,1,1,1
Blob94:0.3375,2.248956,-10.00982,0,0,0,1,1,1,1
Blob76:-0.8582857,3.164743,-14.20704,0,0,0,1,1,1,1
-8587877597168523960
-8587877597168243773
-8587877597167953508
-8587877597167653061
-8587877597167489249
-8587877597167209031
-8587877597166928760
-8587877597166658501
-8587877597166488284
-8587877597166207920
-8587877597165917585
-8587877597165647328
-8587877597165481228
-8587877597165198158
-8587877597164919978
-8587877597164569642
-8587877597164279369
-8587877597163979068
-8587877597163838939
-8587877597163568680
-8587877597163278406
-8587877597163008142
-8587877597162827618
-8587877597162557336
-8587877597162277187
-8587877597161996755
-8587877597161837942
-8587877597161557564
-8587877597161267393
-8587877597160986939
-8587877597160829607
-8587877597160549320
-8587877597160279173
-8587877597159993892
-8587877597159829566
-8587877597159559306
-8587877597159279035
-8587877597158998769
-8587877597158833259
-8587877597158522967
-8587877597158052490
-8587877597157602076
-8587877597157331829
-8587877597157163130
-8587877597156882856
-8587877597156562539
-8587877597156286087
-8587877597155995811
-8587877597155825438
-8587877597155545161
-8587877597155264892
-8587877597154974611
-8587877597154815543
-8587877597154535277
-8587877597154255008
-8587877597153964686
-8587877597153694470
-8587877597153524228
-8587877597153244054
-8587877597152953688
-8587877597152693525
-8587877597152523365
-8587877597152253103
-8587877597151982844
-8587877597151812619
-8587877597151532353
-8587877597151252081
-8587877597150971820
-8587877597150651385
-8587877597150481321
-8587877597150200955
-8587877597149910769
-8587877597149610401
-8587877597149330076
-8587877597149170061
-8587877597148889559
-8587877597148599511
-8587877597148329157
-8587877597148169159
-8587877597147888891
-8587877597147611415
-8587877597147331243
-8587877597147161039
-8587877597146890787
-8587877597146605355
-8587877597146314931
-8587877597146154646
-8587877597145864358
-8587877597145584624
-8587877597145314426
-8587877597145149293
-8587877597144868909
-8587877597144588745
-8587877597144288460
-8587877597143998181
-8587877597143832439
-8587877597143532038
-8587877597143061671
-8587877597142615010
-8587877597142326183
-8587877597142135865
-8587877597141705381
-8587877597141405159
-8587877597141124898
-8587877597140844626
-8587877597140564360
-8587877597140294098
-8587877597139993813
-8587877597139814961
-8587877597139534715
-8587877597139260736
-8587877597138990374
-8587877597138822784
-8587877597138542617
-8587877597138262346
-8587877597137952048
-8587877597137681789
-8587877597137512972
-8587877597137202595
-8587877597136822402
-8587877597136502095
-8587877597136201809
-8587877597135921382
-8587877597135641269
-8587877597135481213
-8587877597135194403
-8587877597134923987
-8587877597134613756
-8587877597134333470
-8587877597134164023
-8587877597133893766
-8587877597133603447
-8587877597133333321
-8587877597133163373
-8587877597132893147
-8587877597132612775
-8587877597132332550
-8587877597132162451
-8587877597131892199
-8587877597131601857
-8587877597131312984
-8587877597131154302
-8587877597130864136
-8587877597130573740
-8587877597130293573
-8587877597129993290
Blob59:-1.964714,3.358258,-11.71554,0,0,0,1,1,1,1
Blob94:0.3375,2.248956,-10.00982,0,0,0,1,1,1,1
Blob76:-0.8577048,2.991488,-14.14847,0,0,0,1,1,1,1
-8587877597129833032
Blob59:-1.964714,3.358258,-11.71554,0,0,0,1,1,1,1
Blob94:0.3375,2.248956,-10.00982,0,0,0,1,1,1,1
Blob76:-0.8531635,2.945336,-14.13912,0,0,0,1,1,1,1
-8587877597129552714
-8587877597129252580
Blob59:-1.964714,3.358258,-11.71554,0,0,0,1,1,1,1
Blob94:0.3375,2.248956,-10.00982,0,0,0,1,1,1,1
Blob76:-0.8432544,2.911221,-14.13035,0,0,0,1,1,1,1
-8587877597128972311
Blob59:-1.964714,3.358258,-11.71554,0,0,0,1,1,1,1
Blob94:0.3375,2.248956,-10.00982,0,0,0,1,1,1,1
Blob76:-0.8376617,2.876208,-14.10289,0,0,0,1,1,1,1
-8587877597128807933
Blob59:-1.964714,3.358258,-11.71554,0,0,0,1,1,1,1
Blob94:0.3375,2.248956,-10.00982,0,0,0,1,1,1,1
Blob76:-0.8333177,2.853328,-14.09929,0,0,0,1,1,1,1
-8587877597128529272
-8587877597128249095
Blob59:-1.964714,3.358258,-11.71554,0,0,0,1,1,1,1
Blob94:0.3375,2.248956,-10.00982,0,0,0,1,1,1,1
Blob76:-0.8186399,2.82759,-14.09154,0,0,0,1,1,1,1
-8587877597127967224
Blob59:-1.964714,3.358258,-11.71554,0,0,0,1,1,1,1
Blob94:0.3375,2.248956,-10.00982,0,0,0,1,1,1,1
Blob76:-0.817345,2.811596,-14.09067,0,0,0,1,1,1,1
-8587877597127656842
Blob59:-1.964714,3.358258,-11.71554,0,0,0,1,1,1,1
Blob94:0.3375,2.248956,-10.00982,0,0,0,1,1,1,1
Blob76:-0.8062413,2.786715,-14.09012,0,0,0,1,1,1,1
-8587877597127536675
-8587877597127246489
Blob59:-1.964714,3.358258,-11.71554,0,0,0,1,1,1,1
Blob94:0.3375,2.248956,-10.00982,0,0,0,1,1,1,1
Blob76:-0.7920309,2.770862,-14.08054,0,0,0,1,1,1,1
-8587877597126936189
Blob59:-1.964714,3.358258,-11.71554,0,0,0,1,1,1,1
Blob94:0.3375,2.248956,-10.00982,0,0,0,1,1,1,1
Blob76:-0.7710747,2.749566,-14.08706,0,0,0,1,1,1,1
-8587877597126656207
Blob59:-1.964714,3.358258,-11.71554,0,0,0,1,1,1,1
Blob94:0.3375,2.248956,-10.00982,0,0,0,1,1,1,1
Blob76:-0.7471632,2.734879,-14.08306,0,0,0,1,1,1,1
-8587877597126495370
Blob59:-1.964714,3.358258,-11.71554,0,0,0,1,1,1,1
Blob94:0.3375,2.248956,-10.00982,0,0,0,1,1,1,1
Blob76:-0.7303308,2.719528,-14.08235,0,0,0,1,1,1,1
-8587877597126205089
-8587877597125924825
Blob59:-1.964714,3.358258,-11.71554,0,0,0,1,1,1,1
Blob94:0.3375,2.248956,-10.00982,0,0,0,1,1,1,1
Blob76:-0.7099708,2.716389,-14.09111,0,0,0,1,1,1,1
-8587877597125644551
Blob59:-1.964714,3.358258,-11.71554,0,0,0,1,1,1,1
Blob94:0.3375,2.248956,-10.00982,0,0,0,1,1,1,1
Blob76:-0.7005937,2.71372,-14.08335,0,0,0,1,1,1,1
-8587877597125484402
-8587877597125204133
Blob59:-1.964714,3.358258,-11.71554,0,0,0,1,1,1,1
Blob94:0.3375,2.248956,-10.00982,0,0,0,1,1,1,1
Blob76:-0.6954749,2.712208,-14.0869,0,0,0,1,1,1,1
-8587877597124913855
Blob59:-1.964714,3.358258,-11.71554,0,0,0,1,1,1,1
Blob94:0.3375,2.248956,-10.00982,0,0,0,1,1,1,1
Blob76:-0.6846574,2.702755,-14.08708,0,0,0,1,1,1,1
-8587877597124643591
Blob59:-1.964714,3.358258,-11.71554,0,0,0,1,1,1,1
Blob94:0.3375,2.248956,-10.00982,0,0,0,1,1,1,1
Blob76:-0.6804884,2.700234,-14.08712,0,0,0,1,1,1,1
-8587877597124482735
Blob59:-1.964714,3.358258,-11.71554,0,0,0,1,1,1,1
Blob94:0.3375,2.248956,-10.00982,0,0,0,1,1,1,1
Blob76:-0.6742864,2.695449,-14.09561,0,0,0,1,1,1,1
-8587877597124196504
-8587877597123916228
Blob59:-1.964714,3.358258,-11.71554,0,0,0,1,1,1,1
Blob94:0.3375,2.248956,-10.00982,0,0,0,1,1,1,1
Blob76:-0.6723314,2.692739,-14.10807,0,0,0,1,1,1,1
-8587877597123645966
Blob59:-1.964714,3.358258,-11.71554,0,0,0,1,1,1,1
Blob94:0.3375,2.248956,-10.00982,0,0,0,1,1,1,1
Blob76:-0.6721174,2.69211,-14.11692,0,0,0,1,1,1,1
-8587877597123481990
Blob59:-1.964714,3.358258,-11.71554,0,0,0,1,1,1,1
Blob94:0.3375,2.248956,-10.00982,0,0,0,1,1,1,1
Blob76:-0.6670724,2.688679,-14.11108,0,0,0,1,1,1,1
-8587877597123203813
-8587877597122923636
Blob59:-1.964714,3.358258,-11.71554,0,0,0,1,1,1,1
Blob94:0.3375,2.248956,-10.00982,0,0,0,1,1,1,1
Blob76:-0.6628168,2.687307,-14.12236,0,0,0,1,1,1,1
-8587877597122623358
Blob59:-1.964714,3.358258,-11.71554,0,0,0,1,1,1,1
Blob94:0.3375,2.248956,-10.00982,0,0,0,1,1,1,1
Blob76:-0.6621512,2.682681,-14.11983,0,0,0,1,1,1,1
-8587877597122353102
Blob59:-1.964714,3.358258,-11.71554,0,0,0,1,1,1,1
Blob94:0.3375,2.248956,-10.00982,0,0,0,1,1,1,1
Blob76:-0.6613796,2.681591,-14.12184,0,0,0,1,1,1,1
-8587877597122196384
-8587877597121916117
Blob59:-1.964714,3.358258,-11.71554,0,0,0,1,1,1,1
Blob94:0.3375,2.248956,-10.00982,0,0,0,1,1,1,1
Blob76:-0.6613031,2.672175,-14.11805,0,0,0,1,1,1,1
-8587877597121645853
Blob59:-1.964714,3.358258,-11.71554,0,0,0,1,1,1,1
Blob94:0.3375,2.248956,-10.00982,0,0,0,1,1,1,1
Blob76:-0.6655696,2.66714,-14.11569,0,0,0,1,1,1,1
-8587877597121483208
Blob59:-1.964714,3.358258,-11.71554,0,0,0,1,1,1,1
Blob94:0.3375,2.248956,-10.00982,0,0,0,1,1,1,1
Blob76:-0.669214,2.659463,-14.11515,0,0,0,1,1,1,1
-8587877597121202934
-8587877597120914612
Blob59:-1.964714,3.358258,-11.71554,0,0,0,1,1,1,1
Blob94:0.3375,2.248956,-10.00982,0,0,0,1,1,1,1
Blob76:-0.6751571,2.656181,-14.10453,0,0,0,1,1,1,1
-8587877597120584935
Blob59:-1.964714,3.358258,-11.71554,0,0,0,1,1,1,1
Blob94:0.3375,2.248956,-10.00982,0,0,0,1,1,1,1
Blob76:-0.6828843,2.65259,-14.11498,0,0,0,1,1,1,1
-8587877597120294659
Blob59:-1.964714,3.358258,-11.71554,0,0,0,1,1,1,1
Blob94:0.3375,2.248956,-10.00982,0,0,0,1,1,1,1
Blob76:-0.6859146,2.64659,-14.11485,0,0,0,1,1,1,1
-8587877597120024387
Blob59:-1.964714,3.358258,-11.71554,0,0,0,1,1,1,1
Blob94:0.3375,2.248956,-10.00982,0,0,0,1,1,1,1
Blob76:-0.6846212,2.642848,-14.10966,0,0,0,1,1,1,1
-8587877597119863657
-8587877597119583391
Blob59:-1.964714,3.358258,-11.71554,0,0,0,1,1,1,1
Blob94:0.3375,2.248956,-10.00982,0,0,0,1,1,1,1
Blob76:-0.6882585,2.6375,-14.10667,0,0,0,1,1,1,1
-8587877597119313124
Blob59:-1.964714,3.358258,-11.71554,0,0,0,1,1,1,1
Blob94:0.3375,2.248956,-10.00982,0,0,0,1,1,1,1
Blob76:-0.6913459,2.634508,-14.11472,0,0,0,1,1,1,1
-8587877597119153544
Blob59:-1.964714,3.358258,-11.71554,0,0,0,1,1,1,1
Blob94:0.3375,2.248956,-10.00982,0,0,0,1,1,1,1
Blob76:-0.6906055,2.626682,-14.10741,0,0,0,1,1,1,1
-8587877597118853256
-8587877597118552957
Blob59:-1.964714,3.358258,-11.71554,0,0,0,1,1,1,1
Blob94:0.3375,2.248956,-10.00982,0,0,0,1,1,1,1
Blob76:-0.6914786,2.625398,-14.11903,0,0,0,1,1,1,1
-8587877597118282711
Blob59:-1.964714,3.358258,-11.71554,0,0,0,1,1,1,1
Blob94:0.3375,2.248956,-10.00982,0,0,0,1,1,1,1
Blob76:-0.6924983,2.622945,-14.11622,0,0,0,1,1,1,1
-8587877597118002432
Blob59:-1.964714,3.358258,-11.71554,0,0,0,1,1,1,1
Blob94:0.3375,2.248956,-10.00982,0,0,0,1,1,1,1
Blob76:-0.6940711,2.621113,-14.12169,0,0,0,1,1,1,1
-8587877597117832279
-8587877597117551997
Blob59:-1.964714,3.358258,-11.71554,0,0,0,1,1,1,1
Blob94:0.3375,2.248956,-10.00982,0,0,0,1,1,1,1
Blob76:-0.6947168,2.621967,-14.11181,0,0,0,1,1,1,1
-8587877597117279856
Blob59:-1.964714,3.358258,-11.71554,0,0,0,1,1,1,1
Blob94:0.3375,2.248956,-10.00982,0,0,0,1,1,1,1
Blob76:-0.6941568,2.620627,-14.11661,0,0,0,1,1,1,1
-8587877597116999518
Blob59:-1.964714,3.358258,-11.71554,0,0,0,1,1,1,1
Blob94:0.3375,2.248956,-10.00982,0,0,0,1,1,1,1
Blob76:-0.6928009,2.616415,-14.11506,0,0,0,1,1,1,1
-8587877597116829217
-8587877597116558952
Blob59:-1.964714,3.358258,-11.71554,0,0,0,1,1,1,1
Blob94:0.3375,2.248956,-10.00982,0,0,0,1,1,1,1
Blob76:-0.6903682,2.611347,-14.12722,0,0,0,1,1,1,1
-8587877597116228615
Blob59:-1.964714,3.358258,-11.71554,0,0,0,1,1,1,1
Blob94:0.3375,2.248956,-10.00982,0,0,0,1,1,1,1
Blob76:-0.6879452,2.609768,-14.12328,0,0,0,1,1,1,1
-8587877597115838264
Blob59:-1.964714,3.358258,-11.71554,0,0,0,1,1,1,1
Blob94:0.3375,2.248956,-10.00982,0,0,0,1,1,1,1
Blob76:-0.6665853,2.602644,-14.12809,0,0,0,1,1,1,1
-8587877597115517831
Blob59:-1.964714,3.358258,-11.71554,0,0,0,1,1,1,1
Blob94:0.3375,2.248956,-10.00982,0,0,0,1,1,1,1
Blob76:-0.6423907,2.59963,-14.11857,0,0,0,1,1,1,1
-8587877597115227675
Blob59:-1.964714,3.358258,-11.71554,0,0,0,1,1,1,1
Blob94:0.3375,2.248956,-10.00982,0,0,0,1,1,1,1
Blob76:-0.6008887,2.601035,-14.1129,0,0,0,1,1,1,1
-8587877597114947401
Blob59:-1.964714,3.358258,-11.71554,0,0,0,1,1,1,1
Blob94:0.3375,2.248956,-10.00982,0,0,0,1,1,1,1
Blob76:-0.5497383,2.605191,-14.10755,0,0,0,1,1,1,1
-8587877597114657128
Blob59:-1.964714,3.358258,-11.71554,0,0,0,1,1,1,1
Blob94:0.3375,2.248956,-10.00982,0,0,0,1,1,1,1
Blob76:-0.5030469,2.621805,-14.0948,0,0,0,1,1,1,1
-8587877597114486972
-8587877597114206696
Blob59:-1.964714,3.358258,-11.71554,0,0,0,1,1,1,1
Blob94:0.3375,2.248956,-10.00982,0,0,0,1,1,1,1
Blob76:-0.4479845,2.633583,-14.08004,0,0,0,1,1,1,1
-8587877597113913117
Blob59:-1.964714,3.358258,-11.71554,0,0,0,1,1,1,1
Blob94:0.3375,2.248956,-10.00982,0,0,0,1,1,1,1
Blob76:-0.3970008,2.644263,-14.06779,0,0,0,1,1,1,1
-8587877597113642861
Blob59:-1.964714,3.358258,-11.71554,0,0,0,1,1,1,1
Blob94:0.3375,2.248956,-10.00982,0,0,0,1,1,1,1
Blob76:-0.3540412,2.661985,-14.03738,0,0,0,1,1,1,1
-8587877597113442525
Blob59:-1.964714,3.358258,-11.71554,0,0,0,1,1,1,1
Blob94:0.3375,2.248956,-10.00982,0,0,0,1,1,1,1
Blob76:-0.3119616,2.678809,-14.00655,0,0,0,1,1,1,1
-8587877597113162254
-8587877597112881985
Blob59:-1.964714,3.358258,-11.71554,0,0,0,1,1,1,1
Blob94:0.3375,2.248956,-10.00982,0,0,0,1,1,1,1
Blob76:-0.27657,2.697671,-13.98171,0,0,0,1,1,1,1
-8587877597112601716
Blob59:-1.964714,3.358258,-11.71554,0,0,0,1,1,1,1
Blob94:0.3375,2.248956,-10.00982,0,0,0,1,1,1,1
Blob76:-0.2443106,2.713728,-13.94184,0,0,0,1,1,1,1
-8587877597112331454
Blob59:-1.964714,3.358258,-11.71554,0,0,0,1,1,1,1
Blob94:0.3375,2.248956,-10.00982,0,0,0,1,1,1,1
Blob76:-0.239022,2.737323,-13.91414,0,0,0,1,1,1,1
-8587877597112171319
-8587877597111901062
Blob59:-1.964714,3.358258,-11.71554,0,0,0,1,1,1,1
Blob94:0.3375,2.248956,-10.00982,0,0,0,1,1,1,1
Blob76:-0.2466705,2.760388,-13.88847,0,0,0,1,1,1,1
-8587877597111610689
Blob59:-1.964714,3.358258,-11.71554,0,0,0,1,1,1,1
Blob94:0.3375,2.248956,-10.00982,0,0,0,1,1,1,1
Blob76:-0.2801045,2.774575,-13.86331,0,0,0,1,1,1,1
-8587877597111330515
Blob59:-1.964714,3.358258,-11.71554,0,0,0,1,1,1,1
Blob94:0.3375,2.248956,-10.00982,0,0,0,1,1,1,1
Blob76:-0.335788,2.793128,-13.85422,0,0,0,1,1,1,1
-8587877597111156465
-8587877597110866189
Blob59:-1.964714,3.358258,-11.71554,0,0,0,1,1,1,1
Blob94:0.3375,2.248956,-10.00982,0,0,0,1,1,1,1
Blob76:-0.4294475,2.806318,-13.85689,0,0,0,1,1,1,1
-8587877597110585823
Blob59:-1.964714,3.358258,-11.71554,0,0,0,1,1,1,1
Blob94:0.3375,2.248956,-10.00982,0,0,0,1,1,1,1
Blob76:-0.5453901,2.812208,-13.8604,0,0,0,1,1,1,1
-8587877597110325671
Blob59:-1.964714,3.358258,-11.71554,0,0,0,1,1,1,1
Blob94:0.3375,2.248956,-10.00982,0,0,0,1,1,1,1
Blob76:-0.6679035,2.804375,-13.88604,0,0,0,1,1,1,1
-8587877597110158285
-8587877597109868009
Blob59:-1.964714,3.358258,-11.71554,0,0,0,1,1,1,1
Blob94:0.3375,2.248956,-10.00982,0,0,0,1,1,1,1
Blob76:-0.7890928,2.783231,-13.91988,0,0,0,1,1,1,1
-8587877597109567724
Blob59:-1.964714,3.358258,-11.71554,0,0,0,1,1,1,1
Blob94:0.3375,2.248956,-10.00982,0,0,0,1,1,1,1
Blob76:-0.8887445,2.744031,-13.94748,0,0,0,1,1,1,1
-8587877597109287358
Blob59:-1.964714,3.358258,-11.71554,0,0,0,1,1,1,1
Blob94:0.3375,2.248956,-10.00982,0,0,0,1,1,1,1
Blob76:-0.9615446,2.70497,-13.986,0,0,0,1,1,1,1
-8587877597108997179
Blob59:-1.964714,3.358258,-11.71554,0,0,0,1,1,1,1
Blob94:0.3375,2.248956,-10.00982,0,0,0,1,1,1,1
Blob76:-1.003124,2.657772,-14.02787,0,0,0,1,1,1,1
-8587877597108827553
-8587877597108557294
Blob59:-1.964714,3.358258,-11.71554,0,0,0,1,1,1,1
Blob94:0.3375,2.248956,-10.00982,0,0,0,1,1,1,1
Blob76:-1.006223,2.61131,-14.02478,0,0,0,1,1,1,1
-8587877597108267018
Blob59:-1.964714,3.358258,-11.71554,0,0,0,1,1,1,1
Blob94:0.3375,2.248956,-10.00982,0,0,0,1,1,1,1
Blob76:-0.9889007,2.581823,-14.03152,0,0,0,1,1,1,1
-8587877597107996756
Blob59:-1.964714,3.358258,-11.71554,0,0,0,1,1,1,1
Blob94:0.3375,2.248956,-10.00982,0,0,0,1,1,1,1
Blob76:-0.9434807,2.546616,-14.01476,0,0,0,1,1,1,1
-8587877597107826636
-8587877597107546378
Blob59:-1.964714,3.358258,-11.71554,0,0,0,1,1,1,1
Blob94:0.3375,2.248956,-10.00982,0,0,0,1,1,1,1
Blob76:-0.8820563,2.523,-13.99519,0,0,0,1,1,1,1
-8587877597107246085
Blob59:-1.964714,3.358258,-11.71554,0,0,0,1,1,1,1
Blob94:0.3375,2.248956,-10.00982,0,0,0,1,1,1,1
Blob76:-0.8071631,2.517063,-13.9717,0,0,0,1,1,1,1
-8587877597106965806
Blob59:-1.964714,3.358258,-11.71554,0,0,0,1,1,1,1
Blob94:0.3375,2.248956,-10.00982,0,0,0,1,1,1,1
Blob76:-0.7349103,2.519844,-13.94724,0,0,0,1,1,1,1
-8587877597106695554
Blob59:-1.964714,3.358258,-11.71554,0,0,0,1,1,1,1
Blob94:0.3375,2.248956,-10.00982,0,0,0,1,1,1,1
Blob76:-0.6732979,2.527344,-13.90355,0,0,0,1,1,1,1
-8587877597106535400
-8587877597106215093
Blob59:-1.964714,3.358258,-11.71554,0,0,0,1,1,1,1
Blob94:0.3375,2.248956,-10.00982,0,0,0,1,1,1,1
Blob76:-0.6261457,2.550123,-13.86917,0,0,0,1,1,1,1
-8587877597105934824
Blob59:-1.964714,3.358258,-11.71554,0,0,0,1,1,1,1
Blob94:0.3375,2.248956,-10.00982,0,0,0,1,1,1,1
Blob76:-0.5972591,2.576333,-13.83212,0,0,0,1,1,1,1
-8587877597105661949
Blob59:-1.964714,3.358258,-11.71554,0,0,0,1,1,1,1
Blob94:0.3375,2.248956,-10.00982,0,0,0,1,1,1,1
Blob76:-0.5840741,2.605028,-13.7969,0,0,0,1,1,1,1
-8587877597105491565
-8587877597105211414
Blob59:-1.964714,3.358258,-11.71554,0,0,0,1,1,1,1
Blob94:0.3375,2.248956,-10.00982,0,0,0,1,1,1,1
Blob76:-0.5865458,2.63467,-13.75784,0,0,0,1,1,1,1
-8587877597104911123
Blob59:-1.964714,3.358258,-11.71554,0,0,0,1,1,1,1
Blob94:0.3375,2.248956,-10.00982,0,0,0,1,1,1,1
Blob76:-0.5929366,2.665756,-13.71657,0,0,0,1,1,1,1
-8587877597104630852
Blob59:-1.964714,3.358258,-11.71554,0,0,0,1,1,1,1
Blob94:0.3375,2.248956,-10.00982,0,0,0,1,1,1,1
Blob76:-0.6053757,2.695671,-13.65775,0,0,0,1,1,1,1
-8587877597104360598
Blob59:-1.964714,3.358258,-11.71554,0,0,0,1,1,1,1
Blob94:0.3375,2.248956,-10.00982,0,0,0,1,1,1,1
Blob76:-0.6222807,2.719016,-13.59275,0,0,0,1,1,1,1
-8587877597104190368
-8587877597103910094
Blob59:-1.964714,3.358258,-11.71554,0,0,0,1,1,1,1
Blob94:0.3375,2.248956,-10.00982,0,0,0,1,1,1,1
Blob76:-0.6469015,2.75097,-13.53901,0,0,0,1,1,1,1
-8587877597103629807
Blob59:-1.964714,3.358258,-11.71554,0,0,0,1,1,1,1
Blob94:0.3375,2.248956,-10.00982,0,0,0,1,1,1,1
Blob76:-0.6777952,2.774902,-13.46546,0,0,0,1,1,1,1
-8587877597103359558
Blob59:-1.964714,3.358258,-11.71554,0,0,0,1,1,1,1
Blob94:0.3375,2.248956,-10.00982,0,0,0,1,1,1,1
Blob76:-0.7139822,2.794055,-13.40083,0,0,0,1,1,1,1
-8587877597103188543
-8587877597102918165
Blob59:-1.964714,3.358258,-11.71554,0,0,0,1,1,1,1
Blob94:0.3375,2.248956,-10.00982,0,0,0,1,1,1,1
Blob76:-0.7519603,2.816147,-13.34167,0,0,0,1,1,1,1
-8587877597102617831
Blob59:-1.964714,3.358258,-11.71554,0,0,0,1,1,1,1
Blob94:0.3375,2.248956,-10.00982,0,0,0,1,1,1,1
Blob76:-0.7948318,2.827303,-13.27071,0,0,0,1,1,1,1
-8587877597102327566
Blob59:-1.964714,3.358258,-11.71554,0,0,0,1,1,1,1
Blob94:0.3375,2.248956,-10.00982,0,0,0,1,1,1,1
Blob76:-0.8378332,2.821661,-13.19127,0,0,0,1,1,1,1
-8587877597102156896
-8587877597101876711
Blob59:-1.964714,3.358258,-11.71554,0,0,0,1,1,1,1
Blob94:0.3375,2.248956,-10.00982,0,0,0,1,1,1,1
Blob76:-0.8801519,2.819706,-13.12511,0,0,0,1,1,1,1
-8587877597101596442
Blob59:-1.964714,3.358258,-11.71554,0,0,0,1,1,1,1
Blob94:0.3375,2.248956,-10.00982,0,0,0,1,1,1,1
Blob76:-0.9235674,2.806321,-13.06398,0,0,0,1,1,1,1
-8587877597101326183
Blob59:-1.964714,3.358258,-11.71554,0,0,0,1,1,1,1
Blob94:0.3375,2.248956,-10.00982,0,0,0,1,1,1,1
Blob76:-0.9620176,2.787074,-13.01787,0,0,0,1,1,1,1
-8587877597101155643
-8587877597100875544
Blob59:-1.964714,3.358258,-11.71554,0,0,0,1,1,1,1
Blob94:0.3375,2.248956,-10.00982,0,0,0,1,1,1,1
Blob76:-1.004454,2.777805,-12.98813,0,0,0,1,1,1,1
-8587877597100595257
Blob59:-1.964714,3.358258,-11.71554,0,0,0,1,1,1,1
Blob94:0.3375,2.248956,-10.00982,0,0,0,1,1,1,1
Blob76:-1.030918,2.756516,-12.97869,0,0,0,1,1,1,1
-8587877597100314947
Blob59:-1.964714,3.358258,-11.71554,0,0,0,1,1,1,1
Blob94:0.3375,2.248956,-10.00982,0,0,0,1,1,1,1
Blob76:-1.05719,2.742428,-12.98311,0,0,0,1,1,1,1
-8587877597100158925
Blob59:-1.964714,3.358258,-11.71554,0,0,0,1,1,1,1
Blob94:0.3375,2.248956,-10.00982,0,0,0,1,1,1,1
Blob76:-1.070813,2.72855,-12.9906,0,0,0,1,1,1,1
-8587877597099878646
-8587877597099588283
Blob59:-1.964714,3.358258,-11.71554,0,0,0,1,1,1,1
Blob94:0.3375,2.248956,-10.00982,0,0,0,1,1,1,1
Blob76:-1.077813,2.712366,-13.02356,0,0,0,1,1,1,1
-8587877597099278088
Blob59:-1.964714,3.358258,-11.71554,0,0,0,1,1,1,1
Blob94:0.3375,2.248956,-10.00982,0,0,0,1,1,1,1
Blob76:-1.074953,2.703353,-13.04266,0,0,0,1,1,1,1
-8587877597098997816
Blob59:-1.964714,3.358258,-11.71554,0,0,0,1,1,1,1
Blob94:0.3375,2.248956,-10.00982,0,0,0,1,1,1,1
Blob76:-1.063765,2.697043,-13.07168,0,0,0,1,1,1,1
-8587877597098827254
-8587877597098526850
Blob59:-1.964714,3.358258,-11.71554,0,0,0,1,1,1,1
Blob94:0.3375,2.248956,-10.00982,0,0,0,1,1,1,1
Blob76:-1.052539,2.684028,-13.10181,0,0,0,1,1,1,1
-8587877597098116441
Blob59:-1.964714,3.358258,-11.71554,0,0,0,1,1,1,1
Blob94:0.3375,2.248956,-10.00982,0,0,0,1,1,1,1
Blob76:-1.031865,2.68086,-13.1334,0,0,0,1,1,1,1
-8587877597097826296
Blob59:-1.964714,3.358258,-11.71554,0,0,0,1,1,1,1
Blob94:0.3375,2.248956,-10.00982,0,0,0,1,1,1,1
Blob76:-1.013059,2.667718,-13.17102,0,0,0,1,1,1,1
-8587877597097536007
Blob59:-1.964714,3.358258,-11.71554,0,0,0,1,1,1,1
Blob94:0.3375,2.248956,-10.00982,0,0,0,1,1,1,1
Blob76:-0.9967609,2.65813,-13.21204,0,0,0,1,1,1,1
-8587877597097255749
Blob59:-1.964714,3.358258,-11.71554,0,0,0,1,1,1,1
Blob94:0.3375,2.248956,-10.00982,0,0,0,1,1,1,1
Blob76:-0.9791557,2.652733,-13.26825,0,0,0,1,1,1,1
-8587877597096985461
Blob59:-1.964714,3.358258,-11.71554,0,0,0,1,1,1,1
Blob94:0.3375,2.248956,-10.00982,0,0,0,1,1,1,1
Blob76:-0.952024,2.644269,-13.31339,0,0,0,1,1,1,1
-8587877597096824860
Blob59:-1.964714,3.358258,-11.71554,0,0,0,1,1,1,1
Blob94:0.3375,2.248956,-10.00982,0,0,0,1,1,1,1
Blob76:-0.9322973,2.644644,-13.34458,0,0,0,1,1,1,1
-8587877597096544588
-8587877597096264319
Blob59:-1.964714,3.358258,-11.71554,0,0,0,1,1,1,1
Blob94:0.3375,2.248956,-10.00982,0,0,0,1,1,1,1
Blob76:-0.9055701,2.65857,-13.36885,0,0,0,1,1,1,1
-8587877597095974143
Blob59:-1.964714,3.358258,-11.71554,0,0,0,1,1,1,1
Blob94:0.3375,2.248956,-10.00982,0,0,0,1,1,1,1
Blob76:-0.8739658,2.681207,-13.38993,0,0,0,1,1,1,1
-8587877597095803977
Blob59:-1.964714,3.358258,-11.71554,0,0,0,1,1,1,1
Blob94:0.3375,2.248956,-10.00982,0,0,0,1,1,1,1
Blob76:-0.8526997,2.712736,-13.40849,0,0,0,1,1,1,1
-8587877597095513701
-8587877597095233433
Blob59:-1.964714,3.358258,-11.71554,0,0,0,1,1,1,1
Blob94:0.3375,2.248956,-10.00982,0,0,0,1,1,1,1
Blob76:-0.8290009,2.738361,-13.40119,0,0,0,1,1,1,1
-8587877597094933145
Blob59:-1.964714,3.358258,-11.71554,0,0,0,1,1,1,1
Blob94:0.3375,2.248956,-10.00982,0,0,0,1,1,1,1
Blob76:-0.8226767,2.779696,-13.4094,0,0,0,1,1,1,1
-8587877597094652730
Blob59:-1.964714,3.358258,-11.71554,0,0,0,1,1,1,1
Blob94:0.3375,2.248956,-10.00982,0,0,0,1,1,1,1
Blob76:-0.8250898,2.811659,-13.40591,0,0,0,1,1,1,1
-8587877597094492563
-8587877597094202287
Blob59:-1.964714,3.358258,-11.71554,0,0,0,1,1,1,1
Blob94:0.3375,2.248956,-10.00982,0,0,0,1,1,1,1
Blob76:-0.8473002,2.845933,-13.40258,0,0,0,1,1,1,1
-8587877597093912009
Blob59:-1.964714,3.358258,-11.71554,0,0,0,1,1,1,1
Blob94:0.3375,2.248956,-10.00982,0,0,0,1,1,1,1
Blob76:-0.8980278,2.865856,-13.4158,0,0,0,1,1,1,1
-8587877597093621713
Blob59:-1.964714,3.358258,-11.71554,0,0,0,1,1,1,1
Blob94:0.3375,2.248956,-10.00982,0,0,0,1,1,1,1
Blob76:-0.9681112,2.87539,-13.41735,0,0,0,1,1,1,1
-8587877597093351458
Blob59:-1.964714,3.358258,-11.71554,0,0,0,1,1,1,1
Blob94:0.3375,2.248956,-10.00982,0,0,0,1,1,1,1
Blob76:-1.058623,2.856724,-13.43347,0,0,0,1,1,1,1
-8587877597093191220
-8587877597092911044
Blob59:-1.964714,3.358258,-11.71554,0,0,0,1,1,1,1
Blob94:0.3375,2.248956,-10.00982,0,0,0,1,1,1,1
Blob76:-1.155819,2.819569,-13.42948,0,0,0,1,1,1,1
-8587877597092640789
Blob59:-1.964714,3.358258,-11.71554,0,0,0,1,1,1,1
Blob94:0.3375,2.248956,-10.00982,0,0,0,1,1,1,1
Blob76:-1.248188,2.76621,-13.43771,0,0,0,1,1,1,1
-8587877597092480687
Blob59:-1.964714,3.358258,-11.71554,0,0,0,1,1,1,1
Blob94:0.3375,2.248956,-10.00982,0,0,0,1,1,1,1
Blob76:-1.327932,2.705289,-13.4697,0,0,0,1,1,1,1
-8587877597092168487
-8587877597091884839
Blob59:-1.964714,3.358258,-11.71554,0,0,0,1,1,1,1
Blob94:0.3375,2.248956,-10.00982,0,0,0,1,1,1,1
Blob76:-1.392496,2.634795,-13.46995,0,0,0,1,1,1,1
-8587877597091604509
Blob59:-1.964714,3.358258,-11.71554,0,0,0,1,1,1,1
Blob94:0.3375,2.248956,-10.00982,0,0,0,1,1,1,1
Blob76:-1.432773,2.559612,-13.48952,0,0,0,1,1,1,1
-8587877597091335788
Blob59:-1.964714,3.358258,-11.71554,0,0,0,1,1,1,1
Blob94:0.3375,2.248956,-10.00982,0,0,0,1,1,1,1
Blob76:-1.453759,2.476156,-13.49867,0,0,0,1,1,1,1
-8587877597091164112
-8587877597090883966
Blob59:-1.964714,3.358258,-11.71554,0,0,0,1,1,1,1
Blob94:0.3375,2.248956,-10.00982,0,0,0,1,1,1,1
Blob76:-1.463005,2.401647,-13.50797,0,0,0,1,1,1,1
-8587877597090603531
Blob59:-1.964714,3.358258,-11.71554,0,0,0,1,1,1,1
Blob94:0.3375,2.248956,-10.00982,0,0,0,1,1,1,1
Blob76:-1.458165,2.326637,-13.51243,0,0,0,1,1,1,1
-8587877597090333440
Blob59:-1.964714,3.358258,-11.71554,0,0,0,1,1,1,1
Blob94:0.3375,2.248956,-10.00982,0,0,0,1,1,1,1
Blob76:-1.438711,2.253188,-13.515,0,0,0,1,1,1,1
-8587877597090162704
-8587877597089882422
Blob59:-1.964714,3.358258,-11.71554,0,0,0,1,1,1,1
Blob94:0.3375,2.248956,-10.00982,0,0,0,1,1,1,1
Blob76:-1.420569,2.184546,-13.50315,0,0,0,1,1,1,1
-8587877597089592064
Blob59:-1.964714,3.358258,-11.71554,0,0,0,1,1,1,1
Blob94:0.3375,2.248956,-10.00982,0,0,0,1,1,1,1
Blob76:-1.397417,2.125754,-13.48723,0,0,0,1,1,1,1
-8587877597089321892
Blob59:-1.964714,3.358258,-11.71554,0,0,0,1,1,1,1
Blob94:0.3375,2.248956,-10.00982,0,0,0,1,1,1,1
Blob76:-1.378343,2.076772,-13.48385,0,0,0,1,1,1,1
-8587877597089159711
Blob59:-1.964714,3.358258,-11.71554,0,0,0,1,1,1,1
Blob94:0.3375,2.248956,-10.00982,0,0,0,1,1,1,1
Blob76:-1.354954,2.034404,-13.47092,0,0,0,1,1,1,1
-8587877597088779233
-8587877597088328916
Blob59:-1.964714,3.358258,-11.71554,0,0,0,1,1,1,1
Blob94:0.3375,2.248956,-10.00982,0,0,0,1,1,1,1
Blob76:-1.330683,2.004469,-13.45789,0,0,0,1,1,1,1
-8587877597088048609
Blob59:-1.964714,3.358258,-11.71554,0,0,0,1,1,1,1
Blob94:0.3375,2.248956,-10.00982,0,0,0,1,1,1,1
Blob76:-1.29939,1.999609,-13.45824,0,0,0,1,1,1,1
-8587877597087758369
Blob59:-1.964714,3.358258,-11.71554,0,0,0,1,1,1,1
Blob94:0.3375,2.248956,-10.00982,0,0,0,1,1,1,1
Blob76:-1.261711,2.017878,-13.44665,0,0,0,1,1,1,1
-8587877597087481134
Blob59:-1.964714,3.358258,-11.71554,0,0,0,1,1,1,1
Blob94:0.3375,2.248956,-10.00982,0,0,0,1,1,1,1
Blob76:-1.211704,2.063498,-13.46462,0,0,0,1,1,1,1
-8587877597087200857
Blob59:-1.964714,3.358258,-11.71554,0,0,0,1,1,1,1
Blob94:0.3375,2.248956,-10.00982,0,0,0,1,1,1,1
Blob76:-1.158652,2.137031,-13.49589,0,0,0,1,1,1,1
-8587877597086920711
Blob59:-1.964714,3.358258,-11.71554,0,0,0,1,1,1,1
Blob94:0.3375,2.248956,-10.00982,0,0,0,1,1,1,1
Blob76:-1.093565,2.216701,-13.5287,0,0,0,1,1,1,1
-8587877597086650454
Blob59:-1.964714,3.358258,-11.71554,0,0,0,1,1,1,1
Blob94:0.3375,2.248956,-10.00982,0,0,0,1,1,1,1
Blob76:-1.037531,2.319978,-13.57162,0,0,0,1,1,1,1
-8587877597086489653
Blob59:-1.964714,3.358258,-11.71554,0,0,0,1,1,1,1
Blob94:0.3375,2.248956,-10.00982,0,0,0,1,1,1,1
Blob76:-0.9910988,2.440796,-13.64095,0,0,0,1,1,1,1
-8587877597086199372
-8587877597085929118
Blob59:-1.964714,3.358258,-11.71554,0,0,0,1,1,1,1
Blob94:0.3375,2.248956,-10.00982,0,0,0,1,1,1,1
Blob76:-0.9598768,2.563593,-13.71381,0,0,0,1,1,1,1
-8587877597085657003
Blob59:-1.964714,3.358258,-11.71554,0,0,0,1,1,1,1
Blob94:0.3375,2.248956,-10.00982,0,0,0,1,1,1,1
Blob76:-0.9285114,2.678722,-13.78439,0,0,0,1,1,1,1
-8587877597085496908
-8587877597085216644
Blob59:-1.964714,3.358258,-11.71554,0,0,0,1,1,1,1
Blob94:0.3375,2.248956,-10.00982,0,0,0,1,1,1,1
Blob76:-0.9206596,2.795875,-13.87627,0,0,0,1,1,1,1
-8587877597084936373
Blob59:-1.964714,3.358258,-11.71554,0,0,0,1,1,1,1
Blob94:0.3375,2.248956,-10.00982,0,0,0,1,1,1,1
Blob76:-0.9205932,2.905111,-13.96107,0,0,0,1,1,1,1
-8587877597084616713
Blob59:-1.964714,3.358258,-11.71554,0,0,0,1,1,1,1
Blob94:0.3375,2.248956,-10.00982,0,0,0,1,1,1,1
Blob76:-0.9410649,3.006979,-14.03252,0,0,0,1,1,1,1
-8587877597084326391
Blob59:-1.964714,3.358258,-11.71554,0,0,0,1,1,1,1
Blob94:0.3375,2.248956,-10.00982,0,0,0,1,1,1,1
Blob76:-0.966361,3.091175,-14.1133,0,0,0,1,1,1,1
-8587877597084166381
Blob59:-1.964714,3.358258,-11.71554,0,0,0,1,1,1,1
Blob94:0.3375,2.248956,-10.00982,0,0,0,1,1,1,1
Blob76:-0.9881734,3.149176,-14.16682,0,0,0,1,1,1,1
-8587877597083886104
-8587877597083605728
Blob59:-1.964714,3.358258,-11.71554,0,0,0,1,1,1,1
Blob94:0.3375,2.248956,-10.00982,0,0,0,1,1,1,1
Blob76:-1.013352,3.195551,-14.22606,0,0,0,1,1,1,1
-8587877597083295545
Blob59:-1.964714,3.358258,-11.71554,0,0,0,1,1,1,1
Blob94:0.3375,2.248956,-10.00982,0,0,0,1,1,1,1
Blob76:-1.026561,3.222356,-14.2513,0,0,0,1,1,1,1
-8587877597082995252
Blob59:-1.964714,3.358258,-11.71554,0,0,0,1,1,1,1
Blob94:0.3375,2.248956,-10.00982,0,0,0,1,1,1,1
Blob76:-1.040151,3.247287,-14.28525,0,0,0,1,1,1,1
-8587877597082835068
Blob59:-1.964714,3.358258,-11.71554,0,0,0,1,1,1,1
Blob94:0.3375,2.248956,-10.00982,0,0,0,1,1,1,1
Blob76:-1.042325,3.268216,-14.28114,0,0,0,1,1,1,1
-8587877597082554802
-8587877597082284542
Blob59:-1.964714,3.358258,-11.71554,0,0,0,1,1,1,1
Blob94:0.3375,2.248956,-10.00982,0,0,0,1,1,1,1
Blob76:-1.034458,3.276667,-14.27649,0,0,0,1,1,1,1
-8587877597081994261
Blob59:-1.964714,3.358258,-11.71554,0,0,0,1,1,1,1
Blob94:0.3375,2.248956,-10.00982,0,0,0,1,1,1,1
Blob76:-1.023648,3.278278,-14.26142,0,0,0,1,1,1,1
-8587877597081837231
-8587877597081566974
Blob59:-1.964714,3.358258,-11.71554,0,0,0,1,1,1,1
Blob94:0.3375,2.248956,-10.00982,0,0,0,1,1,1,1
Blob76:-1.010317,3.263259,-14.23041,0,0,0,1,1,1,1
-8587877597081256666
Blob59:-1.964714,3.358258,-11.71554,0,0,0,1,1,1,1
Blob94:0.3375,2.248956,-10.00982,0,0,0,1,1,1,1
Blob76:-0.9887568,3.239066,-14.18266,0,0,0,1,1,1,1
-8587877597080980575
Blob59:-1.964714,3.358258,-11.71554,0,0,0,1,1,1,1
Blob94:0.3375,2.248956,-10.00982,0,0,0,1,1,1,1
Blob76:-0.9584599,3.192173,-14.13361,0,0,0,1,1,1,1
-8587877597080819986
Blob59:-1.964714,3.358258,-11.71554,0,0,0,1,1,1,1
Blob94:0.3375,2.248956,-10.00982,0,0,0,1,1,1,1
Blob76:-0.9147829,3.126761,-14.06437,0,0,0,1,1,1,1
-8587877597080499661
-8587877597080089275
Blob59:-1.964714,3.358258,-11.71554,0,0,0,1,1,1,1
Blob94:0.3375,2.248956,-10.00982,0,0,0,1,1,1,1
Blob76:-0.8676961,3.046089,-14.00968,0,0,0,1,1,1,1
-8587877597079799009
Blob59:-1.964714,3.358258,-11.71554,0,0,0,1,1,1,1
Blob94:0.3375,2.248956,-10.00982,0,0,0,1,1,1,1
Blob76:-0.8183511,2.931698,-13.91154,0,0,0,1,1,1,1
-8587877597079528743
Blob59:-1.964714,3.358258,-11.71554,0,0,0,1,1,1,1
Blob94:0.3375,2.248956,-10.00982,0,0,0,1,1,1,1
Blob76:-0.7695614,2.81994,-13.82428,0,0,0,1,1,1,1
-8587877597079241137
Blob59:-1.964714,3.358258,-11.71554,0,0,0,1,1,1,1
Blob94:0.3375,2.248956,-10.00982,0,0,0,1,1,1,1
Blob76:-0.7222275,2.692429,-13.74728,0,0,0,1,1,1,1
-8587877597078960748
Blob59:-1.964714,3.358258,-11.71554,0,0,0,1,1,1,1
Blob94:0.3375,2.248956,-10.00982,0,0,0,1,1,1,1
Blob76:-0.6823987,2.58297,-13.68879,0,0,0,1,1,1,1
-8587877597078690606
Blob59:-1.964714,3.358258,-11.71554,0,0,0,1,1,1,1
Blob94:0.3375,2.248956,-10.00982,0,0,0,1,1,1,1
Blob76:-0.6412027,2.492774,-13.62822,0,0,0,1,1,1,1
-8587877597078530409
-8587877597078260155
Blob59:-1.964714,3.358258,-11.71554,0,0,0,1,1,1,1
Blob94:0.3375,2.248956,-10.00982,0,0,0,1,1,1,1
Blob76:-0.6105326,2.442022,-13.59432,0,0,0,1,1,1,1
-8587877597077989880
Blob59:-1.964714,3.358258,-11.71554,0,0,0,1,1,1,1
Blob94:0.3375,2.248956,-10.00982,0,0,0,1,1,1,1
Blob76:-0.5733081,2.410532,-13.56508,0,0,0,1,1,1,1
-8587877597077819771
Blob59:-1.964714,3.358258,-11.71554,0,0,0,1,1,1,1
Blob94:0.3375,2.248956,-10.00982,0,0,0,1,1,1,1
Blob76:-0.5375925,2.407753,-13.5413,0,0,0,1,1,1,1
-8587877597077502658
-8587877597077222507
Blob59:-1.964714,3.358258,-11.71554,0,0,0,1,1,1,1
Blob94:0.3375,2.248956,-10.00982,0,0,0,1,1,1,1
Blob76:-0.5034125,2.420731,-13.52525,0,0,0,1,1,1,1
-8587877597076912209
Blob59:-1.964714,3.358258,-11.71554,0,0,0,1,1,1,1
Blob94:0.3375,2.248956,-10.00982,0,0,0,1,1,1,1
Blob76:-0.4678112,2.440884,-13.53168,0,0,0,1,1,1,1
-8587877597076631856
Blob59:-1.964714,3.358258,-11.71554,0,0,0,1,1,1,1
Blob94:0.3375,2.248956,-10.00982,0,0,0,1,1,1,1
Blob76:-0.4460555,2.461414,-13.5287,0,0,0,1,1,1,1
-8587877597076361679
Blob59:-1.964714,3.358258,-11.71554,0,0,0,1,1,1,1
Blob94:0.3375,2.248956,-10.00982,0,0,0,1,1,1,1
Blob76:-0.4384047,2.488431,-13.5169,0,0,0,1,1,1,1
-8587877597076191421
-8587877597075921259
Blob59:-1.964714,3.358258,-11.71554,0,0,0,1,1,1,1
Blob94:0.3375,2.248956,-10.00982,0,0,0,1,1,1,1
Blob76:-0.4401701,2.512947,-13.52164,0,0,0,1,1,1,1
-8587877597075650999
Blob59:-1.964714,3.358258,-11.71554,0,0,0,1,1,1,1
Blob94:0.3375,2.248956,-10.00982,0,0,0,1,1,1,1
Blob76:-0.4808753,2.52841,-13.51684,0,0,0,1,1,1,1
-8587877597075480777
Blob59:-1.964714,3.358258,-11.71554,0,0,0,1,1,1,1
Blob94:0.3375,2.248956,-10.00982,0,0,0,1,1,1,1
Blob76:-0.5477677,2.529618,-13.49536,0,0,0,1,1,1,1
-8587877597075200506
-8587877597074910233
Blob59:-1.964714,3.358258,-11.71554,0,0,0,1,1,1,1
Blob94:0.3375,2.248956,-10.00982,0,0,0,1,1,1,1
Blob76:-0.6710177,2.530595,-13.48534,0,0,0,1,1,1,1
-8587877597074619954
Blob59:-1.964714,3.358258,-11.71554,0,0,0,1,1,1,1
Blob94:0.3375,2.248956,-10.00982,0,0,0,1,1,1,1
Blob76:-0.8187079,2.512346,-13.46394,0,0,0,1,1,1,1
-8587877597074328493
Blob59:-1.964714,3.358258,-11.71554,0,0,0,1,1,1,1
Blob94:0.3375,2.248956,-10.00982,0,0,0,1,1,1,1
Blob76:-0.9883696,2.49743,-13.46378,0,0,0,1,1,1,1
-8587877597074163995
-8587877597073893856
Blob59:-1.964714,3.358258,-11.71554,0,0,0,1,1,1,1
Blob94:0.3375,2.248956,-10.00982,0,0,0,1,1,1,1
Blob76:-1.15259,2.460887,-13.46283,0,0,0,1,1,1,1
-8587877597073603485
Blob59:-1.964714,3.358258,-11.71554,0,0,0,1,1,1,1
Blob94:0.3375,2.248956,-10.00982,0,0,0,1,1,1,1
Blob76:-1.303982,2.420296,-13.46499,0,0,0,1,1,1,1
-8587877597073333226
Blob59:-1.964714,3.358258,-11.71554,0,0,0,1,1,1,1
Blob94:0.3375,2.248956,-10.00982,0,0,0,1,1,1,1
Blob76:-1.433816,2.385817,-13.455,0,0,0,1,1,1,1
-8587877597073169906
-8587877597072879712
Blob59:-1.964714,3.358258,-11.71554,0,0,0,1,1,1,1
Blob94:0.3375,2.248956,-10.00982,0,0,0,1,1,1,1
Blob76:-1.531404,2.36077,-13.46799,0,0,0,1,1,1,1
-8587877597072589441
Blob59:-1.964714,3.358258,-11.71554,0,0,0,1,1,1,1
Blob94:0.3375,2.248956,-10.00982,0,0,0,1,1,1,1
Blob76:-1.612562,2.341871,-13.47031,0,0,0,1,1,1,1
-8587877597072319179
Blob59:-1.964714,3.358258,-11.71554,0,0,0,1,1,1,1
Blob94:0.3375,2.248956,-10.00982,0,0,0,1,1,1,1
Blob76:-1.665445,2.327156,-13.46308,0,0,0,1,1,1,1
-8587877597072149011
Blob59:-1.964714,3.358258,-11.71554,0,0,0,1,1,1,1
Blob94:0.3375,2.248956,-10.00982,0,0,0,1,1,1,1
Blob76:-1.700336,2.324485,-13.46626,0,0,0,1,1,1,1
-8587877597071868629
-8587877597071588307
Blob59:-1.964714,3.358258,-11.71554,0,0,0,1,1,1,1
Blob94:0.3375,2.248956,-10.00982,0,0,0,1,1,1,1
Blob76:-1.717909,2.328909,-13.46988,0,0,0,1,1,1,1
-8587877597071318150
Blob59:-1.964714,3.358258,-11.71554,0,0,0,1,1,1,1
Blob94:0.3375,2.248956,-10.00982,0,0,0,1,1,1,1
Blob76:-1.717996,2.327907,-13.45142,0,0,0,1,1,1,1
-8587877597071157620
Blob59:-1.964714,3.358258,-11.71554,0,0,0,1,1,1,1
Blob94:0.3375,2.248956,-10.00982,0,0,0,1,1,1,1
Blob76:-1.714196,2.331281,-13.45242,0,0,0,1,1,1,1
-8587877597070867433
-8587877597070536971
Blob59:-1.964714,3.358258,-11.71554,0,0,0,1,1,1,1
Blob94:0.3375,2.248956,-10.00982,0,0,0,1,1,1,1
Blob76:-1.704065,2.341297,-13.45153,0,0,0,1,1,1,1
-8587877597070266760
Blob59:-1.964714,3.358258,-11.71554,0,0,0,1,1,1,1
Blob94:0.3375,2.248956,-10.00982,0,0,0,1,1,1,1
Blob76:-1.691699,2.352385,-13.45313,0,0,0,1,1,1,1
-8587877597069996498
Blob59:-1.964714,3.358258,-11.71554,0,0,0,1,1,1,1
Blob94:0.3375,2.248956,-10.00982,0,0,0,1,1,1,1
Blob76:-1.670762,2.364619,-13.46066,0,0,0,1,1,1,1
-8587877597069826151
Blob59:-1.964714,3.358258,-11.71554,0,0,0,1,1,1,1
Blob94:0.3375,2.248956,-10.00982,0,0,0,1,1,1,1
Blob76:-1.644457,2.375605,-13.46518,0,0,0,1,1,1,1
-8587877597069549036
-8587877597069258642
Blob59:-1.964714,3.358258,-11.71554,0,0,0,1,1,1,1
Blob94:0.3375,2.248956,-10.00982,0,0,0,1,1,1,1
Blob76:-1.610681,2.394394,-13.46804,0,0,0,1,1,1,1
-8587877597068978949
Blob59:-1.964714,3.358258,-11.71554,0,0,0,1,1,1,1
Blob94:0.3375,2.248956,-10.00982,0,0,0,1,1,1,1
Blob76:-1.559448,2.418235,-13.46905,0,0,0,1,1,1,1
-8587877597068819599
Blob59:-1.964714,3.358258,-11.71554,0,0,0,1,1,1,1
Blob94:0.3375,2.248956,-10.00982,0,0,0,1,1,1,1
Blob76:-1.494452,2.448869,-13.47308,0,0,0,1,1,1,1
-8587877597068529321
-8587877597068239047
Blob59:-1.964714,3.358258,-11.71554,0,0,0,1,1,1,1
Blob94:0.3375,2.248956,-10.00982,0,0,0,1,1,1,1
Blob76:-1.405151,2.483277,-13.50812,0,0,0,1,1,1,1
-8587877597067958756
Blob59:-1.964714,3.358258,-11.71554,0,0,0,1,1,1,1
Blob94:0.3375,2.248956,-10.00982,0,0,0,1,1,1,1
Blob76:-1.319082,2.520528,-13.51935,0,0,0,1,1,1,1
-8587877597067688517
Blob59:-1.964714,3.358258,-11.71554,0,0,0,1,1,1,1
Blob94:0.3375,2.248956,-10.00982,0,0,0,1,1,1,1
Blob76:-1.22334,2.557925,-13.54381,0,0,0,1,1,1,1
-8587877597067528240
-8587877597067257981
Blob59:-1.964714,3.358258,-11.71554,0,0,0,1,1,1,1
Blob94:0.3375,2.248956,-10.00982,0,0,0,1,1,1,1
Blob76:-1.132441,2.586987,-13.55693,0,0,0,1,1,1,1
-8587877597066967697
Blob59:-1.964714,3.358258,-11.71554,0,0,0,1,1,1,1
Blob94:0.3375,2.248956,-10.00982,0,0,0,1,1,1,1
Blob76:-1.046487,2.613722,-13.57865,0,0,0,1,1,1,1
-8587877597066697443
Blob59:-1.964714,3.358258,-11.71554,0,0,0,1,1,1,1
Blob94:0.3375,2.248956,-10.00982,0,0,0,1,1,1,1
Blob76:-0.9744899,2.639312,-13.60124,0,0,0,1,1,1,1
-8587877597066527085
-8587877597066246817
Blob59:-1.964714,3.358258,-11.71554,0,0,0,1,1,1,1
Blob94:0.3375,2.248956,-10.00982,0,0,0,1,1,1,1
Blob76:-0.9109338,2.649035,-13.60919,0,0,0,1,1,1,1
-8587877597065936614
Blob59:-1.964714,3.358258,-11.71554,0,0,0,1,1,1,1
Blob94:0.3375,2.248956,-10.00982,0,0,0,1,1,1,1
Blob76:-0.8524795,2.651112,-13.60172,0,0,0,1,1,1,1
-8587877597065656255
Blob59:-1.964714,3.358258,-11.71554,0,0,0,1,1,1,1
Blob94:0.3375,2.248956,-10.00982,0,0,0,1,1,1,1
Blob76:-0.8040364,2.654655,-13.60497,0,0,0,1,1,1,1
-8587877597065496089
-8587877597065215812
Blob59:-1.964714,3.358258,-11.71554,0,0,0,1,1,1,1
Blob94:0.3375,2.248956,-10.00982,0,0,0,1,1,1,1
Blob76:-0.7622302,2.65321,-13.60662,0,0,0,1,1,1,1
-8587877597064935543
Blob59:-1.964714,3.358258,-11.71554,0,0,0,1,1,1,1
Blob94:0.3375,2.248956,-10.00982,0,0,0,1,1,1,1
Blob76:-0.7319862,2.653149,-13.60057,0,0,0,1,1,1,1
-8587877597064655274
Blob59:-1.964714,3.358258,-11.71554,0,0,0,1,1,1,1
Blob94:0.3375,2.248956,-10.00982,0,0,0,1,1,1,1
Blob76:-0.7048813,2.649507,-13.59932,0,0,0,1,1,1,1
-8587877597064495128
-8587877597064204758
Blob59:-1.964714,3.358258,-11.71554,0,0,0,1,1,1,1
Blob94:0.3375,2.248956,-10.00982,0,0,0,1,1,1,1
Blob76:-0.6876021,2.646399,-13.60069,0,0,0,1,1,1,1
-8587877597063914571
Blob59:-1.964714,3.358258,-11.71554,0,0,0,1,1,1,1
Blob94:0.3375,2.248956,-10.00982,0,0,0,1,1,1,1
Blob76:-0.6842082,2.640455,-13.60334,0,0,0,1,1,1,1
-8587877597063644297
Blob59:-1.964714,3.358258,-11.71554,0,0,0,1,1,1,1
Blob94:0.3375,2.248956,-10.00982,0,0,0,1,1,1,1
Blob76:-0.6695179,2.634947,-13.60429,0,0,0,1,1,1,1
-8587877597063454099
Blob59:-1.964714,3.358258,-11.71554,0,0,0,1,1,1,1
Blob94:0.3375,2.248956,-10.00982,0,0,0,1,1,1,1
Blob76:-0.6701021,2.628823,-13.6089,0,0,0,1,1,1,1
-8587877597063164678
-8587877597062874402
Blob59:-1.964714,3.358258,-11.71554,0,0,0,1,1,1,1
Blob94:0.3375,2.248956,-10.00982,0,0,0,1,1,1,1
Blob76:-0.6698828,2.623011,-13.60821,0,0,0,1,1,1,1
-8587877597062594133
Blob59:-1.964714,3.358258,-11.71554,0,0,0,1,1,1,1
Blob94:0.3375,2.248956,-10.00982,0,0,0,1,1,1,1
Blob76:-0.6702476,2.614721,-13.6062,0,0,0,1,1,1,1
-8587877597062333884
Blob59:-1.964714,3.358258,-11.71554,0,0,0,1,1,1,1
Blob94:0.3375,2.248956,-10.00982,0,0,0,1,1,1,1
Blob76:-0.6756635,2.61401,-13.61045,0,0,0,1,1,1,1
-8587877597062163562
-8587877597061883293
Blob59:-1.964714,3.358258,-11.71554,0,0,0,1,1,1,1
Blob94:0.3375,2.248956,-10.00982,0,0,0,1,1,1,1
Blob76:-0.6795974,2.605396,-13.60802,0,0,0,1,1,1,1
-8587877597061583007
Blob59:-1.964714,3.358258,-11.71554,0,0,0,1,1,1,1
Blob94:0.3375,2.248956,-10.00982,0,0,0,1,1,1,1
Blob76:-0.6829692,2.595866,-13.59741,0,0,0,1,1,1,1
-8587877597061262700
Blob59:-1.964714,3.358258,-11.71554,0,0,0,1,1,1,1
Blob94:0.3375,2.248956,-10.00982,0,0,0,1,1,1,1
Blob76:-0.6900581,2.59225,-13.60521,0,0,0,1,1,1,1
-8587877597060992436
Blob59:-1.964714,3.358258,-11.71554,0,0,0,1,1,1,1
Blob94:0.3375,2.248956,-10.00982,0,0,0,1,1,1,1
Blob76:-0.6964608,2.580204,-13.59578,0,0,0,1,1,1,1
-8587877597060832290
-8587877597060542009
Blob59:-1.964714,3.358258,-11.71554,0,0,0,1,1,1,1
Blob94:0.3375,2.248956,-10.00982,0,0,0,1,1,1,1
Blob76:-0.7028564,2.575699,-13.59219,0,0,0,1,1,1,1
-8587877597060261740
Blob59:-1.964714,3.358258,-11.71554,0,0,0,1,1,1,1
Blob94:0.3375,2.248956,-10.00982,0,0,0,1,1,1,1
Blob76:-0.7097042,2.569948,-13.58894,0,0,0,1,1,1,1
-8587877597059971449
Blob59:-1.964714,3.358258,-11.71554,0,0,0,1,1,1,1
Blob94:0.3375,2.248956,-10.00982,0,0,0,1,1,1,1
Blob76:-0.7111745,2.561952,-13.57717,0,0,0,1,1,1,1
-8587877597059691185
Blob59:-1.964714,3.358258,-11.71554,0,0,0,1,1,1,1
Blob94:0.3375,2.248956,-10.00982,0,0,0,1,1,1,1
Blob76:-0.7137566,2.553107,-13.59256,0,0,0,1,1,1,1
-8587877597059531039
-8587877597059250765
Blob59:-1.964714,3.358258,-11.71554,0,0,0,1,1,1,1
Blob94:0.3375,2.248956,-10.00982,0,0,0,1,1,1,1
Blob76:-0.7171583,2.550932,-13.58,0,0,0,1,1,1,1
-8587877597058970499
Blob59:-1.964714,3.358258,-11.71554,0,0,0,1,1,1,1
Blob94:0.3375,2.248956,-10.00982,0,0,0,1,1,1,1
Blob76:-0.7194656,2.544089,-13.57274,0,0,0,1,1,1,1
-8587877597058700229
Blob59:-1.964714,3.358258,-11.71554,0,0,0,1,1,1,1
Blob94:0.3375,2.248956,-10.00982,0,0,0,1,1,1,1
Blob76:-0.7253241,2.545284,-13.58475,0,0,0,1,1,1,1
-8587877597058537126
-8587877597058256855
Blob59:-1.964714,3.358258,-11.71554,0,0,0,1,1,1,1
Blob94:0.3375,2.248956,-10.00982,0,0,0,1,1,1,1
Blob76:-0.7266138,2.545532,-13.59207,0,0,0,1,1,1,1
-8587877597057996725
Blob59:-1.964714,3.358258,-11.71554,0,0,0,1,1,1,1
Blob94:0.3375,2.248956,-10.00982,0,0,0,1,1,1,1
Blob76:-0.7264572,2.544791,-13.59072,0,0,0,1,1,1,1
-8587877597057826427
Blob59:-1.964714,3.358258,-11.71554,0,0,0,1,1,1,1
Blob94:0.3375,2.248956,-10.00982,0,0,0,1,1,1,1
Blob76:-0.7293636,2.540477,-13.59112,0,0,0,1,1,1,1
-8587877597057546132
-8587877597057245865
Blob59:-1.964714,3.358258,-11.71554,0,0,0,1,1,1,1
Blob94:0.3375,2.248956,-10.00982,0,0,0,1,1,1,1
Blob76:-0.730846,2.539438,-13.5957,0,0,0,1,1,1,1
-8587877597056955612
Blob59:-1.964714,3.358258,-11.71554,0,0,0,1,1,1,1
Blob94:0.3375,2.248956,-10.00982,0,0,0,1,1,1,1
Blob76:-0.7375008,2.540432,-13.59035,0,0,0,1,1,1,1
-8587877597056685286
Blob59:-1.964714,3.358258,-11.71554,0,0,0,1,1,1,1
Blob94:0.3375,2.248956,-10.00982,0,0,0,1,1,1,1
Blob76:-0.7385771,2.536188,-13.58669,0,0,0,1,1,1,1
-8587877597056504913
-8587877597056214637
Blob59:-1.964714,3.358258,-11.71554,0,0,0,1,1,1,1
Blob94:0.3375,2.248956,-10.00982,0,0,0,1,1,1,1
Blob76:-0.7468486,2.536031,-13.59827,0,0,0,1,1,1,1
-8587877597055934374
Blob59:-1.964714,3.358258,-11.71554,0,0,0,1,1,1,1
Blob94:0.3375,2.248956,-10.00982,0,0,0,1,1,1,1
Blob76:-0.7500537,2.533198,-13.58491,0,0,0,1,1,1,1
-8587877597055654105
Blob59:-1.964714,3.358258,-11.71554,0,0,0,1,1,1,1
Blob94:0.3375,2.248956,-10.00982,0,0,0,1,1,1,1
Blob76:-0.7561786,2.53276,-13.59432,0,0,0,1,1,1,1
-8587877597055494074
-8587877597055213808
Blob59:-1.964714,3.358258,-11.71554,0,0,0,1,1,1,1
Blob94:0.3375,2.248956,-10.00982,0,0,0,1,1,1,1
Blob76:-0.7553676,2.524217,-13.60201,0,0,0,1,1,1,1
-8587877597054925851
Blob59:-1.964714,3.358258,-11.71554,0,0,0,1,1,1,1
Blob94:0.3375,2.248956,-10.00982,0,0,0,1,1,1,1
Blob76:-0.761293,2.526165,-13.6035,0,0,0,1,1,1,1
-8587877597054655712
Blob59:-1.964714,3.358258,-11.71554,0,0,0,1,1,1,1
Blob94:0.3375,2.248956,-10.00982,0,0,0,1,1,1,1
Blob76:-0.773272,2.551744,-13.60711,0,0,0,1,1,1,1
-8587877597054489775
-8587877597054199492
Blob59:-1.964714,3.358258,-11.71554,0,0,0,1,1,1,1
Blob94:0.3375,2.248956,-10.00982,0,0,0,1,1,1,1
Blob76:-0.7777188,2.580147,-13.6288,0,0,0,1,1,1,1
-8587877597053929230
Blob59:-1.964714,3.358258,-11.71554,0,0,0,1,1,1,1
Blob94:0.3375,2.248956,-10.00982,0,0,0,1,1,1,1
Blob76:-0.758624,2.563065,-13.67101,0,0,0,1,1,1,1
-8587877597053658971
-8587877597053488649
-8587877597053158183
-8587877597052799031
-8587877597052478578
-8587877597052178435
-8587877597051858128
-8587877597051567755
-8587877597051277336
-8587877597050997305
-8587877597050833485
-8587877597050553227
-8587877597050260427
-8587877597049980245
-8587877597049819961
-8587877597049539666
-8587877597049259395
-8587877597048949251
-8587877597048638955
-8587877597048468861
-8587877597048198607
-8587877597047918338
-8587877597047630730
-8587877597047460746
-8587877597047190476
-8587877597046910210
-8587877597046619932
-8587877597046319641
-8587877597046159544
-8587877597045879277
-8587877597045599014
-8587877597045328754
-8587877597045168739
-8587877597044868433
-8587877597044437933
-8587877597044147759
-8587877597043867485
-8587877597043587217
-8587877597043316957
-8587877597043146523
-8587877597042866346
-8587877597042576065
-8587877597042295768
-8587877597041995495
-8587877597041807827
-8587877597041527560
-8587877597041247291
-8587877597040967020
-8587877597040802998
-8587877597040532739
-8587877597040242460
-8587877597039972201
-8587877597039691932
-8587877597039531640
-8587877597039261368
-8587877597038988280
-8587877597038827581
-8587877597038527409
-8587877597038237117
-8587877597037946839
-8587877597037656571
-8587877597037496422
-8587877597037196039
-8587877597036925870
-8587877597036645603
-8587877597036485455
-8587877597036211878
-8587877597035921696
-8587877597035651435
-8587877597035480670
-8587877597035203629
-8587877597034894926
-8587877597034614652
-8587877597034324471
-8587877597034159423
-8587877597033881197
-8587877597033580919
-8587877597033310667
-8587877597033152600
-8587877597032871092
-8587877597032590910
-8587877597032310649
-8587877597032152933
-8587877597031865214
-8587877597031564916
-8587877597031288776
-8587877597030998536
-8587877597030829333
-8587877597030549044
-8587877597030268887
-8587877597029988539
-8587877597029828237
-8587877597029547971
-8587877597029257685
-8587877597028987423
-8587877597028816758
-8587877597028536491
-8587877597028266342
-8587877597027986066
-8587877597027789801
-8587877597027509527
-8587877597027229258
-8587877597026938984
-8587877597026658713
-8587877597026488547
-8587877597026208276
-8587877597025928015
-8587877597025657635
-8587877597025487661
-8587877597025207400
-8587877597024922986
-8587877597024642733
-8587877597024478604
-8587877597024208347
-8587877597023918068
-8587877597023647809
-8587877597023487502
-8587877597023207251
-8587877597022916975
-8587877597022646716
-8587877597022486268
-8587877597022206001
-8587877597021925827
-8587877597021655568
-8587877597021482873
-8587877597021212616
-8587877597020902316
-8587877597020622050
-8587877597020311755
-8587877597020031483
-8587877597019878352
-8587877597019608097
-8587877597019327759
-8587877597019167153
-8587877597018896886
-8587877597018596608
-8587877597018326341
-8587877597018155673
-8587877597017865390
-8587877597017585118
-8587877597017294830
-8587877597017024588
-8587877597016861396
-8587877597016520993
-8587877597016051291
-8587877597015761018
-8587877597015480752
-8587877597015190481
-8587877597014910215
-8587877597014629936
-8587877597014359684
-8587877597014193217
-8587877597013922961
-8587877597013642692
-8587877597013446135
-8587877597013175876
-8587877597012885597
-8587877597012605328
-8587877597012325059
-8587877597012165392
-8587877597011895251
-8587877597011614979
-8587877597011324701
-8587877597011165090
-8587877597010884818
-8587877597010604539
-8587877597010324191
-8587877597010164683
-8587877597009884529
-8587877597009604119
-8587877597009323878
-8587877597009154235
-8587877597008874068
-8587877597008573775
-8587877597008283497
-8587877597007983204
-8587877597007824555
-8587877597007534302
-8587877597007253959
-8587877597006973857
-8587877597006703446
-8587877597006503400
-8587877597006233144
-8587877597005942770
-8587877597005652587
-8587877597005484717
-8587877597005214450
-8587877597004924182
-8587877597004653923
-8587877597004493567
-8587877597004193363
-8587877597003893088
-8587877597003622829
-8587877597003322400
-8587877597003162221
-8587877597002861981
-8587877597002581730
-8587877597002291457
-8587877597002026968
-8587877597001866497
-8587877597001586156
-8587877597001306054
-8587877597001035631
-8587877597000875544
-8587877597000605279
-8587877597000324977
-8587877597000164985
-8587877596999894843
-8587877596999604565
-8587877596999284257
-8587877596998993856
-8587877596998833413
-8587877596998563146
-8587877596998282887
-8587877596997992606
-8587877596997832187
-8587877596997551913
-8587877596997251630
-8587877596996974059
-8587877596996813539
-8587877596996493235
-8587877596996022898
-8587877596995732482
-8587877596995462363
-8587877596995171964
-8587877596994891811
-8587877596994611401
-8587877596994321153
-8587877596994164684
-8587877596993884407
-8587877596993594131
-8587877596993323872
-8587877596993163785
-8587877596992873511
-8587877596992583230
-8587877596992312974
-8587877596992122789
-8587877596991842512
-8587877596991552241
-8587877596991261850
-8587877596990961667
-8587877596990691413
-8587877596990524304
-8587877596990254052
-8587877596989963763
-8587877596989693517
-8587877596989536428
-8587877596989256154
-8587877596988975895
-8587877596988809283
-8587877596988528801
-8587877596988238523
-8587877596987958251
-8587877596987677985
-8587877596987518269
-8587877596987248017
-8587877596986957726
-8587877596986687408
-8587877596986527715
-8587877596986247449
-8587877596985957170
-8587877596985676907
-8587877596985526555
-8587877596985246276
-8587877596984935981
-8587877596984635701
-8587877596984465315
-8587877596984184943
-8587877596983904626
-8587877596983634520
-8587877596983463991
-8587877596983184091
-8587877596982903819
-8587877596982613554
-8587877596982333285
-8587877596982162323
-8587877596981882054
-8587877596981601667
-8587877596981331513
-8587877596981171362
-8587877596980891098
-8587877596980600812
-8587877596980330450
-8587877596980170414
-8587877596979890002
-8587877596979619766
-8587877596979349609
-8587877596979189053
-8587877596978918792
-8587877596978652539
-8587877596978482383
-8587877596978102003
-8587877596977741680
-8587877596977451264
-8587877596977181007
-8587877596976900756
-8587877596976620490
-8587877596976310276
-8587877596976039881
-8587877596975875033
-8587877596975604873
-8587877596975334614
-8587877596975164282
-8587877596974884016
-8587877596974603626
-8587877596974323480
-8587877596974162899
-8587877596973892619
-8587877596973622370
-8587877596973332082
-8587877596973171565
-8587877596972901287
-8587877596972623709
-8587877596972323421
-8587877596972164811
-8587877596971894531
-8587877596971614273
-8587877596971333991
-8587877596971173121
-8587877596970886695
-8587877596970616430
-8587877596970316004
-8587877596970155973
-8587877596969885709
