-8587877638642610724
Blob63:-1.851263,2.921642,-13.93429,0,0,0,1,1,1,1
Blob62:0.5874658,3.988942,-13.72007,0,0,0,1,1,1,1
Blob83:-0.3027902,3.915732,-11.29314,0,0,0,1,1,1,1
-8587877638640228482
-8587877638639790092
-8587877638639489804
-8587877638639129435
-8587877638638622865
-8587877638638272500
-8587877638637882062
-8587877638637561711
-8587877638637251549
-8587877638636961271
-8587877638636640764
-8587877638636320595
-8587877638636020063
-8587877638635864807
-8587877638635564624
-8587877638635264246
-8587877638634953951
-8587877638634653619
-8587877638634363351
-8587877638634163023
-8587877638633862735
-8587877638633562445
-8587877638633272169
-8587877638632969216
-8587877638632668935
-8587877638632508421
-8587877638632218427
-8587877638631938163
-8587877638631647884
-8587877638631367557
-8587877638631206463
-8587877638630916285
-8587877638630625999
-8587877638630325713
-8587877638630172797
-8587877638629892366
-8587877638629612098
-8587877638629341936
-8587877638629177412
-8587877638628887134
-8587877638628616877
-8587877638628346607
-8587877638628175548
-8587877638627895632
-8587877638627615323
-8587877638627345166
-8587877638627146307
-8587877638626876046
-8587877638626595774
-8587877638626315495
-8587877638626045238
-8587877638625875085
-8587877638625614836
-8587877638625344576
-8587877638625177695
-8587877638624917443
-8587877638624637174
-8587877638624366910
-8587877638624206559
-8587877638623926380
-8587877638623656079
-8587877638623385751
-8587877638623225147
-8587877638622954729
-8587877638622684490
-8587877638622514288
-8587877638622247454
-8587877638621957176
-8587877638621676907
-8587877638621518161
-8587877638621237872
-8587877638620957465
-8587877638620687354
-8587877638620516740
-8587877638620218039
-8587877638619937868
-8587877638619667575
-8587877638619497289
-8587877638619217115
-8587877638618936846
-8587877638618656485
-8587877638618376293
-8587877638618217826
-8587877638617947565
-8587877638617677295
-8587877638617507920
-8587877638617228322
-8587877638616944961
-8587877638616674712
-8587877638616514830
-8587877638616244875
-8587877638615964496
-8587877638615664226
-8587877638615504154
-8587877638615213891
-8587877638614943616
-8587877638614683367
-8587877638614513209
-8587877638614229133
-8587877638613944269
-8587877638613674010
-8587877638613503488
-8587877638613203208
-8587877638612932948
-8587877638612652669
-8587877638612382415
-8587877638612222215
-8587877638611951959
-8587877638611681699
-8587877638611511406
-8587877638611241149
-8587877638610970890
-8587877638610680603
-8587877638610510489
-8587877638610250206
-8587877638609969973
-8587877638609679851
-8587877638609519536
-8587877638609249246
-8587877638608968995
-8587877638608678711
-8587877638608518319
-8587877638608248042
-8587877638607967766
-8587877638607677497
-8587877638607508089
-8587877638607227818
-8587877638606897493
-8587877638606627234
-8587877638606321263
-8587877638606160820
-8587877638605810507
-8587877638605340055
-8587877636527702770
-8587877636527422644
-8587877636527192434
-8587877636526982227
-8587877636526752009
-8587877636526580545
-8587877636526360328
-8587877636526200249
-8587877636525981822
-8587877636525751601
-8587877636525581018
-8587877636525351529
-8587877636525180368
-8587877636524960246
-8587877636524720003
-8587877636524549760
-8587877636524326026
-8587877636524159327
-8587877636523929101
-8587877636523688870
-8587877636523528556
-8587877636523298319
-8587877636523068104
-8587877636522887762
-8587877636522517355
-8587877636522287193
-8587877636522066982
-8587877636521896599
-8587877636521676503
-8587877636521516912
-8587877636521276538
-8587877636520828863
-8587877636520538585
-8587877636520298357
-8587877636520068018
-8587877636519897968
-8587877636519680222
-8587877636519510123
-8587877636519289914
-8587877636519061377
-8587877636518900876
-8587877636518660612
-8587877636518490915
-8587877636518240662
-8587877636517880298
-8587877636517626953
-8587877636517396750
-8587877636517231074
-8587877636517010789
-8587877636516850343
-8587877636516620217
-8587877636516389996
-8587877636516219590
-8587877636516001670
-8587877636515841915
-8587877636515587293
-8587877636514934751
-8587877636514704533
-8587877636514543716
-8587877636514323482
-8587877636514143058
-8587877636513922773
-8587877636513682619
-8587877636513520973
-8587877636513300416
-8587877636513060480
-8587877636512900255
-8587877636512680115
-8587877636512513830
-8587877636512293642
-8587877636512063403
-8587877636511892636
-8587877636511662561
-8587877636511501931
-8587877636511071807
-8587877636510841587
-8587877636510611366
-8587877636510378132
-8587877636510212233
-8587877636509992027
-8587877636509761801
-8587877636509591433
-8587877636509370024
-8587877636509199528
-8587877636508979306
-8587877636508759026
-8587877636508578866
-8587877636508368662
-8587877636508198058
-8587877636507977675
-8587877636507757633
-8587877636507588297
-8587877636507368237
-8587877636507197720
-8587877636506977358
-8587877636506757310
-8587877636506588110
-8587877636506368031
-8587877636506203088
-8587877636505962727
-8587877636505602484
-8587877636505334219
-8587877636505161373
-8587877636504931126
-8587877636504710917
-8587877636504542119
-8587877636504322028
-8587877636504151870
-8587877636503911488
-8587877636503681418
-8587877636503511229
-8587877636503280998
-8587877636502880619
-8587877636502480238
-8587877636502227556
-8587877636501987323
-8587877636501822730
-8587877636501602519
-8587877636501372300
-8587877636501205020
-8587877636500982479
-8587877636500757219
-8587877636500579197
-8587877636500358993
-8587877636500189170
-8587877636499957887
-8587877636499727679
-8587877636499557682
-8587877636499327464
-8587877636499157096
-8587877636498926855
-8587877636498697878
-8587877636498527671
-8587877636498312782
-8587877636498082559
-8587877636497921529
-8587877636497699004
-8587877636497530820
-8587877636497313583
-8587877636497093372
-8587877636496923011
-8587877636496692937
-8587877636496522110
-8587877636496121677
-8587877636495893894
-8587877636495665944
-8587877636495495709
-8587877636495269986
-8587877636495032459
-8587877636494861824
-8587877636494641716
-8587877636494421514
-8587877636494251082
-8587877636494030945
-8587877636493858568
-8587877636493628352
-8587877636493398116
-8587877636493227220
-8587877636493007032
-8587877636492842404
-8587877636492612080
-8587877636492381954
-8587877636492211658
-8587877636491991447
-8587877636491830991
-8587877636491590789
-8587877636491360721
-8587877636491190251
-8587877636490939965
-8587877636490589601
-8587877636490319492
-8587877636490049225
-8587877636489879042
-8587877636489618761
-8587877636489378533
-8587877636489209033
-8587877636488978792
-8587877636488758604
-8587877636488588696
-8587877636488378597
-8587877636488208756
-8587877636487987708
-8587877636487767443
-8587877636487599399
-8587877636487339132
-8587877636487181287
-8587877636486941013
-8587877636486700719
-8587877636486530535
-8587877636486310419
-8587877636486090213
-8587877636485909574
-8587877636485689345
-8587877636485530294
-8587877636485309945
-8587877636485059817
-8587877636484888917
-8587877636484668590
-8587877636484498194
-8587877636484267804
-8587877636484037637
-8587877636483867195
-8587877636483646953
-8587877636483421711
-8587877636483255401
-8587877636483037783
-8587877636482876938
-8587877636482653061
-8587877636482432855
-8587877636482262325
-8587877636482042096
-8587877636481876536
-8587877636481646284
-8587877636481426017
-8587877636481254845
-8587877636481029852
-8587877636480855774
-8587877636480625699
-8587877636480395476
-8587877636480225886
-8587877636480005286
-8587877636479836697
-8587877636479596448
-8587877636479236108
-8587877636478985857
-8587877636478755644
-8587877636478589372
-8587877636478339112
-8587877636478168787
-8587877636477763936
-8587877636477503691
-8587877636477264114
-8587877636477033885
-8587877636476869408
-8587877636476639289
-8587877636476419080
-8587877636476248966
-8587877636476028755
-8587877636475858612
-8587877636475638500
-8587877636475418287
-8587877636475245469
-8587877636474995234
-8587877636474824858
-8587877636474564375
-8587877636474304359
-8587877636474003976
-8587877635849808293
-8587877635849347852
-8587877635849037544
-8587877635848727246
-8587877635848426958
-8587877635848116668
-8587877635847806360
-8587877635847486058
-8587877635847185775
-8587877635846885490
-8587877635846545163
-8587877635846244847
-8587877635845954591
-8587877635845644296
-8587877635845303960
-8587877635845133801
-8587877635844833508
-8587877635844473163
-8587877635844162860
-8587877635843852580
-8587877635843552284
-8587877635843227164
-8587877635842926730
-8587877635842606561
-8587877635842296263
-8587877635841965926
-8587877635841635627
-8587877635840794823
-8587877635840464506
-8587877635840154208
-8587877635839833781
-8587877635839473555
-8587877635839173252
-8587877635838852845
-8587877635838522643
-8587877635838202328
-8587877635837902040
-8587877635837591740
-8587877635837281432
-8587877635836971145
-8587877635836630828
-8587877635836290433
-8587877635836120331
-8587877635835810028
-8587877635835509753
-8587877635835199450
