-8587877682311279765
Blob71:0.8193346,2.79957,-11.13198,0,0,0,1,1,1,1
Blob19:-1.277798,3.0058,-13.83055,0,0,0,1,1,1,1
Blob34:-1.302077,3.886075,-11.78676,0,0,0,1,1,1,1
-8587877682308731827
-8587877682308181133
-8587877682307830699
-8587877682307488374
-8587877682307138040
-8587877682306797711
-8587877682306457387
-8587877682306097041
-8587877682305761400
-8587877682305381150
-8587877682305016967
-8587877682304656462
-8587877682304326297
-8587877682304146042
-8587877682303809169
-8587877682303457729
-8587877682303125518
-8587877682302788466
-8587877682302448196
-8587877682302117884
-8587877682301757538
-8587877682301419736
-8587877682301109443
-8587877682300775143
-8587877682300454744
-8587877682300134529
-8587877682299804214
-8587877682299453870
-8587877682299133568
-8587877682298823271
-8587877682298492956
-8587877682298162573
-8587877682297842327
-8587877682297512013
-8587877682297151667
-8587877682296841369
-8587877682296511052
-8587877682296190745
-8587877682295860431
-8587877682295530111
-8587877682295209807
-8587877682294868779
-8587877682294548466
-8587877682294228080
-8587877682293887748
-8587877682293567533
-8587877682293247226
-8587877682292926918
-8587877682292584861
-8587877682292264628
-8587877682291944280
-8587877682291624108
-8587877682291303642
-8587877682290973336
-8587877682290632999
-8587877682290292829
-8587877682289972427
-8587877682289632057
-8587877682289311734
-8587877682288981430
-8587877682288631076
-8587877682288280891
-8587877682287970609
-8587877682287630100
-8587877682287309965
-8587877682286979492
-8587877682286639163
-8587877682286309004
-8587877682285958515
-8587877682285628356
-8587877682285307908
-8587877682284977620
-8587877682284637268
-8587877682284306935
-8587877682283976659
-8587877682283616426
-8587877682283285971
-8587877682282965646
-8587877682282635350
-8587877682282305012
-8587877682281974734
-8587877682281605031
-8587877682281284657
-8587877682280954504
-8587877682280634018
-8587877682280313721
-8587877682279973440
-8587877682279603044
-8587877682279274747
-8587877682278954376
-8587877682278634071
-8587877682278303749
-8587877682277973596
-8587877682277633111
-8587877682277282923
-8587877682276962613
-8587877682276642160
-8587877682276301990
-8587877682275971673
-8587877682275631339
-8587877682275310881
-8587877682274960701
-8587877682274640158
-8587877682274299900
-8587877682273979754
-8587877682273639233
-8587877682273308955
-8587877682272958783
-8587877682272638314
-8587877682272308041
-8587877682271977744
-8587877682271637518
-8587877682271307101
-8587877682270956747
-8587877682270636399
-8587877682270306077
-8587877682269975808
-8587877682269635438
-8587877682269305178
-8587877682268974866
-8587877682268614497
-8587877682268294195
-8587877682267973844
-8587877682267633513
-8587877682267303245
-8587877682266982894
-8587877682266612562
-8587877682266282237
-8587877682265961937
-8587877682265631610
-8587877682265291297
-8587877682264970984
-8587877682264610301
-8587877682264289973
-8587877682263959817
-8587877682263628062
-8587877682263307649
-8587877682262977284
-8587877682262636983
-8587877682262286785
-8587877682261966322
-8587877682261636005
-8587877682261305726
-8587877682260985532
-8587877682260635044
-8587877682260304720
-8587877682259914507
-8587877682259594046
-8587877682259273754
-8587877682258943417
-8587877682258633139
-8587877682258302848
-8587877682257952532
-8587877682257632161
-8587877682257311856
-8587877682256981601
-8587877682256671334
-8587877682256501232
-8587877682256180771
-8587877682255820513
-8587877682255490101
-8587877682255169960
-8587877682254849638
-8587877682254509183
-8587877682254178846
-8587877682253848465
-8587877682253498351
-8587877682253173372
-8587877682252833087
-8587877682252512818
-8587877682252182419
-8587877682251852100
-8587877682251521788
-8587877682251171467
-8587877682250851103
-8587877682250520945
-8587877682250190546
-8587877682249860199
-8587877682249539884
-8587877682249199621
-8587877682248859387
-8587877682248528917
-8587877682248198615
-8587877682247875453
-8587877682247545139
-8587877682247224829
-8587877682246904509
-8587877682246562962
-8587877682246242501
-8587877682245922206
-8587877682245601886
-8587877682245271610
-8587877682244951277
-8587877682244630952
-8587877682244280626
-8587877682243957964
-8587877682243637697
-8587877682243307386
-8587877682242977020
-8587877682242636727
-8587877682242306405
-8587877682241955585
-8587877682241635372
-8587877682241305061
-8587877682240974744
-8587877682240634417
-8587877682240304100
-8587877682239973784
-8587877682239613433
-8587877682239293015
-8587877682238972823
-8587877682238632428
-8587877682238302180
-8587877682237981873
-8587877682237631534
-8587877682237281193
-8587877682236960893
-8587877682236640586
-8587877682236300252
-8587877682235979952
-8587877682235629616
-8587877682235309309
-8587877682234958973
-8587877682234638665
-8587877682234303610
-8587877682233973395
-8587877682233633066
-8587877682233302752
-8587877682232962418
-8587877682232632111
-8587877682232301787
-8587877682231971470
-8587877682231631138
-8587877682231310708
-8587877682230975645
-8587877682230615169
-8587877682230287015
-8587877682229966664
-8587877682229636340
-8587877682229306030
-8587877682228975708
-8587877682228635410
-8587877682228285092
-8587877682227964741
-8587877682227644436
-8587877682227304107
-8587877682226973857
-8587877682226633487
-8587877682226313274
-8587877682225939020
-8587877682225628659
-8587877682225308341
-8587877682224978191
-8587877682224637867
-8587877682224307547
-8587877682223936964
-8587877682223606647
-8587877682223276330
-8587877682222946006
-8587877682222625563
-8587877682222305299
-8587877682221974933
-8587877682221594082
-8587877682221263696
-8587877682220943435
-8587877682220603083
-8587877682220262736
-8587877682219942592
-8587877682219582150
-8587877682219271949
-8587877682218941632
-8587877682218601211
-8587877682218270830
-8587877682217940534
-8587877682217620352
-8587877682217269885
-8587877682216939591
-8587877682216599244
-8587877682216209008
-8587877682215758412
-8587877682215428093
-8587877682215007856
-8587877682214637411
-8587877682214257020
-8587877682213906705
-8587877682213536324
-8587877682213185949
-8587877682212805556
-8587877682212465325
-8587877682212114848
-8587877682211774555
-8587877682211424180
-8587877682211053971
-8587877682210643577
-8587877682210253059
-8587877682209952761
-8587877682209652616
-8587877682209332299
-8587877682209032034
-8587877682208861706
-8587877682208571443
-8587877682208271140
-8587877682207960850
-8587877682207660531
-8587877682207360166
-8587877682207193869
-8587877682206892915
-8587877682206572602
-8587877682206272317
-8587877682205972008
-8587877682205651742
-8587877682205358358
-8587877682205187947
-8587877682204886389
-8587877682204565990
-8587877682204255684
-8587877682203955496
-8587877682203655090
-8587877682203334742
-8587877682203164794
-8587877682202864506
-8587877682202554208
-8587877682202243910
-8587877682201943620
-8587877682201643334
-8587877682201333031
-8587877682201042758
-8587877682200874609
-8587877682200584316
-8587877682200274013
-8587877682199973732
-8587877682199673447
-8587877682199513357
-8587877682199213074
-8587877682198912784
-8587877682198612352
-8587877682198302198
-8587877682197991903
-8587877682197661583
-8587877682197361298
-8587877682197212941
-8587877682196922667
-8587877682196630346
-8587877682196340073
-8587877682196172096
-8587877682195874526
-8587877682195584245
-8587877682195294993
-8587877682195004715
-8587877682194724305
-8587877682194567597
-8587877682194267314
-8587877682193977036
-8587877682193646486
-8587877682193346277
-8587877682193175996
-8587877682192885718
-8587877682192595432
-8587877682192316901
-8587877682192006596
-8587877682191726332
-8587877682191556079
-8587877682191275813
-8587877682190985534
-8587877682190705265
-8587877682190504897
-8587877682190214634
-8587877682189934365
-8587877682189644078
-8587877682189313756
-8587877682189013468
-8587877682188843367
-8587877682188563103
-8587877682188262805
-8587877682187982595
-8587877682187662292
-8587877682187341975
-8587877682187171822
-8587877682186871531
-8587877682186591262
-8587877682186310996
-8587877682186010708
-8587877682185847574
-8587877682185557301
-8587877682185267020
-8587877682184976744
-8587877682184666446
-8587877682184386178
-8587877682184216066
-8587877682183935797
-8587877682183645395
-8587877682183345855
-8587877682183154945
-8587877682182864621
-8587877682182584424
-8587877682182304086
-8587877682182023814
-8587877682181848257
-8587877682181557973
-8587877682181277594
-8587877682180987331
-8587877682180667116
-8587877682180386847
-8587877682180226676
-8587877682179946417
-8587877682179663972
-8587877682179393851
-8587877682179237315
-8587877682178947047
-8587877682178636744
-8587877682178346473
-8587877682178175744
-8587877682177902077
-8587877682177611855
-8587877682177441800
-8587877682177275878
-8587877682176995607
-8587877682176715348
-8587877682176516357
-8587877682176236098
-8587877682175945820
-8587877682175665512
-8587877682175375270
-8587877682175215126
-8587877682174944867
-8587877682174674487
-8587877682174505904
-8587877682174225643
-8587877682173935364
-8587877682173653923
-8587877682173343620
-8587877682173183433
-8587877682172893037
-8587877682172612717
-8587877682172306520
-8587877682172016252
-8587877682171845915
-8587877682171565656
-8587877682171275377
-8587877682170945061
-8587877682170654785
-8587877682170354499
-8587877682170181702
-8587877682169901515
-8587877682169591225
-8587877682169317492
-8587877682169017203
-8587877682168852577
-8587877682168562414
-8587877682168272138
-8587877682167971758
-8587877682167681572
-8587877682167516721
-8587877682167226442
-8587877682166936164
-8587877682166655890
-8587877682166335577
-8587877682166065333
-8587877682165905167
-8587877682165614896
-8587877682165314608
-8587877682165024335
-8587877682164854161
-8587877682164573900
-8587877682164283614
-8587877682163993340
-8587877682163693055
-8587877682163524041
-8587877682163213743
-8587877682162813359
-8587877682162523086
-8587877682162207781
-8587877682161927445
-8587877682161627314
-8587877682161351056
-8587877682161180962
-8587877682160900696
-8587877682160620419
-8587877682160340155
-8587877682160069899
-8587877682159899477
-8587877682159619211
-8587877682159318920
-8587877682159050752
-8587877682158880561
-8587877682158610294
-8587877682158319908
-8587877682158049756
-8587877682157888835
-8587877682157598551
-8587877682157301942
-8587877682157022766
-8587877682156862507
-8587877682156594355
-8587877682156304074
-8587877682156033241
-8587877682155863029
-8587877682155592775
-8587877682155302494
-8587877682155022220
-8587877682154862156
-8587877682154591894
-8587877682154315394
-8587877682154025120
-8587877682153864959
-8587877682153584695
-8587877682153304429
-8587877682153034167
-8587877682152873809
-8587877682152593540
-8587877682152323114
-8587877682152032907
-8587877682151862519
-8587877682151592254
-8587877682151311988
-8587877682151011705
-8587877682150847962
-8587877682150477425
-8587877682150147290
-8587877682149878756
-8587877682149597842
-8587877682149317568
-8587877682149017285
-8587877682148856643
-8587877682148566334
-8587877682148296062
-8587877682148015949
-8587877682147855713
-8587877682147585390
-8587877682147305275
-8587877682147022958
-8587877682146861284
-8587877682146584911
-8587877682146304709
-8587877682146024440
-8587877682145864355
-8587877682145594101
-8587877682145318760
-8587877682145018477
-8587877682144858426
-8587877682144578162
-8587877682144297899
-8587877682143986963
-8587877682143716556
-8587877682143545865
-8587877682143265578
-8587877682142995360
-8587877682142695156
-8587877682142534898
-8587877682142244573
-8587877682141974311
-8587877682141694196
-8587877682141523879
-8587877682141243633
-8587877682140963344
-8587877682140669722
-8587877682140399455
-8587877682140229154
-8587877682139948839
-8587877682139678623
-8587877682139505083
-8587877682139224953
-8587877682138944684
-8587877682138644393
-8587877682138384149
-8587877682138218268
-8587877682137948014
-8587877682137687764
-8587877682137512330
-8587877682137232071
-8587877682136951795
-8587877682136686515
-8587877682136516354
-8587877682136246092
-8587877682135975833
-8587877682135686597
-8587877682135516482
-8587877682135236129
-8587877682134955944
-8587877682134685687
-8587877682134515450
-8587877682134235173
-8587877682133954915
-8587877682133679753
-8587877682133509249
-8587877682133239080
-8587877682132948696
-8587877682132677841
-8587877682132517817
-8587877682132227534
-8587877682131947260
-8587877682131666999
-8587877682131396570
-8587877682131236578
-8587877682130956309
-8587877682130675948
-8587877682130505882
-8587877682130225613
-8587877682129945337
-8587877682129675083
-8587877682129504594
-8587877682129217101
-8587877682128946821
-8587877682128666527
-8587877682128396403
-8587877682128235026
-8587877682127954765
-8587877682127654569
-8587877682127324247
-8587877682127023854
-8587877682126862940
