-8587881045767490803
Blob6:0.9760947,1.928788,-13.41712,0,0,0,1,1,1,1
Blob42:-1.574844,3.772364,-13.51715,0,0,0,1,1,1,1
Blob51:-0.3545204,3.030964,-10.655,0,0,0,1,1,1,1
-8587881045766020737
-8587881045765740429
-8587881045765570223
-8587881045765394976
-8587881045765234823
-8587881045765064661
-8587881045764894498
-8587881045764734345
-8587881045764564183
-8587881045764404030
-8587881045764233867
-8587881045764073715
-8587881045763903552
-8587881045763743399
-8587881045763573234
-8587881045763413076
-8587881045763233805
-8587881045763072989
-8587881045762913167
-8587881045762742584
-8587881045762572506
-8587881045762415280
-8587881045762245455
-8587881045762075357
-8587881045761914850
-8587881045761753443
-8587881045761583283
-8587881045761278324
-8587881045761108034
-8587881045760797738
-8587881045760487442
-8587881045760187155
-8587881045759886868
-8587881045759586576
-8587881045759266273
-8587881045758945965
-8587881045758655693
-8587881045758485530
-8587881045758185244
-8587881045757894966
-8587881045757614694
-8587881045757344438
-8587881045757182335
-8587881045756898163
-8587881045756607988
-8587881045756317706
-8587881045756159133
-8587881045755878865
-8587881045755588488
-8587881045755289525
-8587881045755119296
-8587881045754798985
-8587881045754408607
-8587881045754108331
-8587881045753828053
-8587881045753547790
-8587881045753266827
-8587881045752996563
-8587881045752835753
-8587881045752550401
-8587881045752270120
-8587881045751989692
-8587881045751829152
-8587881045751498686
-8587881045751118399
-8587881045750818072
-8587881045750527841
-8587881045750252678
-8587881045749962349
-8587881045749792435
-8587881045749512163
-8587881045749221891
-8587881045748931608
-8587881045748651341
-8587881045748487896
-8587881045748197619
-8587881045747907239
-8587881045747636914
-8587881045747466906
-8587881045747176639
-8587881045746896376
-8587881045746606081
-8587881045746327278
-8587881045746168272
-8587881045745878007
-8587881045745597594
-8587881045745327477
-8587881045745157212
-8587881045744876824
-8587881045744596577
-8587881045744296382
-8587881045744116254
-8587881045743825854
-8587881045743545709
-8587881045743255429
-8587881045742965055
-8587881045742795143
-8587881045742504859
-8587881045742214584
-8587881045741925769
-8587881045741635492
-8587881045741465168
-8587881045741174888
-8587881045740874599
-8587881045740394140
-8587881045740073834
-8587881045739773456
-8587881045739462998
-8587881045739142713
-8587881045738832439
-8587881045738522146
-8587881045738218715
-8587881045737918303
-8587881045737567994
-8587881045737267808
-8587881045736937372
-8587881045736617179
-8587881045736316882
-8587881045736156621
-8587881045735876384
-8587881045735586107
-8587881045735290846
-8587881045735128448
-8587881045734835713
-8587881045734535426
-8587881045734235142
-8587881045733945756
-8587881045733675421
-8587881045733505328
-8587881045733225055
-8587881045732936368
-8587881045732666115
-8587881045732496114
-8587881045732219225
-8587881045731928815
-8587881045731630320
-8587881045731461840
-8587881045731181565
-8587881045730891295
-8587881045730601018
-8587881045730320702
-8587881045730162901
-8587881045729872624
-8587881045729592352
-8587881045729292065
-8587881045729122112
-8587881045728831774
-8587881045728541655
-8587881045728261268
-8587881045727960848
-8587881045727795979
-8587881045727505805
-8587881045727215402
-8587881045726925253
-8587881045726634973
-8587881045726464603
-8587881045726174452
-8587881045725894182
-8587881045725603904
-8587881045725323493
-8587881045725163410
-8587881045724883211
-8587881045724602949
-8587881045724332691
-8587881045724160746
-8587881045723880497
-8587881045723600268
-8587881045723320097
-8587881045723159169
-8587881045722868887
-8587881045722598749
-8587881045722328491
-8587881045722157742
-8587881045721887482
-8587881045721607117
-8587881045721336951
-8587881045721165977
-8587881045720845656
-8587881045720481950
-8587881045720201683
-8587881045719911406
-8587881045719631138
-8587881045719461221
-8587881045719160930
-8587881045718880665
-8587881045718590385
-8587881045718302256
-8587881045718128489
-8587881045717838163
-8587881045717547952
-8587881045717267685
-8587881045716967488
-8587881045716795380
-8587881045716505092
-8587881045716224835
-8587881045715934558
-8587881045715634197
-8587881045715463632
-8587881045715170803
-8587881045714890543
-8587881045714590200
-8587881045714299918
-8587881045714129932
-8587881045713829469
-8587881045713549260
-8587881045713248927
-8587881045712958696
-8587881045712798543
-8587881045712508335
-8587881045712218058
-8587881045711917771
-8587881045711522803
-8587881045711222514
-8587881045710915566
-8587881045710615282
-8587881045710294987
-8587881045710129371
-8587881045709819082
-8587881045709518798
-8587881045709218514
-8587881045708908218
-8587881045708577897
-8587881045708277610
-8587881045707957891
-8587881045707787723
-8587881045707477427
-8587881045707167136
-8587881045706866842
-8587881045706556545
-8587881045706256266
-8587881045705955972
-8587881045705789660
-8587881045705479363
-8587881045705189081
-8587881045704891388
-8587881045704611079
-8587881045704330894
-8587881045704160808
-8587881045703880425
-8587881045703589308
-8587881045703289078
-8587881045703118977
-8587881045702828700
-8587881045702548432
-8587881045702258155
-8587881045701957748
-8587881045701797726
-8587881045701517453
-8587881045701227176
-8587881045700949315
-8587881045700782368
-8587881045700502100
-8587881045700221712
-8587881045699941557
-8587881045699661187
-8587881045699491276
-8587881045699100888
-8587881045698810618
-8587881045698530353
-8587881045698250083
-8587881045697969818
-8587881045697799661
-8587881045697519388
-8587881045697239113
-8587881045696958850
-8587881045696788754
-8587881045696508479
-8587881045696228211
-8587881045695947939
-8587881045695677181
-8587881045695516611
-8587881045695236336
-8587881045694956068
-8587881045694675801
-8587881045694515653
-8587881045694225371
-8587881045693952520
-8587881045693784845
-8587881045693504509
-8587881045693224246
-8587881045692940743
-8587881045692670311
-8587881045692500389
-8587881045692209933
-8587881045691929842
-8587881045691629558
-8587881045691459275
-8587881045691179122
-8587881045690898852
-8587881045690618580
-8587881045690338312
-8587881045690178169
-8587881045689897894
-8587881045689617624
-8587881045689347371
-8587881045689187223
-8587881045688896949
-8587881045688616671
-8587881045688336408
-8587881045688166149
-8587881045687875879
-8587881045687595706
-8587881045687285400
-8587881045687126104
-8587881045686835827
-8587881045686545548
-8587881045686265277
-8587881045685995022
-8587881045685825349
-8587881045685545076
-8587881045685154703
-8587881045684854416
-8587881045684554132
-8587881045684253833
-8587881045683953554
-8587881045683653272
-8587881045683488117
-8587881045683197837
-8587881045682897551
-8587881045682597259
-8587881045682286963
-8587881045681976531
-8587881045681806499
-8587881045681516224
-8587881045681165885
-8587881045680855599
-8587881045680545302
-8587881045680244898
-8587881045679934714
-8587881045679614370
-8587881045679318896
-8587881045679151770
-8587881045678861488
-8587881045678561206
-8587881045678260914
-8587881045677950623
-8587881045677650331
-8587881045677490184
-8587881045677189894
-8587881045676892718
-8587881045676592434
-8587881045676282138
-8587881045675981853
-8587881045675821757
-8587881045675511455
-8587881045675201164
-8587881045674890868
-8587881045674590464
-8587881045674290290
-8587881045674119994
-8587881045673809698
-8587881045673506301
-8587881045673196012
-8587881045672895718
-8587881045672585332
-8587881045672284997
-8587881045672114896
-8587881045671804599
-8587881045671494303
-8587881045671194014
-8587881045670893732
-8587881045670593440
-8587881045670283142
-8587881045669952834
-8587881045669612506
-8587881045669302205
-8587881045669142060
-8587881045668851775
-8587881045668561506
-8587881045668281233
-8587881045668123371
-8587881045667823090
-8587881045667539223
-8587881045667258927
-8587881045666958773
-8587881045666796104
-8587881045666505827
-8587881045666225557
-8587881045665925270
-8587881045665634993
-8587881045665464836
-8587881045665184563
-8587881045664904293
-8587881045664614016
-8587881045664333756
-8587881045664173488
-8587881045663893330
-8587881045663593048
-8587881045663292759
-8587881045663118642
-8587881045662831244
-8587881045662550977
-8587881045662270707
-8587881045661970420
-8587881045661800270
-8587881045661499968
-8587881045661209701
-8587881045660929429
-8587881045660629145
-8587881045660458772
-8587881045660168633
-8587881045659868349
-8587881045659577959
-8587881045659297692
-8587881045659127606
-8587881045658847326
-8587881045658547049
-8587881045658236753
-8587881045657886411
-8587881045657576125
-8587881045657275779
-8587881045656955527
-8587881045656625209
-8587881045656465218
-8587881045656162962
-8587881045655862663
-8587881045655572383
-8587881045655251996
-8587881045654961718
-8587881045654613519
-8587881045654323045
-8587881045654153138
-8587881045653852869
-8587881045653552578
-8587881045653262306
-8587881045652952002
-8587881045652792051
-8587881045652481755
-8587881045652181466
-8587881045651881176
-8587881045651590897
-8587881045651280600
-8587881045650990269
-8587881045650824666
-8587881045650524369
-8587881045650224001
-8587881045649923801
-8587881045649613500
-8587881045649323220
-8587881045649163080
-8587881045648859824
-8587881045648566521
-8587881045648266329
-8587881045647955933
-8587881045647785460
-8587881045647475164
-8587881045647164817
-8587881045646844562
-8587881045646534263
-8587881045646233979
-8587881045645933687
-8587881045645613381
-8587881045645313100
-8587881045645152591
-8587881045644852302
-8587881045644542006
-8587881045644241719
-8587881045643931374
-8587881045643621124
-8587881045643330783
-8587881045643160531
-8587881045642860067
-8587881045642559955
-8587881045642249569
-8587881045641959381
-8587881045641794562
-8587881045641484260
-8587881045641193991
-8587881045640893702
-8587881045640583395
-8587881045640283188
-8587881045639958064
-8587881045639791242
-8587881045639485733
-8587881045639185349
-8587881045638885157
-8587881045638594878
-8587881045638284469
-8587881045638125263
-8587881045637834986
-8587881045637554716
-8587881045637274443
-8587881045636984174
-8587881045636834104
-8587881045636543827
-8587881045636243536
-8587881045635943251
-8587881045635632960
-8587881045635472807
-8587881045635192537
-8587881045634912270
-8587881045634632005
-8587881045634472717
-8587881045634192444
-8587881045633902172
-8587881045633631914
-8587881045633462220
-8587881045633181950
-8587881045632891673
-8587881045632601396
-8587881045632331133
-8587881045632162849
-8587881045631862563
-8587881045631582290
-8587881045631292013
-8587881045631121807
-8587881045630834136
-8587881045630563883
-8587881045630243580
-8587881045629953208
-8587881045629792643
-8587881045629512370
-8587881045629222098
-8587881045628921806
-8587881045628641539
-8587881045628468179
-8587881045628177896
-8587881045627887614
-8587881045627607352
-8587881045627297053
-8587881045627130008
-8587881045626829729
-8587881045626549462
-8587881045626239166
-8587881045625949019
-8587881045625658742
-8587881045625508599
-8587881045625208314
-8587881045624918035
-8587881045624617738
-8587881045624327466
-8587881045624167318
-8587881045623833380
-8587881045623543006
-8587881045623262836
-8587881045622962549
-8587881045622796109
-8587881045622505944
-8587881045622215670
-8587881045621935399
-8587881045621654971
-8587881045621494933
-8587881045621204543
-8587881045620915216
-8587881045620635153
-8587881045620464870
-8587881045620144703
-8587881045619864814
-8587881045619571979
