-8587880266037821361
Blob23:-0.4918037,3.652927,-11.67486,0,0,0,1,1,1,1
Blob1:-1.093686,1.48914,-13.46039,0,0,0,1,1,1,1
Blob25:-1.533048,1.888991,-10.03025,0,0,0,1,1,1,1
-8587880266036510105
-8587880266036148504
-8587880266035982472
-8587880266035801072
-8587880266035640921
-8587880266035484100
-8587880266035313885
-8587880266035143260
-8587880266034983209
-8587880266034829460
-8587880266034652586
-8587880266034482407
-8587880266034312328
-8587880266034142067
-8587880266033982034
-8587880266033811775
-8587880266033651706
-8587880266033491549
-8587880266033327701
-8587880266033151462
-8587880266033001318
-8587880266032820351
-8587880266032661031
-8587880266032491321
-8587880266032344822
-8587880266032154480
-8587880266032014466
-8587880266031831016
-8587880266031659846
-8587880266031499075
-8587880266031328645
-8587880266031168307
-8587880266031018231
-8587880266030837628
-8587880266030675201
-8587880266030504632
-8587880266030334348
-8587880266030166601
-8587880266030015886
-8587880266029845341
-8587880266029676363
-8587880266029515612
-8587880266029344859
-8587880266029194515
-8587880266029024439
-8587880266028853195
-8587880266028696243
-8587880266028515287
-8587880266028353940
-8587880266028182847
-8587880266028022644
-8587880266027880453
-8587880266027712243
-8587880266027541724
-8587880266027371542
-8587880266027220340
-8587880266027048610
-8587880266026882670
-8587880266026712151
-8587880266026541490
-8587880266026390813
-8587880266026219953
-8587880266026056226
-8587880266025895547
-8587880266025725122
-8587880266025559267
-8587880266025398657
-8587880266025227689
-8587880266025058755
-8587880266024898191
-8587880266024728934
-8587880266024558696
-8587880266024403959
-8587880266024233600
-8587880266024063565
-8587880266023903260
-8587880266023740133
-8587880266023570853
-8587880266023410635
-8587880266023230461
-8587880266023070307
-8587880266022900144
-8587880266022739992
-8587880266022569826
-8587880266022409672
-8587880266022239429
-8587880266022069181
-8587880266021918573
-8587880266021753627
-8587880266021582900
-8587880266021417306
-8587880266021241950
-8587880266021090807
-8587880266020916192
-8587880266020745273
-8587880266020584548
-8587880266020424051
-8587880266020254545
-8587880266020083798
-8587880266019929081
-8587880266019749807
-8587880266019589578
-8587880266019429424
-8587880266019259086
-8587880266019098794
-8587880266018928705
-8587880266018768461
-8587880266018598364
-8587880266018433615
-8587880266018262947
-8587880266018101781
-8587880266017941912
-8587880266017765455
-8587880266017611005
-8587880266017441138
-8587880266017270975
-8587880266017100813
-8587880266016940657
-8587880266016770493
-8587880266016610337
-8587880266016440232
-8587880266016273921
-8587880266016113882
-8587880266015943619
-8587880266015783065
-8587880266015622832
-8587880266015452658
-8587880266015274556
-8587880266015119542
-8587880266014949345
-8587880266014789040
-8587880266014614506
-8587880266014454025
-8587880266014293561
-8587880266014126717
-8587880266013956513
-8587880266013798809
-8587880266013628747
-8587880266013462557
-8587880266013290181
-8587880266013129702
-8587880266012959551
-8587880266012799402
-8587880266012628309
-8587880266012467659
-8587880266012304020
-8587880266012143866
-8587880266011963680
-8587880266011803539
-8587880266011633375
-8587880266011473055
-8587880266011303058
-8587880266011140825
-8587880266010980225
-8587880266010810364
-8587880266010647875
-8587880266010477519
-8587880266010307225
-8587880266010146720
-8587880266009976063
-8587880266009827326
-8587880266009651149
-8587880266009490926
-8587880266009320130
-8587880266009160646
-8587880266008990089
-8587880266008829085
-8587880266008658371
-8587880266008495047
-8587880266008324948
-8587880266008162728
-8587880266007997302
-8587880266007826360
-8587880266007664724
-8587880266007497712
-8587880266007328191
-8587880266007167530
-8587880266007003275
-8587880266006836956
-8587880266006671577
-8587880266006504403
-8587880266006333654
-8587880266006172870
-8587880266006010937
-8587880266005837880
-8587880266005667791
-8587880266005516929
-8587880266005339255
-8587880266005178509
-8587880266005018176
-8587880266004850055
-8587880266004679262
-8587880266004516863
-8587880266004346366
-8587880266004193344
-8587880266004023536
-8587880266003852799
-8587880266003688741
-8587880266003527850
-8587880266003357568
-8587880266003197092
-8587880266003028134
-8587880266002860571
-8587880266002690369
-8587880266002531459
-8587880266002357527
-8587880266002201410
-8587880266002030445
-8587880266001868525
-8587880266001697913
-8587880266001538043
-8587880266001373161
-8587880266001202124
-8587880266001041970
-8587880266000871648
-8587880266000711650
-8587880266000541489
-8587880266000371325
-8587880266000211168
-8587880266000049397
-8587880265999874850
-8587880265999713874
-8587880265999544200
-8587880265999380869
-8587880265999220075
-8587880265999052609
-8587880265998892058
-8587880265998711406
-8587880265998560755
-8587880265998380367
-8587880265998229830
-8587880265998060506
-8587880265997896666
-8587880265997726062
-8587880265997555939
-8587880265997395417
-8587880265997225040
-8587880265997062273
-8587880265996898972
-8587880265996728366
-8587880265996557815
-8587880265996407333
-8587880265996233414
-8587880265996072753
-8587880265995897093
-8587880265995736289
-8587880265995575740
-8587880265995409593
-8587880265995241841
-8587880265995071475
-8587880265994910451
-8587880265994739862
-8587880265994577906
-8587880265994414472
-8587880265994249879
-8587880265994084605
-8587880265993914101
-8587880265993753494
-8587880265993582245
-8587880265993422859
-8587880265993256407
-8587880265993086366
-8587880265992915901
-8587880265992755214
-8587880265992584426
-8587880265992423578
-8587880265992261913
-8587880265992091381
-8587880265991931273
-8587880265991760500
-8587880265991599809
-8587880265991434529
-8587880265991264440
-8587880265991100459
-8587880265990936091
-8587880265990768766
-8587880265990608415
-8587880265990439298
-8587880265990268981
-8587880265990098753
-8587880265989938761
-8587880265989768597
-8587880265989608443
-8587880265989438279
-8587880265989267954
-8587880265989107867
-8587880265988947303
-8587880265988786699
-8587880265988609933
-8587880265988447869
-8587880265988289614
-8587880265988119402
-8587880265987954125
-8587880265987784420
-8587880265987623590
-8587880265987452953
-8587880265987282395
-8587880265987127681
-8587880265986951388
-8587880265986791071
-8587880265986630443
-8587880265986454340
-8587880265986294224
-8587880265986129186
-8587880265985958794
-8587880265985788536
-8587880265985637890
-8587880265985457053
-8587880265985301743
-8587880265985129500
-8587880265984969385
-8587880265984808959
-8587880265984638750
-8587880265984478593
-8587880265984302994
-8587880265984140122
-8587880265983979632
-8587880265983810549
-8587880265983646854
-8587880265983472861
-8587880265983312441
-8587880265983148487
-8587880265982982525
-8587880265982822332
-8587880265982592569
-8587880265982422536
-8587880265982262377
-8587880265982112342
-8587880265981951536
-8587880265981811403
-8587880265981640805
-8587880265981474745
-8587880265981310523
-8587880265981149885
-8587880265980979009
-8587880265980808096
-8587880265980648323
-8587880265980482245
-8587880265980321817
-8587880265980149823
-8587880265979935901
-8587880265979775752
-8587880265979645450
-8587880265979474739
-8587880265979304580
-8587880265979144600
-8587880265978974432
-8587880265978814262
-8587880265978664141
-8587880265978503971
-8587880265978333823
-8587880265978073575
-8587880265977913255
-8587880265977743163
-8587880265977582983
-8587880265977411061
-8587880265977250907
-8587880265977080628
-8587880265976920356
-8587880265976749860
-8587880265976589562
-8587880265976418410
-8587880265976258256
-8587880265976088093
-8587880265975917929
-8587880265975758177
-8587880265975587202
-8587880265975427332
-8587880265975257316
-8587880265975097144
-8587880265974926013
-8587880265974765498
-8587880265974594336
-8587880265974433731
-8587880265974261701
-8587880265974096555
-8587880265973936401
-8587880265973768898
-8587880265973595580
-8587880265973432346
-8587880265973271708
-8587880265973104315
-8587880265972944158
-8587880265972773774
-8587880265972613620
-8587880265972443456
-8587880265972273293
-8587880265972113016
-8587880265971942819
-8587880265971782660
-8587880265971562455
-8587880265971442353
-8587880265971284818
-8587880265971124715
-8587880265970951180
-8587880265970787733
-8587880265970617393
-8587880265970457244
-8587880265970286906
-8587880265970126949
-8587880265969956791
-8587880265969789755
-8587880265969619338
-8587880265969459179
-8587880265969296923
-8587880265969136334
-8587880265968966242
-8587880265968796076
-8587880265968633684
-8587880265968463523
-8587880265968301495
-8587880265968131329
-8587880265967971139
-8587880265967811246
-8587880265967641093
-8587880265967470932
-8587880265967310778
-8587880265967140437
-8587880265966980460
-8587880265966810296
-8587880265966649973
-8587880265966481348
-8587880265966311177
-8587880265966151002
-8587880265965980967
-8587880265965820674
-8587880265965650029
-8587880265965485183
-8587880265965315019
-8587880265965154865
-8587880265964994711
-8587880265964829196
-8587880265964659094
-8587880265964484745
-8587880265964324829
-8587880265964154670
-8587880265963994299
-8587880265963828382
-8587880265963666162
-8587880265963495909
-8587880265963321744
-8587880265963171745
-8587880265962995082
-8587880265962832199
-8587880265962668548
-8587880265962495332
-8587880265962335452
-8587880265962173616
-8587880265962003371
-8587880265961848296
-8587880265961674481
-8587880265961514197
-8587880265961347561
-8587880265961182474
-8587880265961012328
-8587880265960852117
-8587880265960671716
-8587880265960511629
-8587880265960341058
-8587880265960181040
-8587880265960020271
-8587880265959855051
-8587880265959684741
-8587880265959528962
-8587880265959348789
-8587880265959190570
-8587880265959030419
-8587880265958860053
-8587880265958689774
-8587880265958528729
-8587880265958367966
-8587880265958197805
-8587880265958035270
-8587880265957867415
-8587880265957703183
-8587880265957532751
-8587880265957368757
-8587880265957197792
-8587880265957037520
-8587880265956868065
-8587880265956702282
-8587880265956534271
-8587880265956374232
-8587880265956214083
-8587880265956043920
-8587880265955873753
-8587880265955713602
-8587880265955543423
-8587880265955373088
-8587880265955222874
-8587880265955047916
-8587880265954885022
-8587880265954709769
-8587880265954552380
-8587880265954386469
-8587880265954211961
-8587880265954062177
-8587880265953891599
-8587880265953726739
-8587880265953556540
-8587880265953385895
-8587880265953230945
-8587880265953067136
-8587880265952895154
-8587880265952719906
-8587880265952559845
-8587880265952399388
-8587880265952229222
-8587880265952069055
-8587880265951898654
-8587880265951743696
-8587880265951562148
-8587880265951404460
-8587880265951244421
-8587880265951073806
-8587880265950913727
-8587880265950744213
-8587880265950571305
-8587880265950403725
-8587880265950243691
-8587880265950073527
-8587880265949913373
-8587880265949744779
-8587880265949584502
-8587880265949414504
-8587880265949244110
-8587880265949087525
-8587880265948917704
-8587880265948747072
-8587880265948586509
-8587880265948426296
-8587880265948258216
-8587880265948098062
-8587880265947920021
-8587880265947759869
-8587880265947592949
-8587880265947422609
-8587880265947262153
-8587880265947098561
-8587880265946928225
-8587880265946762859
-8587880265946602250
-8587880265946354108
-8587880265946264021
-8587880265946093717
-8587880265945923553
-8587880265945754641
-8587880265945604233
-8587880265945424016
-8587880265945263862
-8587880265945093686
-8587880265944933542
-8587880265944773242
-8587880265944603217
-8587880265944432917
-8587880265944262900
-8587880265944102326
-8587880265943931100
-8587880265943777584
-8587880265943605830
-8587880265943435667
-8587880265943267451
-8587880265943114311
-8587880265942944117
-8587880265942781713
-8587880265942623141
-8587880265942443244
-8587880265942283090
-8587880265942112711
-8587880265941952224
-8587880265941782194
-8587880265941611628
-8587880265941446444
-8587880265941286290
-8587880265941122498
-8587880265940952334
-8587880265940793980
-8587880265940631560
-8587880265940461396
-8587880265940296729
-8587880265940126665
-8587880265939956432
-8587880265939796038
-8587880265939635881
-8587880265939465989
-8587880265939295830
-8587880265939135392
-8587880265938966470
-8587880265938806316
-8587880265938636152
-8587880265938467205
-8587880265938304135
-8587880265938140699
-8587880265937967898
-8587880265937800494
-8587880265937640338
-8587880265937480025
-8587880265937309861
-8587880265937149548
-8587880265936979479
-8587880265936823813
-8587880265936643553
-8587880265936486156
-8587880265936315710
-8587880265936145191
-8587880265935981020
-8587880265935820807
-8587880265935650674
-8587880265935490367
-8587880265935320149
-8587880265935159417
-8587880265934989025
-8587880265934828917
-8587880265934660947
-8587880265934490279
-8587880265934328520
-8587880265934169705
-8587880265933989534
-8587880265933829378
-8587880265933659217
-8587880265933499060
-8587880265933338909
-8587880265933168745
-8587880265933011829
-8587880265932840793
-8587880265932671059
-8587880265932500754
-8587880265932341123
-8587880265932171898
-8587880265932011808
-8587880265931840803
-8587880265931680641
-8587880265931520320
-8587880265931355533
-8587880265931182771
-8587880265931019683
-8587880265930853351
-8587880265930682724
-8587880265930522719
-8587880265930353323
-8587880265930180349
-8587880265930019670
-8587880265929859344
-8587880265929699047
-8587880265929528883
-8587880265929365798
-8587880265929195637
-8587880265929025473
-8587880265928862224
-8587880265928695055
-8587880265928534661
-8587880265928364651
-8587880265928194426
-8587880265928034146
-8587880265927874074
-8587880265927705907
-8587880265927543452
-8587880265927363281
-8587880265927202789
-8587880265927038531
-8587880265926868370
-8587880265926703669
-8587880265926543528
-8587880265926373009
-8587880265926213983
-8587880265926043822
-8587880265925883571
-8587880265925716364
-8587880265925546011
-8587880265925385857
-8587880265925225122
-8587880265925045079
-8587880265924884922
-8587880265924726274
-8587880265924551051
-8587880265924303606
-8587880265924223537
-8587880265924063242
-8587880265923892989
-8587880265923722449
-8587880265923561865
-8587880265923391814
-8587880265923231544
-8587880265923051376
-8587880265922901334
-8587880265922721058
-8587880265922571016
-8587880265922400686
-8587880265922230528
-8587880265922070538
-8587880265921910296
-8587880265921740829
-8587880265921570665
-8587880265921413919
-8587880265921242447
-8587880265921067012
-8587880265920910012
-8587880265920739357
-8587880265920579259
-8587880265920422605
-8587880265920247715
-8587880265920087006
-8587880265919919773
-8587880265919749720
-8587880265919585682
-8587880265919419020
-8587880265919248969
-8587880265919090185
-8587880265918921701
-8587880265918751655
-8587880265918591424
-8587880265918431249
-8587880265918261083
-8587880265918098553
-8587880265917928505
-8587880265917758308
-8587880265917598159
-8587880265917437211
-8587880265917266628
-8587880265917100775
-8587880265916939469
-8587880265916769415
-8587880265916611696
-8587880265916441532
-8587880265916271223
-8587880265916105621
-8587880265915945469
-8587880265915767175
-8587880265915606425
-8587880265915446086
-8587880265915281199
-8587880265915111035
-8587880265914947177
-8587880265914773191
-8587880265914616805
-8587880265914446578
-8587880265914286631
-8587880265914122906
-8587880265913946160
-8587880265913785904
-8587880265913615691
-8587880265913454265
-8587880265913288581
-8587880265913122268
-8587880265912965618
-8587880265912785179
-8587880265912634331
-8587880265912461970
-8587880265912298435
-8587880265912135208
-8587880265911962285
-8587880265911802113
-8587880265911631967
-8587880265911461793
-8587880265911301650
-8587880265911141452
-8587880265910971189
-8587880265910811178
-8587880265910642123
-8587880265910473661
-8587880265910311500
-8587880265910140661
-8587880265909975264
-8587880265909810814
-8587880265909642138
-8587880265909472007
-8587880265909305348
-8587880265909148195
-8587880265908977734
-8587880265908817332
-8587880265908647050
-8587880265908486822
-8587880265908311456
-8587880265908151282
-8587880265907985360
-8587880265907818716
-8587880265907658091
-8587880265907497817
-8587880265907327008
-8587880265907156291
-8587880265906995976
-8587880265906825812
-8587880265906655454
-8587880265906495275
-8587880265906335384
-8587880265906165359
-8587880265906005202
-8587880265905828708
-8587880265905665809
-8587880265905505525
-8587880265905337265
-8587880265905166705
-8587880265905016392
-8587880265904836357
-8587880265904675744
-8587880265904505409
-8587880265904350444
-8587880265904170307
-8587880265904010153
-8587880265903849392
-8587880265903671740
-8587880265903517315
-8587880265903347441
-8587880265903176888
-8587880265903019484
-8587880265902848595
-8587880265902688344
-8587880265902520098
-8587880265902349750
-8587880265902116871
-8587880265902016770
-8587880265901865353
-8587880265901695087
-8587880265901535086
-8587880265901364331
-8587880265901194222
-8587880265901034062
-8587880265900855661
-8587880265900695481
-8587880265900525325
-8587880265900355161
-8587880265900205001
-8587880265900034856
-8587880265899874699
-8587880265899704420
-8587880265899544384
-8587880265899377884
-8587880265899204576
-8587880265899044212
-8587880265898874023
-8587880265898713247
-8587880265898542886
-8587880265898382535
-8587880265898214926
-8587880265898054590
-8587880265897881442
-8587880265897721165
-8587880265897551052
-8587880265897380266
-8587880265897230524
-8587880265897045850
-8587880265896885422
-8587880265896725286
-8587880265896562787
-8587880265896401294
-8587880265896226295
-8587880265896063266
-8587880265895894620
-8587880265895721556
-8587880265895565872
-8587880265895405057
-8587880265895236173
-8587880265895072307
-8587880265894902144
-8587880265894735733
-8587880265894565723
-8587880265894410558
-8587880265894239893
-8587880265894066777
-8587880265893905945
-8587880265893746037
-8587880265893567197
-8587880265893406754
-8587880265893245158
-8587880265893078351
-8587880265892912672
-8587880265892745929
-8587880265892573205
-8587880265892416507
-8587880265892245972
-8587880265892092620
-8587880265891912465
-8587880265891752459
-8587880265891582196
-8587880265891421855
-8587880265891246958
-8587880265891096250
-8587880265890926153
-8587880265890755874
-8587880265890595602
-8587880265890425075
-8587880265890268966
-8587880265890098556
-8587880265889925098
-8587880265889761859
-8587880265889601982
-8587880265889431913
-8587880265889261751
-8587880265889101587
-8587880265888941446
-8587880265888771280
-8587880265888611123
-8587880265888440826
-8587880265888270821
-8587880265888110639
-8587880265887939858
-8587880265887779264
-8587880265887608970
-8587880265887446740
-8587880265887286537
-8587880265887123585
-8587880265886946261
-8587880265886781962
-8587880265886621808
-8587880265886455733
-8587880265886285689
-8587880265886115577
-8587880265885957340
-8587880265885797573
-8587880265885623725
-8587880265885454173
-8587880265885294047
-8587880265885123779
-8587880265884962094
-8587880265884791979
-8587880265884631725
-8587880265884462153
-8587880265884291510
-8587880265884124493
-8587880265883964513
-8587880265883807730
-8587880265883637526
-8587880265883472236
-8587880265883301374
-8587880265883140859
-8587880265882969866
-8587880265882809453
-8587880265882641516
-8587880265882481462
-8587880265882311539
-8587880265882149452
-8587880265881979278
-8587880265881817156
-8587880265881646531
-8587880265881486933
-8587880265881316615
-8587880265881155834
-8587880265880985427
-8587880265880827884
-8587880265880655222
-8587880265880490002
-8587880265880321799
-8587880265880156085
-8587880265879990836
-8587880265879820460
-8587880265879659989
-8587880265879489408
-8587880265879328934
-8587880265879170208
-8587880265878997843
-8587880265878828759
-8587880265878662405
-8587880265878492492
-8587880265878332177
-8587880265878162180
-8587880265878002026
-8587880265877831744
-8587880265877671705
-8587880265877511387
-8587880265877341380
-8587880265877182421
-8587880265877015289
-8587880265876841764
-8587880265876672222
-8587880265876511984
-8587880265876341774
-8587880265876181750
-8587880265876021082
-8587880265875850890
-8587880265875628541
-8587880265875518422
-8587880265875358580
-8587880265875188102
-8587880265875027354
-8587880265874856921
-8587880265874695164
-8587880265874527696
-8587880265874357428
-8587880265874197225
-8587880265874027300
-8587880265873857202
-8587880265873696693
-8587880265873533710
-8587880265873368041
-8587880265873197176
-8587880265873027120
-8587880265872866147
-8587880265872695425
-8587880265872543973
-8587880265872368574
-8587880265872209700
-8587880265872039126
-8587880265871878634
-8587880265871707777
-8587880265871547257
-8587880265871377439
-8587880265871212147
-8587880265871042029
-8587880265870876345
-8587880265870723687
-8587880265870545854
-8587880265870375160
-8587880265870224583
-8587880265870054015
-8587880265869883690
-8587880265869723321
-8587880265869546442
-8587880265869386134
-8587880265869225914
-8587880265869060985
-8587880265868890476
-8587880265868731925
-8587880265868561500
-8587880265868389723
-8587880265868228812
-8587880265868068230
-8587880265867897856
-8587880265867729380
-8587880265867569146
-8587880265867407853
-8587880265867207655
-8587880265867037494
-8587880265866907354
-8587880265866737208
-8587880265866566924
-8587880265866406875
-8587880265866236727
-8587880265866076567
-8587880265865916239
-8587880265865749094
-8587880265865578782
-8587880265865417471
-8587880265865247151
-8587880265865076675
-8587880265864916336
-8587880265864752721
-8587880265864591085
-8587880265864420158
-8587880265864253325
-8587880265864092191
-8587880265863923934
-8587880265863757106
-8587880265863593885
-8587880265863433260
-8587880265863260516
-8587880265863095557
-8587880265862929202
-8587880265862764865
-8587880265862594097
-8587880265862431271
-8587880265862270917
-8587880265862096340
-8587880265861935781
-8587880265861765129
-8587880265861604360
-8587880265861433869
-8587880265861274183
-8587880265861103628
-8587880265860943850
-8587880265860774350
-8587880265860613586
-8587880265860442877
-8587880265860282196
-8587880265860111909
-8587880265859946418
-8587880265859775916
-8587880265859615585
-8587880265859453470
-8587880265859291332
-8587880265859126775
-8587880265858956000
-8587880265858787159
-8587880265858625684
-8587880265858457185
-8587880265858294701
-8587880265858123938
-8587880265857963843
-8587880265857793644
-8587880265857632422
-8587880265857461367
-8587880265857293536
-8587880265857123042
-8587880265856972987
-8587880265856792179
-8587880265856631907
-8587880265856471886
-8587880265856301922
-8587880265856131631
-8587880265855971477
-8587880265855801152
-8587880265855631149
-8587880265855470995
-8587880265855300831
-8587880265855140677
-8587880265854980523
-8587880265854804441
-8587880265854647290
-8587880265854484064
-8587880265854313900
-8587880265854142377
-8587880265853982484
-8587880265853824498
-8587880265853653899
-8587880265853483116
-8587880265853322908
-8587880265853122319
-8587880265852959426
-8587880265852788617
-8587880265852622242
-8587880265852462321
-8587880265852291459
-8587880265852130805
-8587880265851970843
-8587880265851790537
-8587880265851630401
-8587880265851470234
-8587880265851320097
-8587880265851153456
-8587880265850982967
-8587880265850822562
-8587880265850663883
-8587880265850493409
-8587880265850332720
-8587880265850142199
-8587880265849975443
-8587880265849805346
-8587880265849644990
-8587880265849476490
-8587880265849315770
-8587880265849145650
-8587880265848974237
-8587880265848813832
-8587880265848641595
-8587880265848481612
-8587880265848321207
-8587880265848157111
-8587880265848001637
-8587880265847841216
-8587880265847674391
-8587880265847508244
-8587880265847347637
-8587880265847177422
-8587880265847017007
-8587880265846846884
-8587880265846686033
-8587880265846515975
-8587880265846355762
-8587880265846181820
-8587880265846021788
-8587880265845851205
-8587880265845685560
-8587880265845523091
-8587880265845352323
-8587880265845111304
-8587880265845031250
-8587880265844870970
-8587880265844700917
-8587880265844530625
-8587880265844370599
-8587880265844200435
-8587880265844040281
-8587880265843878033
-8587880265843710711
-8587880265843550442
-8587880265843379784
-8587880265843222433
-8587880265843052026
-8587880265842886338
-8587880265842716097
-8587880265842545035
-8587880265842380429
-8587880265842220280
-8587880265842063487
-8587880265841888378
-8587880265841728029
-8587880265841554952
-8587880265841394662
-8587880265841224294
-8587880265841051470
-8587880265840889739
-8587880265840737035
-8587880265840566649
-8587880265840405806
-8587880265840235396
-8587880265840064964
-8587880265839904569
-8587880265839739377
-8587880265839576812
-8587880265839408094
-8587880265839235143
-8587880265839073599
-8587880265838913227
-8587880265838750290
-8587880265838576430
-8587880265838413987
-8587880265838250910
-8587880265838075890
-8587880265837912968
-8587880265837746624
-8587880265837587072
-8587880265837415925
-8587880265837254350
-8587880265837088354
-8587880265836918134
-8587880265836752970
-8587880265836592744
-8587880265836422225
-8587880265836261658
-8587880265836097905
-8587880265835921464
-8587880265835761361
-8587880265835600775
-8587880265835431592
-8587880265835268307
-8587880265835097997
-8587880265834926830
-8587880265834766312
-8587880265834601967
-8587880265834431858
-8587880265834271401
-8587880265834100582
-8587880265833942640
-8587880265833772428
-8587880265833582386
-8587880265833412222
-8587880265833272080
-8587880265833101929
-8587880265832941772
-8587880265832771611
-8587880265832611454
-8587880265832451165
-8587880265832271007
-8587880265832120445
-8587880265831950110
-8587880265831789823
-8587880265831619382
-8587880265831455250
-8587880265831281638
-8587880265831121064
-8587880265830954963
-8587880265830790598
-8587880265830629824
-8587880265830459579
-8587880265830268060
-8587880265830105819
-8587880265829935346
-8587880265829780621
-8587880265829610366
-8587880265829440140
-8587880265829269483
-8587880265829114763
-8587880265828948785
-8587880265828773904
-8587880265828609789
-8587880265828449159
-8587880265828286532
-8587880265828115844
-8587880265827942787
-8587880265827781973
-8587880265827612011
-8587880265827455528
-8587880265827281890
-8587880265827123989
-8587880265826953265
-8587880265826798891
-8587880265826622630
-8587880265826462171
-8587880265826297278
-8587880265826129810
-8587880265825959406
-8587880265825804346
-8587880265825631700
-8587880265825471479
-8587880265825301730
-8587880265825131259
-8587880265824970959
-8587880265824800314
-8587880265824591832
-8587880265824441836
-8587880265824251753
-8587880265824091351
-8587880265823961474
-8587880265823793970
-8587880265823633614
-8587880265823461338
-8587880265823300739
-8587880265823132554
-8587880265822963386
-8587880265822803872
-8587880265822632979
-8587880265822472856
-8587880265822292682
-8587880265822162560
-8587880265822002398
-8587880265821832145
-8587880265821662068
-8587880265821501927
-8587880265821335734
-8587880265821164856
-8587880265821004407
-8587880265820842797
-8587880265820675070
-8587880265820511506
-8587880265820339386
-8587880265820176634
-8587880265820015871
-8587880265819845710
-8587880265819685545
-8587880265819510722
-8587880265819350056
-8587880265819179207
-8587880265819018479
-8587880265818855732
-8587880265818684887
-8587880265818524073
-8587880265818358699
-8587880265818191320
-8587880265818026021
-8587880265817854987
-8587880265817693688
-8587880265817523821
-8587880265817363527
-8587880265817192869
-8587880265817033626
-8587880265816864686
-8587880265816694341
-8587880265816522951
-8587880265816361883
-8587880265816191914
-8587880265816032238
-8587880265815871956
-8587880265815707445
-8587880265815532474
-8587880265815361749
-8587880265815201483
-8587880265815041403
-8587880265814874695
-8587880265814704209
-8587880265814533812
-8587880265814372734
-8587880265814211994
-8587880265814043599
-8587880265813881459
-8587880265813710934
-8587880265813550411
-8587880265813390016
-8587880265813219494
-8587880265813059202
-8587880265812878998
-8587880265812718644
-8587880265812552295
-8587880265812391744
-8587880265812230620
-8587880265812064593
-8587880265811894432
-8587880265811730791
-8587880265811510060
-8587880265811399427
-8587880265811229263
-8587880265811059099
-8587880265810898945
-8587880265810728781
-8587880265810568627
-8587880265810398464
-8587880265810238049
-8587880265810067729
-8587880265809907572
-8587880265809737442
-8587880265809578143
-8587880265809408097
-8587880265809237680
-8587880265809078240
-8587880265808908102
-8587880265808743611
-8587880265808576763
-8587880265808416250
-8587880265808245685
-8587880265808080800
-8587880265807909714
-8587880265807746542
-8587880265807586580
-8587880265807409973
-8587880265807249931
-8587880265807087481
-8587880265806917092
-8587880265806763284
-8587880265806593121
-8587880265806432897
-8587880265806260225
-8587880265806095104
-8587880265805927910
-8587880265805761925
-8587880265805602810
-8587880265805432052
-8587880265805264108
-8587880265805094011
-8587880265804939602
-8587880265804759203
-8587880265804608862
-8587880265804438790
-8587880265804267244
-8587880265804104266
-8587880265803934192
-8587880265803780164
-8587880265803603910
-8587880265803443605
-8587880265803273441
-8587880265803111114
-8587880265802941004
-8587880265802787286
-8587880265802623386
-8587880265802447854
-8587880265802282793
-8587880265802116664
-8587880265801946695
-8587880265801783259
-8587880265801623486
-8587880265801453573
-8587880265801293291
-8587880265801124950
-8587880265800954894
-8587880265800800124
-8587880265800620091
-8587880265800464264
-8587880265800289067
-8587880265800128910
-8587880265799958752
-8587880265799798608
-8587880265799628444
-8587880265799468275
-8587880265799298109
-8587880265799137850
-8587880265798964862
-8587880265798807957
-8587880265798631949
-8587880265798477752
-8587880265798299547
-8587880265798139401
-8587880265797977411
-8587880265797816830
-8587880265797636720
-8587880265797479313
-8587880265797311656
-8587880265797140929
-8587880265796974736
-8587880265796811768
-8587880265796656317
-8587880265796484876
-8587880265796321422
-8587880265796152915
-8587880265795992845
-8587880265795812395
-8587880265795651993
-8587880265795491567
-8587880265795325413
-8587880265795158365
-8587880265794988116
-8587880265794829588
-8587880265794665415
-8587880265794488818
-8587880265794329478
-8587880265794159201
-8587880265793998543
-8587880265793833399
-8587880265793669137
-8587880265793498781
-8587880265793338629
-8587880265793162660
-8587880265793002035
-8587880265792831246
-8587880265792670529
-8587880265792510337
-8587880265792332344
-8587880265792176696
-8587880265792019596
-8587880265791839315
-8587880265791679112
-8587880265791520748
-8587880265791350269
-8587880265791180152
-8587880265791019248
-8587880265790848933
-8587880265790688543
-8587880265790518124
-8587880265790358540
-8587880265790188372
-8587880265790031891
-8587880265789864656
-8587880265789699758
-8587880265789519675
-8587880265789359311
-8587880265789189273
-8587880265789029111
-8587880265788858906
-8587880265788698675
-8587880265788528642
-8587880265788368480
-8587880265788198319
-8587880265788038053
-8587880265787867817
-8587880265787698155
-8587880265787538280
-8587880265787372704
-8587880265787208132
-8587880265787044340
-8587880265786874194
-8587880265786708144
-8587880265786546782
-8587880265786371877
-8587880265786211769
-8587880265786051612
-8587880265785881049
-8587880265785720732
-8587880265785546615
-8587880265785382972
-8587880265785226138
-8587880265785049032
-8587880265784888522
-8587880265784718033
-8587880265784559622
-8587880265784398040
-8587880265784217892
-8587880265783982095
-8587880265783892042
-8587880265783731926
-8587880265783559251
-8587880265783389080
-8587880265783228703
-8587880265783068252
-8587880265782897899
-8587880265782736895
-8587880265782568587
-8587880265782410970
-8587880265782231129
-8587880265782073236
-8587880265781903205
-8587880265781731219
-8587880265781570891
-8587880265781410947
-8587880265781240673
-8587880265781080521
-8587880265780910355
-8587880265780739777
-8587880265780579479
-8587880265780419113
-8587880265780249013
-8587880265780078647
-8587880265779920526
-8587880265779750260
-8587880265779580006
-8587880265779420820
-8587880265779250656
-8587880265779087650
-8587880265778917469
-8587880265778757374
-8587880265778587067
-8587880265778426813
-8587880265778266661
-8587880265778088923
-8587880265777928807
-8587880265777768635
-8587880265777598471
-8587880265777428410
-8587880265777268105
-8587880265777108104
-8587880265776937946
-8587880265776767416
-8587880265776604825
-8587880265776433868
-8587880265776273767
-8587880265776115300
-8587880265775934751
-8587880265775774686
-8587880265775610160
-8587880265775444409
-8587880265775274085
-8587880265775115886
-8587880265774938677
-8587880265774783341
-8587880265774619793
-8587880265774449504
-8587880265774283121
-8587880265774112619
-8587880265773952919
-8587880265773792683
-8587880265773613736
-8587880265773463653
-8587880265773289403
-8587880265773125043
-8587880265772959359
-8587880265772789098
-8587880265772628727
-8587880265772458540
-8587880265772289692
-8587880265772129799
-8587880265771967764
-8587880265771797646
-8587880265771637151
-8587880265771467218
-8587880265771306649
-8587880265771137789
-8587880265770967331
-8587880265770813661
-8587880265770643139
-8587880265770473769
-8587880265770312911
-8587880265770152488
-8587880265769985801
-8587880265769815481
-8587880265769647378
-8587880265769477025
-8587880265769311318
-8587880265769142985
-8587880265768985944
-8587880265768824400
-8587880265768659566
-8587880265768486169
-8587880265768329026
-8587880265768159888
-8587880265767989697
-8587880265767830096
-8587880265767659320
-8587880265767496079
-8587880265767325024
-8587880265767164125
-8587880265766996383
-8587880265766835369
-8587880265766655196
-8587880265766495042
-8587880265766334888
-8587880265766164724
-8587880265766004570
-8587880265765834406
-8587880265765674669
-8587880265765509746
-8587880265765343020
-8587880265765173179
-8587880265765012134
-8587880265764846858
-8587880265764677211
-8587880265764506341
-8587880265764350805
-8587880265764175931
-8587880265764021647
-8587880265763851430
-8587880265763688493
-8587880265763523913
-8587880265763353485
-8587880265763188613
-8587880265763028062
-8587880265762857079
-8587880265762694378
-8587880265762518897
-8587880265762352858
-8587880265762197737
-8587880265762030842
-8587880265761861830
-8587880265761691749
-8587880265761531787
-8587880265761366149
-8587880265761204203
-8587880265761033717
-8587880265760862926
-8587880265760691472
-8587880265760538821
-8587880265760371745
-8587880265760200834
-8587880265760044317
-8587880265759876442
-8587880265759709077
-8587880265759538442
-8587880265759368051
-8587880265759217195
-8587880265759046839
-8587880265758880502
-8587880265758715758
-8587880265758548060
-8587880265758377661
-8587880265758206834
-8587880265758049885
-8587880265757879337
-8587880265757719045
-8587880265757548479
-8587880265757387542
-8587880265757222862
-8587880265757056433
-8587880265756896635
-8587880265756726497
-8587880265756561873
-8587880265756401530
-8587880265756221784
-8587880265756059917
-8587880265755897526
-8587880265755736389
-8587880265755566156
-8587880265755406004
-8587880265755235882
-8587880265755065836
-8587880265754895552
-8587880265754735423
-8587880265754575205
-8587880265754405963
-8587880265754243359
-8587880265754072589
-8587880265753915937
-8587880265753745089
-8587880265753584667
-8587880265753414997
-8587880265753224305
-8587880265753054305
-8587880265752893664
-8587880265752720790
-8587880265752565236
-8587880265752394855
-8587880265752223570
-8587880265752062896
-8587880265751892371
-8587880265751731308
-8587880265751562023
-8587880265751403295
-8587880265751234352
-8587880265751084210
-8587880265750913873
-8587880265750743642
-8587880265750582674
-8587880265750413227
-8587880265750252449
-8587880265750081786
-8587880265749917152
-8587880265749761890
-8587880265749591511
-8587880265749420958
-8587880265749260991
-8587880265749090694
-8587880265748934544
-8587880265748758080
-8587880265748597824
-8587880265748429078
-8587880265748268435
-8587880265748098315
-8587880265747938092
-8587880265747767731
-8587880265747607575
-8587880265747437383
-8587880265747271338
-8587880265747101651
-8587880265746940723
-8587880265746770503
-8587880265746614323
-8587880265746439855
-8587880265746283285
-8587880265746104029
-8587880265745943447
-8587880265745774026
-8587880265745617210
-8587880265745446591
-8587880265745289652
-8587880265745108483
-8587880265744947725
-8587880265744783559
-8587880265744623464
-8587880265744453298
-8587880265744293144
-8587880265744132897
-8587880265743962831
-8587880265743792562
-8587880265743642520
-8587880265743472216
-8587880265743304645
-8587880265743144092
-8587880265742983047
-8587880265742807528
-8587880265742643608
-8587880265742480118
-8587880265742313359
-8587880265742143490
-8587880265741980366
-8587880265741819642
-8587880265741648789
-8587880265741486851
-8587880265741311595
-8587880265741141375
-8587880265740992268
-8587880265740820179
-8587880265740651643
-8587880265740482990
-8587880265740328179
-8587880265740164743
-8587880265739994098
-8587880265739824116
-8587880265739661481
-8587880265739491184
-8587880265739330933
-8587880265739160342
-8587880265739007061
-8587880265738835528
-8587880265738664719
-8587880265738496642
-8587880265738336050
-8587880265738173687
-8587880265738007082
-8587880265737843843
-8587880265737673682
-8587880265737503057
-8587880265737342888
-8587880265737172038
-8587880265737012183
-8587880265736841715
-8587880265736671229
-8587880265736521696
-8587880265736350934
-8587880265736184428
-8587880265736023565
-8587880265735851955
-8587880265735690408
-8587880265735519236
-8587880265735350048
-8587880265735189364
-8587880265735029691
-8587880265734859182
-8587880265734688672
-8587880265734526992
-8587880265734356258
-8587880265734187141
-8587880265734034844
-8587880265733863060
-8587880265733692873
-8587880265733531713
-8587880265733362322
-8587880265733192159
-8587880265733032007
-8587880265732861843
-8587880265732701687
-8587880265732531528
-8587880265732371374
-8587880265732210877
-8587880265732040834
-8587880265731870289
-8587880265731699772
-8587880265731539277
-8587880265731376210
-8587880265731212193
-8587880265731051742
-8587880265730881478
-8587880265730710969
-8587880265730540314
-8587880265730379940
-8587880265730219652
-8587880265730049333
-8587880265729893538
-8587880265729713316
-8587880265729552514
-8587880265729384847
-8587880265729224322
-8587880265729064157
-8587880265728893415
-8587880265728733031
-8587880265728562391
-8587880265728400360
-8587880265728202618
-8587880265728041880
-8587880265727880963
-8587880265727710658
-8587880265727549401
-8587880265727384219
-8587880265727213741
-8587880265727043600
-8587880265726883333
-8587880265726713193
-8587880265726549680
-8587880265726389167
-8587880265726217834
-8587880265726057521
-8587880265725887045
-8587880265725705712
-8587880265725558074
-8587880265725387316
-8587880265725220153
-8587880265725055744
-8587880265724896760
-8587880265724726322
-8587880265724555227
-8587880265724392792
-8587880265724232640
-8587880265724062249
-8587880265723902095
-8587880265723611247
-8587880265723481217
-8587880265723321306
-8587880265723141673
-8587880265722998707
-8587880265722831600
-8587880265722665153
-8587880265722492962
-8587880265722332734
-8587880265722152450
-8587880265722022345
-8587880265721852271
-8587880265721692122
-8587880265721521954
-8587880265721361792
-8587880265721191495
-8587880265721031377
-8587880265720867690
-8587880265720696374
-8587880265720531610
-8587880265720366251
-8587880265720195711
-8587880265720031269
-8587880265719871258
-8587880265719705841
-8587880265719531366
-8587880265719374494
-8587880265719201568
-8587880265719039407
-8587880265718875323
-8587880265718713580
-8587880265718542807
-8587880265718382307
-8587880265718212061
-8587880265718041268
-8587880265717889454
-8587880265717710420
-8587880265717558981
-8587880265717378828
-8587880265717223594
-8587880265717049606
-8587880265716887775
-8587880265716716733
-8587880265716554523
-8587880265716394438
-8587880265716234044
-8587880265716063028
-8587880265715897464
-8587880265715731253
-8587880265715561998
-8587880265715401540
-8587880265715233798
-8587880265715063263
-8587880265714903132
-8587880265714737743
-8587880265714573659
-8587880265714402809
-8587880265714242389
-8587880265714071795
-8587880265713909096
-8587880265713738741
-8587880265713568055
-8587880265713416784
-8587880265713251164
-8587880265713082007
-8587880265712913612
-8587880265712750975
-8587880265712580253
-8587880265712418386
-8587880265712253604
-8587880265712083535
-8587880265711922989
-8587880265711752621
-8587880265711583327
-8587880265711413356
-8587880265711253391
-8587880265711093334
-8587880265710916617
-8587880265710756529
-8587880265710586448
-8587880265710426294
-8587880265710256130
-8587880265710095866
-8587880265709925385
-8587880265709755129
-8587880265709604800
-8587880265709434746
-8587880265709271446
-8587880265709101439
-8587880265708938732
-8587880265708768569
-8587880265708613120
-8587880265708437905
-8587880265708252392
-8587880265708071499
-8587880265707931367
-8587880265707767227
-8587880265707599045
-8587880265707427319
-8587880265707266871
-8587880265707095637
-8587880265706930307
-8587880265706769917
-8587880265706602017
-8587880265706434341
-8587880265706268663
-8587880265706108117
-8587880265705942216
-8587880265705769254
-8587880265705608908
-8587880265705446642
-8587880265705276099
-8587880265705112891
-8587880265704941534
-8587880265704784340
-8587880265704611941
-8587880265704447952
-8587880265704282883
-8587880265704112351
-8587880265703956334
-8587880265703785509
-8587880265703625145
-8587880265703458269
-8587880265703293356
-8587880265703119337
-8587880265702953535
-8587880265702793443
-8587880265702623868
-8587880265702463353
-8587880265702292311
-8587880265702125995
-8587880265701966780
-8587880265701796430
-8587880265701635367
-8587880265701465014
-8587880265701277591
-8587880265701106848
-8587880265700970561
-8587880265700799955
-8587880265700639532
-8587880265700467709
-8587880265700310120
-8587880265700144165
-8587880265699973876
-8587880265699813717
-8587880265699643425
-8587880265699493325
-8587880265699323156
-8587880265699152946
-8587880265699002848
-8587880265698822677
-8587880265698661683
-8587880265698499988
-8587880265698335031
-8587880265698162845
-8587880265698002581
-8587880265697832451
-8587880265697669453
-8587880265697498884
-8587880265697334982
-8587880265697172481
-8587880265697012022
-8587880265696841649
-8587880265696678530
-8587880265696507980
-8587880265696337757
-8587880265696177209
-8587880265696016315
-8587880265695845652
-8587880265695683558
-8587880265695514223
-8587880265695351499
-8587880265695191304
-8587880265695021046
-8587880265694850508
-8587880265694697015
-8587880265694526685
-8587880265694352057
-8587880265694190106
-8587880265694026677
-8587880265693863761
-8587880265693692358
-8587880265693532143
-8587880265693361260
-8587880265693202923
-8587880265693032604
-8587880265692873346
-8587880265692699647
-8587880265692531428
-8587880265692361280
-8587880265692200975
-8587880265692044392
-8587880265691870632
-8587880265691700404
-8587880265691538563
-8587880265691367496
-8587880265691208337
-8587880265691044883
-8587880265690881657
-8587880265690711261
-8587880265690540810
-8587880265690369994
-8587880265690219532
-8587880265690053641
-8587880265689883500
-8587880265689713006
-8587880265689552074
-8587880265689383006
-8587880265689221421
-8587880265689061405
-8587880265688883385
-8587880265688720758
-8587880265688561426
-8587880265688391229
-8587880265688231256
-8587880265688061093
-8587880265687890944
-8587880265687730775
-8587880265687569484
-8587880265687399085
-8587880265687228389
-8587880265687068913
-8587880265686898632
-8587880265686729927
-8587880265686569264
-8587880265686413213
-8587880265686239904
-8587880265686069732
-8587880265685909947
-8587880265685739496
-8587880265685578853
-8587880265685417568
-8587880265685249844
-8587880265685079191
-8587880265684912501
-8587880265684681218
-8587880265684531068
-8587880265684360653
-8587880265684228764
-8587880265684064456
-8587880265683903838
-8587880265683733063
-8587880265683533205
-8587880265683373118
-8587880265683233055
-8587880265683064028
-8587880265682903374
-8587880265682733259
-8587880265682571075
-8587880265682401078
-8587880265682240686
-8587880265682070960
-8587880265681909787
-8587880265681736769
-8587880265681583161
-8587880265681412288
-8587880265681250316
-8587880265681079531
-8587880265680919164
-8587880265680748972
-8587880265680588793
-8587880265680418196
-8587880265680255746
-8587880265680087651
-8587880265679916289
-8587880265679751675
-8587880265679591529
-8587880265679421478
-8587880265679261303
-8587880265679089960
-8587880265678926211
-8587880265678756048
-8587880265678595681
-8587880265678424865
-8587880265678260991
-8587880265678100676
-8587880265677929347
-8587880265677763451
-8587880265677599226
-8587880265677439072
-8587880265677288931
-8587880265677128776
-8587880265676958613
-8587880265676798459
-8587880265676628295
-8587880265676468141
-8587880265676301323
-8587880265676131620
-8587880265675971267
-8587880265675811233
-8587880265675631054
-8587880265675461692
-8587880265675310593
-8587880265675143755
-8587880265674977224
-8587880265674817080
-8587880265674643301
-8587880265674472900
-8587880265674309656
-8587880265674143562
-8587880265673943877
-8587880265673783597
-8587880265673613433
-8587880265673453282
-8587880265673283088
-8587880265673132935
-8587880265672972280
-8587880265672812156
-8587880265672640999
-8587880265672480753
-8587880265672311782
-8587880265672151569
-8587880265671981506
-8587880265671812404
-8587880265671652312
-8587880265671482076
-8587880265671317619
-8587880265671146800
-8587880265670987173
-8587880265670816569
-8587880265670657278
-8587880265670487214
-8587880265670329620
-8587880265670159252
-8587880265669988924
-8587880265669825695
-8587880265669665237
-8587880265669491041
-8587880265669333813
-8587880265669163777
-8587880265668993460
-8587880265668829702
-8587880265668669253
-8587880265668499136
-8587880265668329576
-8587880265668163787
-8587880265668003631
-8587880265667843362
-8587880265667678333
-8587880265667507926
-8587880265667337732
-8587880265667167072
-8587880265667017209
-8587880265666846574
-8587880265666675727
-8587880265666517908
-8587880265666348658
-8587880265666178622
-8587880265666018340
-8587880265665858334
-8587880265665688171
-8587880265665528017
-8587880265665357856
-8587880265665197696
-8587880265665027535
-8587880265664867333
-8587880265664696951
-8587880265664538705
-8587880265664371265
-8587880265664206052
-8587880265664035827
-8587880265663869770
-8587880265663708525
-8587880265663548189
-8587880265663376236
-8587880265663208727
-8587880265663046615
-8587880265662875785
-8587880265662718452
-8587880265662547733
-8587880265662376615
-8587880265662226045
-8587880265662046143
-8587880265661885318
-8587880265661724647
-8587880265661555039
-8587880265661384328
-8587880265661224314
-8587880265661063136
-8587880265660892717
-8587880265660723782
-8587880265660562847
-8587880265660402588
-8587880265660232373
-8587880265660061311
-8587880265659896224
-8587880265659730583
-8587880265659574492
-8587880265659407920
-8587880265659222386
-8587880265659051536
-8587880265658891239
-8587880265658720965
-8587880265658560947
-8587880265658395939
-8587880265658225514
-8587880265658063888
-8587880265657903550
-8587880265657733225
-8587880265657567024
-8587880265657402787
-8587880265657231763
-8587880265657071041
-8587880265656822408
-8587880265656742226
-8587880265656573670
-8587880265656413006
-8587880265656242609
-8587880265656073908
-8587880265655913416
-8587880265655743313
-8587880265655582878
-8587880265655412156
-8587880265655251779
-8587880265655080999
-8587880265654910981
-8587880265654750809
-8587880265654580666
-8587880265654430521
-8587880265654260358
-8587880265654090194
-8587880265653930040
-8587880265653759876
-8587880265653609250
-8587880265653438928
-8587880265653277655
-8587880265653107428
-8587880265652936693
-8587880265652776465
-8587880265652610200
-8587880265652448804
-8587880265652278418
-8587880265652118929
-8587880265651948044
-8587880265651785808
-8587880265651618018
-8587880265651454592
-8587880265651285598
-8587880265651121121
-8587880265650950834
-8587880265650783156
-8587880265650622797
-8587880265650448194
-8587880265650297830
-8587880265650123163
-8587880265649959768
-8587880265649796209
-8587880265649625669
-8587880265649455078
-8587880265649290782
-8587880265649129522
-8587880265648958885
-8587880265648798674
-8587880265648635714
-8587880265648465366
-8587880265648301006
-8587880265648134706
-8587880265647978689
-8587880265647807928
-8587880265647647303
-8587880265647477552
-8587880265647311517
-8587880265647141295
-8587880265646973737
-8587880265646813268
-8587880265646645516
-8587880265646474492
-8587880265646311492
-8587880265646151302
-8587880265645981315
-8587880265645820172
-8587880265645653885
-8587880265645489622
-8587880265645318931
-8587880265645157873
-8587880265644987261
-8587880265644830369
-8587880265644653782
-8587880265644493738
-8587880265644321508
-8587880265644156032
-8587880265643995701
-8587880265643830786
-8587880265643660714
-8587880265643490543
-8587880265643330271
-8587880265643160100
-8587880265642989903
-8587880265642829905
-8587880265642669620
-8587880265642509279
-8587880265642340664
-8587880265642163993
-8587880265642012418
-8587880265641841437
-8587880265641679522
-8587880265641509561
-8587880265641340746
-8587880265641180267
-8587880265641019414
-8587880265640848854
-8587880265640687931
-8587880265640509509
-8587880265640339123
-8587880265640186528
-8587880265640020164
-8587880265639849642
-8587880265639688876
-8587880265639516810
-8587880265639354751
-8587880265639191978
-8587880265639026244
-8587880265638854175
-8587880265638687665
-8587880265638527290
-8587880265638357250
-8587880265638196131
-8587880265638035370
-8587880265637862818
-8587880265637700951
-8587880265637530577
-8587880265637367582
-8587880265637207000
-8587880265637030209
-8587880265636863314
-8587880265636711946
-8587880265636531601
-8587880265636371378
-8587880265636200572
-8587880265636040123
-8587880265635873190
-8587880265635718041
-8587880265635548072
-8587880265635381139
-8587880265635211093
-8587880265635046085
-8587880265634885214
-8587880265634716761
-8587880265634547887
-8587880265634377652
-8587880265634217178
-8587880265634046367
-8587880265633885273
-8587880265633724466
-8587880265633563877
-8587880265633387149
-8587880265633227044
-8587880265633064647
-8587880265632894248
-8587880265632733098
-8587880265632563032
-8587880265632402757
-8587880265632222697
-8587880265632062548
-8587880265631902394
-8587880265631732225
-8587880265631571858
-8587880265631405714
-8587880265631235445
-8587880265631075243
-8587880265630905035
-8587880265630744554
-8587880265630572890
-8587880265630417774
-8587880265630249512
-8587880265630078468
-8587880265629908210
-8587880265629743739
-8587880265629583391
-8587880265629413102
-8587880265629251854
-8587880265629082712
-8587880265628913237
-8587880265628753267
-8587880265628591071
-8587880265628420538
-8587880265628258456
-8587880265628087594
-8587880265627931559
-8587880265627761196
-8587880265627600391
-8587880265627431293
-8587880265627260921
-8587880265627090381
-8587880265626919240
-8587880265626760714
-8587880265626607564
-8587880265626429380
-8587880265626268473
-8587880265626102472
-8587880265625939320
-8587880265625771788
-8587880265625611460
-8587880265625441240
-8587880265625279079
-8587880265625108721
-8587880265624941345
-8587880265624771222
-8587880265624611135
-8587880265624441250
-8587880265624245901
-8587880265624054697
-8587880265623894540
-8587880265623724379
-8587880265623514182
-8587880265623413635
-8587880265623253061
-8587880265623085227
-8587880265622912363
-8587880265622753199
-8587880265622589715
-8587880265622422889
-8587880265622255557
-8587880265622085388
-8587880265621928073
-8587880265621757607
-8587880265621592308
-8587880265621422142
-8587880265621262069
-8587880265621091901
-8587880265620941774
-8587880265620781620
-8587880265620611472
-8587880265620451302
-8587880265620281139
-8587880265620111016
-8587880265619950601
-8587880265619784746
-8587880265619624307
-8587880265619447774
-8587880265619287715
-8587880265619116914
-8587880265618960439
-8587880265618790039
-8587880265618626588
-8587880265618456422
-8587880265618286258
-8587880265618126104
-8587880265617955940
-8587880265617795789
-8587880265617625625
-8587880265617455462
-8587880265617295307
-8587880265617135153
-8587880265616964990
-8587880265616794826
-8587880265616634672
-8587880265616464508
-8587880265616304354
-8587880265616134191
-8587880265615964027
-8587880265615803873
-8587880265615633709
-8587880265615473555
-8587880265615303391
-8587880265615143237
-8587880265614973074
-8587880265614812917
-8587880265614644269
-8587880265614483357
-8587880265614322632
-8587880265614152287
-8587880265613991623
-8587880265613813360
-8587880265613658520
-8587880265613487934
-8587880265613330937
-8587880265613153313
-8587880265612986324
-8587880265612834567
-8587880265612663904
-8587880265612495122
-8587880265612334308
-8587880265612158837
-8587880265611988571
-8587880265611830985
-8587880265611669438
-8587880265611499200
-8587880265611338496
-8587880265611172943
-8587880265611012604
-8587880265610842267
-8587880265610672008
-8587880265610497234
-8587880265610346462
-8587880265610172999
-8587880265610002863
-8587880265609842824
-8587880265609672645
-8587880265609512391
-8587880265609342177
-8587880265609182040
-8587880265609021316
-8587880265608853415
-8587880265608688156
-8587880265608517376
-8587880265608353248
-8587880265608192664
-8587880265608021157
-8587880265607860936
-8587880265607693993
-8587880265607523522
-8587880265607361235
-8587880265607199430
-8587880265607028772
-8587880265606864445
-8587880265606693452
-8587880265606533396
-8587880265606365933
-8587880265606195662
-8587880265606033477
-8587880265605863375
-8587880265605709084
-8587880265605538695
-8587880265605368308
-8587880265605198275
-8587880265605045105
-8587880265604874844
-8587880265604702235
-8587880265604541572
-8587880265604378225
-8587880265604209623
-8587880265604038597
-8587880265603878230
-8587880265603712874
-8587880265603551361
-8587880265603383299
-8587880265603222633
-8587880265603057743
-8587880265602887459
-8587880265602726824
-8587880265602546904
-8587880265602395392
-8587880265602227551
-8587880265602056603
-8587880265601886171
-8587880265601725595
-8587880265601555546
-8587880265601403259
-8587880265601225047
-8587880265601064222
-8587880265600893682
-8587880265600734705
-8587880265600564281
-8587880265600409712
-8587880265600239091
-8587880265600068643
-8587880265599906305
-8587880265599735527
-8587880265599577687
-8587880265599416189
-8587880265599174622
-8587880265599014217
-8587880265598814272
-8587880265598724024
-8587880265598554030
-8587880265598413898
-8587880265598243637
-8587880265598083580
-8587880265597913414
-8587880265597753262
-8587880265597583001
-8587880265597422839
-8587880265597252975
-8587880265597082074
-8587880265596924217
-8587880265596762992
-8587880265596593018
-8587880265596432718
-8587880265596261769
-8587880265596101018
-8587880265595932395
-8587880265595761909
-8587880265595601571
-8587880265595434710
-8587880265595271525
-8587880265595090814
-8587880265594938288
-8587880265594727728
-8587880265594566647
-8587880265594385859
-8587880265594215007
-8587880265594064970
-8587880265593904081
-8587880265593732704
-8587880265593602579
-8587880265593432108
-8587880265593271634
-8587880265593100572
-8587880265592939791
-8587880265592773764
-8587880265592609844
-8587880265592433641
-8587880265592273198
-8587880265592103096
-8587880265591944158
-8587880265591773856
-8587880265591614413
-8587880265591440958
-8587880265591281313
-8587880265591116845
-8587880265590951976
-8587880265590776595
-8587880265590614388
-8587880265590453962
-8587880265590203842
-8587880265590113755
-8587880265589957641
-8587880265589784059
-8587880265589617393
-8587880265589453788
-8587880265589294169
-8587880265589123293
-8587880265588963946
-8587880265588793639
-8587880265588632737
-8587880265588457315
-8587880265588292461
-8587880265588132363
-8587880265587963459
-8587880265587804767
-8587880265587634506
-8587880265587464217
-8587880265587304116
-8587880265587153967
-8587880265586973719
-8587880265586823647
-8587880265586653585
-8587880265586483327
-8587880265586321340
-8587880265586153688
-8587880265585990828
-8587880265585831234
-8587880265585661644
-8587880265585477728
-8587880265585317146
-8587880265585146432
-8587880265584986708
-8587880265584816263
-8587880265584645651
-8587880265584475892
-8587880265584321068
-8587880265584151048
-8587880265583990543
-8587880265583820313
-8587880265583661295
-8587880265583487924
-8587880265583331144
-8587880265583164421
-8587880265582999900
-8587880265582829249
-8587880265582664377
-8587880265582497823
-8587880265582328822
-8587880265582164226
-8587880265582003691
-8587880265581833368
-8587880265581672725
-8587880265581502178
-8587880265581341353
-8587880265581171046
-8587880265581004476
-8587880265580843959
-8587880265580675902
-8587880265580508134
-8587880265580347650
-8587880265580177072
-8587880265580017419
-8587880265579845461
-8587880265579685837
-8587880265579511347
-8587880265579351170
-8587880265579181421
-8587880265579020875
-8587880265578849964
-8587880265578690340
-8587880265578523456
-8587880265578352501
-8587880265578191717
-8587880265578021164
-8587880265577861059
-8587880265577650690
-8587880265577480432
-8587880265577350174
-8587880265577185900
-8587880265577015043
-8587880265576854945
-8587880265576684331
-8587880265576544171
-8587880265576374145
-8587880265576203846
-8587880265576043827
-8587880265575873666
-8587880265575713510
-8587880265575553238
-8587880265575383192
-8587880265575218584
-8587880265575058378
-8587880265574888102
-8587880265574722982
-8587880265574552127
-8587880265574394246
-8587880265574223980
-8587880265574065994
-8587880265573895830
-8587880265573725040
-8587880265573564350
-8587880265573403600
-8587880265573233173
-8587880265573069189
-8587880265572898956
-8587880265572737350
-8587880265572567304
-8587880265572407775
-8587880265572237775
-8587880265572076979
-8587880265571910563
-8587880265571740115
-8587880265571579410
-8587880265571415898
-8587880265571245690
-8587880265571078466
-8587880265570907703
-8587880265570745299
-8587880265570585047
-8587880265570414781
-8587880265570253237
-8587880265570082587
-8587880265569922059
-8587880265569751112
-8587880265569586527
-8587880265569426019
-8587880265569252904
-8587880265569082328
-8587880265568922911
-8587880265568752947
-8587880265568592742
-8587880265568422320
-8587880265568260535
-8587880265568088720
-8587880265567929677
-8587880265567762312
-8587880265567601978
-8587880265567431889
-8587880265567251618
-8587880265567091413
-8587880265566925174
-8587880265566764918
-8587880265566594244
-8587880265566434093
-8587880265566263932
-8587880265566103107
-8587880265565932869
-8587880265565772712
-8587880265565604715
-8587880265565441606
-8587880265565274166
-8587880265565103534
-8587880265564933470
-8587880265564783229
-8587880265564623054
-8587880265564452888
-8587880265564282847
-8587880265564112566
-8587880265563952529
-8587880265563782192
-8587880265563622030
-8587880265563454321
-8587880265563293768
-8587880265563123901
-8587880265562963809
-8587880265562799446
-8587880265562629147
-8587880265562453535
-8587880265562302979
-8587880265562132774
-8587880265561962672
-8587880265561802070
-8587880265561632185
-8587880265561472141
-8587880265561301527
-8587880265561130657
-8587880265560970226
-8587880265560800700
-8587880265560640203
-8587880265560475182
-8587880265560309849
-8587880265560144363
-8587880265559954167
-8587880265559791332
-8587880265559629517
-8587880265559458501
-8587880265559288483
-8587880265559127561
-8587880265558967415
-8587880265558793780
-8587880265558624561
-8587880265558471487
-8587880265558301232
-8587880265558132663
-8587880265557972089
-8587880265557801736
-8587880265557634572
-8587880265557476648
-8587880265557305896
-8587880265557137693
-8587880265556977708
-8587880265556807309
-8587880265556643811
-8587880265556473264
-8587880265556311604
-8587880265556140816
-8587880265555971215
-8587880265555820628
-8587880265555649609
-8587880265555479425
-8587880265555319271
-8587880265555149220
-8587880265554988943
-8587880265554821276
-8587880265554658075
-8587880265554487809
-8587880265554327698
-8587880265554156618
-8587880265553996441
-8587880265553826262
-8587880265553681537
-8587880265553511297
-8587880265553351225
-8587880265553180943
-8587880265553010887
-8587880265552850736
-8587880265552680572
-8587880265552524580
-8587880265552357450
-8587880265552187182
-8587880265552027757
-8587880265551859322
-8587880265551688661
-8587880265551531231
-8587880265551361216
-8587880265551200593
-8587880265551037682
-8587880265550866699
-8587880265550696589
-8587880265550535760
-8587880265550364848
-8587880265550203939
-8587880265550033443
-8587880265549878649
-8587880265549697823
-8587880265549537372
-8587880265549366650
-8587880265549210346
-8587880265549051344
-8587880265548871130
-8587880265548716170
-8587880265548545653
-8587880265548375062
-8587880265548206639
-8587880265548046104
-8587880265547889444
-8587880265547718830
-8587880265547559523
-8587880265547388776
-8587880265547228397
-8587880265547057979
-8587880265546896763
-8587880265546729272
-8587880265546558473
-8587880265546394751
-8587880265546228168
-8587880265546060767
-8587880265545890708
-8587880265545737274
-8587880265545571478
-8587880265545399115
-8587880265545228040
-8587880265545067976
-8587880265544896417
-8587880265544745003
-8587880265544564105
-8587880265544413077
-8587880265544242676
-8587880265544079985
-8587880265543909823
-8587880265543741283
-8587880265543580788
-8587880265543410627
-8587880265543239934
-8587880265543072898
-8587880265542912637
-8587880265542756294
-8587880265542586146
-8587880265542415967
-8587880265542245906
-8587880265542075745
-8587880265541915591
-8587880265541745342
-8587880265541587953
-8587880265541427192
-8587880265541256189
-8587880265541096030
-8587880265540926737
-8587880265540766012
-8587880265540590664
-8587880265540436708
-8587880265540266355
-8587880265540098457
-8587880265539927868
-8587880265539763746
-8587880265539604114
-8587880265539433630
-8587880265539263472
-8587880265539103722
-8587880265538933802
-8587880265538773253
-8587880265538603000
-8587880265538449180
-8587880265538278064
-8587880265538113941
-8587880265537943832
-8587880265537773522
-8587880265537613509
-8587880265537452863
-8587880265537282016
-8587880265537117579
-8587880265536953219
-8587880265536782710
-8587880265536624120
-8587880265536452563
-8587880265536252765
-8587880265536082077
-8587880265535941089
-8587880265535776650
-8587880265535606263
-8587880265535445628
-8587880265535275923
-8587880265535116406
-8587880265534947750
-8587880265534787898
-8587880265534613114
-8587880265534453011
-8587880265534287138
-8587880265534116721
-8587880265533956129
-8587880265533785330
-8587880265533625273
-8587880265533454539
-8587880265533296418
-8587880265533125642
-8587880265532960061
-8587880265532793028
-8587880265532633460
-8587880265532463025
-8587880265532293053
-8587880265532134863
-8587880265531967799
-8587880265531798237
-8587880265531638421
-8587880265531448254
-8587880265531308016
-8587880265531147957
-8587880265530977793
-8587880265530817639
-8587880265530647476
-8587880265530487334
-8587880265530317030
-8587880265530156581
-8587880265529991791
-8587880265529821331
-8587880265529664302
-8587880265529494520
-8587880265529334934
-8587880265529164538
-8587880265528998158
-8587880265528837528
-8587880265528658143
-8587880265528509079
-8587880265528337169
-8587880265528171823
-8587880265528001657
-8587880265527831414
-8587880265527671119
-8587880265527501071
-8587880265527340489
-8587880265527170822
-8587880265527011200
-8587880265526841503
-8587880265526681397
-8587880265526508149
-8587880265526347490
-8587880265526181036
-8587880265526013141
-8587880265525845540
-8587880265525688155
-8587880265525522989
-8587880265525360531
-8587880265525192236
-8587880265525021867
-8587880265524862077
-8587880265524691765
-8587880265524521368
-8587880265524356094
-8587880265524185388
-8587880265524025525
-8587880265523865023
-8587880265523694112
-8587880265523527886
-8587880265523355705
-8587880265523206241
-8587880265523031631
-8587880265522821042
-8587880265522660883
-8587880265522520802
-8587880265522359852
-8587880265522189790
-8587880265522027020
-8587880265521866185
-8587880265521699649
-8587880265521528909
-8587880265521368706
-8587880265521199370
-8587880265521028210
-8587880265520868171
-8587880265520704679
-8587880265520534487
-8587880265520374000
-8587880265520203857
-8587880265520033693
-8587880265519873434
-8587880265519703271
-8587880265519553111
-8587880265519392985
-8587880265519222796
-8587880265519052747
-8587880265518892499
-8587880265518721800
-8587880265518552972
-8587880265518402708
-8587880265518231991
-8587880265518070368
-8587880265517899136
-8587880265517738411
-8587880265517567905
-8587880265517407666
