-8587877696173946987
Blob78:-1.880289,1.899443,-11.14963,0,0,0,1,1,1,1
Blob27:0.1594013,2.568237,-13.86012,0,0,0,1,1,1,1
Blob46:0.2369554,3.873338,-11.90608,0,0,0,1,1,1,1
-8587877696171885622
-8587877696171284913
-8587877696170901489
-8587877696170551160
-8587877696170180805
-8587877696169810449
-8587877696169390036
-8587877696169019691
-8587877696168649335
-8587877696168298999
-8587877696167958673
-8587877696167598327
-8587877696167207952
-8587877696166847606
-8587877696166495622
-8587877696166155303
-8587877696165804923
-8587877696165454630
-8587877696165054226
-8587877696164663866
-8587877696164323545
-8587877696163973214
-8587877696163632795
-8587877696163292563
-8587877696162938966
-8587877696162612576
-8587877696162272239
-8587877696161901610
-8587877696161571408
-8587877696161241088
-8587877696160880748
-8587877696160510374
-8587877696160069959
-8587877696159749662
-8587877696159409328
-8587877696159079016
-8587877696158708656
-8587877696158378321
-8587877696158208104
-8587877696157857847
-8587877696157497501
-8587877696157157175
-8587877696156826858
-8587877696156439143
-8587877696156108828
-8587877696155778509
-8587877696155448192
-8587877696155117875
-8587877696154787561
-8587877696154416435
-8587877696154086274
-8587877696153741122
-8587877696153410805
-8587877696153040447
-8587877696152690108
-8587877696152329647
-8587877696151979270
-8587877696151648953
-8587877696151318702
-8587877696150988360
-8587877696150658045
-8587877696150287713
-8587877696149957373
-8587877696149627079
-8587877696149296693
-8587877696148966417
-8587877696148636082
-8587877696148295802
-8587877696147975474
-8587877696147645154
-8587877696147314837
-8587877696146984502
-8587877696146644186
-8587877696146303988
-8587877696145963653
-8587877696145633344
-8587877696145292854
-8587877696144972710
-8587877696144630010
-8587877696144259650
-8587877696143909319
-8587877696143558983
-8587877696143228666
-8587877696142888377
-8587877696142548053
-8587877696142217731
-8587877696141847376
-8587877696141507049
-8587877696141176735
-8587877696140832438
-8587877696140483968
-8587877696140133591
-8587877696139753379
-8587877696139372853
-8587877696139032560
-8587877696138874306
-8587877696138523967
-8587877696138173633
-8587877696137833304
-8587877696137476627
-8587877696137176290
-8587877696136886014
-8587877696136595715
-8587877696136295447
-8587877696136005143
-8587877696135664983
-8587877696135344671
-8587877696135054274
-8587877696134723937
-8587877696134443629
-8587877696134277503
-8587877696133987133
-8587877696133686839
-8587877696133376544
-8587877696133076246
-8587877696132926281
-8587877696132625990
-8587877696132330750
-8587877696132030414
-8587877696131730194
-8587877696131434261
-8587877696131278380
-8587877696130988094
-8587877696130687805
-8587877696130387379
-8587877696130097244
-8587877696129936962
-8587877696129646750
-8587877696129346462
-8587877696129046166
-8587877696128764661
-8587877696128394113
-8587877696128033857
-8587877696127733666
-8587877696127433378
-8587877696127280080
-8587877696126969777
-8587877696126679401
-8587877696126389207
-8587877696126098944
-8587877696125938852
-8587877696125648133
-8587877696125347855
-8587877696125057559
-8587877696124747281
-8587877696124577105
-8587877696124266810
-8587877696123976542
-8587877696123696258
-8587877696123395980
-8587877696123236653
-8587877696122936365
-8587877696122636071
-8587877696122345806
-8587877696122045512
-8587877696121735197
-8587877696121402143
-8587877696121271872
-8587877696120931546
-8587877696120541169
-8587877696120160806
-8587877696119840402
-8587877696119520138
-8587877696119219622
-8587877696118919349
-8587877696118609036
-8587877696118318675
-8587877696118010528
-8587877696117700279
-8587877696117384451
-8587877696117064149
-8587877696116743839
-8587877696116573873
-8587877696116263573
-8587877696115956787
-8587877696115656637
-8587877696115341911
-8587877696115031703
-8587877696114711400
-8587877696114381086
-8587877696114090810
-8587877696113937356
-8587877696113597019
-8587877696113286565
-8587877696112966424
-8587877696112656032
-8587877696112345813
-8587877696112035528
-8587877696111723526
-8587877696111443252
-8587877696111282988
-8587877696110982697
-8587877696110682412
-8587877696110362099
-8587877696110061811
-8587877696109741509
-8587877696109578549
-8587877696109278269
-8587877696108987921
-8587877696108697806
-8587877696108417540
-8587877696108260446
-8587877696107950250
-8587877696107659854
-8587877696107356076
-8587877696107055742
-8587877696106765471
-8587877696106574851
-8587877696106274681
-8587877696105991537
-8587877696105691126
-8587877696105390950
-8587877696105062226
-8587877696104761955
-8587877696104602027
-8587877696104281725
-8587877696103981429
-8587877696103691040
-8587877696103390862
-8587877696103087538
-8587877696102917480
-8587877696102607195
-8587877696102266853
-8587877696101916532
-8587877696101596209
-8587877696101285919
-8587877696100975626
-8587877696100665321
-8587877696100355026
-8587877696100054640
-8587877696099724426
-8587877696099434147
-8587877696099243514
-8587877696098923245
-8587877696098592931
-8587877696098312685
-8587877696098002382
-8587877696097702078
-8587877696097391727
-8587877696097101502
-8587877696096931334
-8587877696096621138
-8587877696096310741
-8587877696096030574
-8587877696095720192
-8587877696095429919
-8587877696095271063
-8587877696094968519
-8587877696094658227
-8587877696094347926
-8587877696094047631
-8587877696093727328
-8587877696093427043
-8587877696093266991
-8587877696092975192
-8587877696092674922
-8587877696092364599
-8587877696092064305
-8587877696091724035
-8587877696091426962
-8587877696091266522
-8587877696090956073
-8587877696090625910
-8587877696090325614
-8587877696090025328
-8587877696089711134
-8587877696089420787
-8587877696089260717
-8587877696088950425
-8587877696088660149
-8587877696088359727
-8587877696088059567
-8587877696087779224
-8587877696087609409
-8587877696087329135
-8587877696087028852
-8587877696086728559
-8587877696086438285
-8587877696086278564
-8587877696085988288
-8587877696085633987
-8587877696085313710
-8587877696085013355
-8587877696084696496
-8587877696084349206
-8587877696084033456
-8587877696083713202
-8587877696083403749
-8587877696083247512
-8587877696082943891
-8587877696082653646
-8587877696082363347
-8587877696082058888
-8587877696081768623
-8587877696081608920
-8587877696081308634
-8587877696081008348
-8587877696080698051
-8587877696080387750
-8587877696080094325
-8587877696079934041
-8587877696079643770
-8587877696079343469
-8587877696079033182
-8587877696078722882
-8587877696078432449
-8587877696078269321
-8587877696077979042
-8587877696077698774
-8587877696077388425
-8587877696077075211
-8587877696076937854
-8587877696076627556
-8587877696076337278
-8587877696076036990
-8587877696075736699
-8587877696075450076
-8587877696075289945
-8587877696074999667
-8587877696074699374
-8587877696074389073
-8587877696074098797
-8587877696073939020
-8587877696073648741
-8587877696073360181
-8587877696073059821
-8587877696072769616
-8587877696072609483
-8587877696072309195
-8587877696072008910
-8587877696071708619
-8587877696071348273
-8587877696070977823
-8587877696070686810
-8587877696070396708
-8587877696070096878
-8587877696069933107
-8587877696069652838
-8587877696069352552
-8587877696069022233
-8587877696068641873
-8587877696068341585
-8587877696068021277
-8587877696067730999
-8587877696067450727
-8587877696067291334
-8587877696067001053
-8587877696066700767
-8587877696066389870
-8587877696066099738
-8587877696065940780
-8587877696065640425
-8587877696065350208
-8587877696065050721
-8587877696064735219
-8587877696064444909
-8587877696064284899
-8587877696063974594
-8587877696063664951
-8587877696063344649
-8587877696063034351
-8587877696062714044
-8587877696062413743
-8587877696062258919
-8587877696061948629
-8587877696061638334
-8587877696061348055
-8587877696061027651
-8587877696060727457
-8587877696060427172
-8587877696060272630
-8587877696059972093
-8587877696059681989
-8587877696059378897
-8587877696059058595
-8587877696058778321
-8587877696058618131
-8587877696058297809
-8587877696057877423
-8587877696057567125
-8587877696057256828
-8587877696056966547
-8587877696056666261
-8587877696056365965
-8587877696056057943
-8587877696055767514
-8587877696055612058
-8587877696055321776
-8587877696054991447
-8587877696054701176
-8587877696054390865
-8587877696054100597
-8587877696053939829
-8587877696053639446
-8587877696053358742
-8587877696053058290
-8587877696052739559
-8587877696052440216
-8587877696052289532
-8587877696051989244
-8587877696051688794
-8587877696051388611
-8587877696051098373
-8587877696050941212
-8587877696050630822
-8587877696050330519
-8587877696050030182
-8587877696049739950
-8587877696049572413
-8587877696049282134
-8587877696048994019
-8587877696048663694
-8587877696048363404
-8587877696048063121
-8587877696047733733
-8587877696047573646
-8587877696047267726
-8587877696046977442
-8587877696046677159
-8587877696046386878
-8587877696046086592
-8587877696045926426
-8587877696045616044
-8587877696045335856
-8587877696045035584
-8587877696044735239
-8587877696044575019
-8587877696044274731
-8587877696043984455
-8587877696043694174
-8587877696043403895
-8587877696043239123
-8587877696042928823
-8587877696042638294
-8587877696042338010
-8587877696042037722
-8587877696041736981
-8587877696041446557
-8587877696041286385
-8587877696041006113
-8587877696040705828
-8587877696040385518
-8587877696040064094
-8587877696039773647
-8587877696039617902
-8587877696039317606
-8587877696039037339
-8587877696038736956
-8587877696038572507
-8587877696038272211
-8587877696037971931
-8587877696037681650
-8587877696037391366
-8587877696037092668
-8587877696036932038
-8587877696036631652
-8587877696036341469
-8587877696036021159
-8587877696035710866
-8587877696035350515
-8587877696034960138
-8587877696034659852
-8587877696034359472
-8587877696034049264
-8587877696033729317
-8587877696033377704
-8587877696033047382
-8587877696032727074
-8587877696032426786
-8587877696032266953
-8587877696031966667
-8587877696031666379
-8587877696031365970
-8587877696031055793
-8587877696030765486
-8587877696030605327
-8587877696030317337
-8587877696030030231
-8587877696029739978
-8587877696029575551
-8587877696029261155
-8587877696028980973
-8587877696028690697
-8587877696028400419
-8587877696028229749
-8587877696027929409
-8587877696027629170
-8587877696027328879
-8587877696027018676
-8587877696026708266
-8587877696026408085
-8587877696026217815
-8587877696025897447
-8587877696025585500
-8587877696025265185
-8587877696024964910
-8587877696024664624
-8587877696024354321
-8587877696024053920
-8587877696023733718
-8587877696023393381
-8587877696023063085
-8587877696022732758
-8587877696022412294
-8587877696022257314
-8587877696021934746
-8587877696021614306
-8587877696021284127
-8587877696020973822
-8587877696020663534
-8587877696020318167
-8587877696020007867
-8587877696019667545
-8587877696019337226
-8587877696018996902
-8587877696018646563
-8587877696018293139
-8587877696017962802
-8587877696017652622
-8587877696017342201
-8587877696017032026
-8587877696016721729
-8587877696016381300
-8587877696016050983
-8587877696015720668
-8587877696015390451
-8587877696015060126
-8587877696014719708
-8587877696014409415
-8587877696014248655
-8587877696013946362
-8587877696013644115
-8587877696013343807
-8587877696013023497
-8587877696012713199
-8587877696012362976
-8587877696012022652
-8587877696011692335
-8587877696011382027
-8587877696011061730
-8587877696010691254
-8587877696010390205
-8587877696010101898
-8587877696009931704
-8587877696009565887
-8587877696009265697
-8587877696008975277
-8587877696008685160
-8587877696008384867
-8587877696008094414
-8587877696007929273
-8587877696007618978
-8587877696007308681
-8587877696007008390
-8587877696006698092
-8587877696006391788
-8587877696006061494
-8587877696005731185
-8587877696005420785
-8587877696005270589
-8587877696004970355
-8587877696004660075
-8587877696004359723
-8587877696004069442
-8587877696003900494
-8587877696003550066
-8587877696003249932
-8587877696002959650
-8587877696002659462
-8587877696002359054
-8587877696002058707
-8587877696001748580
-8587877696001587823
-8587877696001277509
-8587877696000967227
-8587877696000656929
-8587877696000356641
-8587877696000046338
-8587877695999726010
-8587877695999385697
-8587877695999080268
-8587877695998916738
-8587877695998585622
-8587877695998275317
-8587877695997985048
-8587877695997684763
-8587877695997358933
-8587877695997048659
-8587877695996746916
-8587877695996586747
-8587877695996266532
-8587877695995926200
-8587877695995615905
-8587877695995285586
-8587877695994975198
-8587877695994664990
-8587877695994344578
-8587877695994044395
-8587877695993724085
-8587877695993423804
-8587877695993263646
-8587877695992953353
-8587877695992643055
-8587877695992342649
-8587877695992012350
-8587877695991712157
-8587877695991371835
-8587877695991031409
-8587877695990703378
-8587877695990403064
-8587877695990239708
-8587877695989929408
-8587877695989619097
-8587877695989288790
-8587877695988948466
-8587877695988638071
-8587877695988337880
-8587877695987977309
-8587877695987667117
-8587877695987356819
-8587877695987048060
-8587877695986707636
-8587877695986377293
-8587877695986057009
-8587877695985746808
-8587877695985586166
-8587877695985265851
-8587877695984953083
-8587877695984642826
-8587877695984332528
-8587877695984022233
-8587877695983701918
-8587877695983371601
-8587877695983051319
-8587877695982721079
-8587877695982380634
-8587877695982090333
-8587877695981920134
-8587877695981599832
-8587877695981289416
-8587877695980971088
-8587877695980670799
-8587877695980340482
-8587877695979997491
-8587877695979656998
-8587877695979266785
-8587877695978966502
-8587877695978626165
-8587877695978295848
-8587877695977965546
-8587877695977645229
-8587877695977334938
-8587877695977024633
-8587877695976644278
-8587877695976313954
-8587877695975983644
-8587877695975663337
-8587877695975323005
-8587877695974992686
-8587877695974672368
-8587877695974341951
-8587877695974011629
-8587877695973651404
-8587877695973331096
-8587877695973010779
-8587877695972675518
-8587877695972355068
-8587877695972024779
-8587877695971684562
-8587877695971304077
-8587877695970983775
-8587877695970654328
-8587877695970324022
-8587877695970003722
-8587877695969683409
-8587877695969333045
-8587877695969017714
-8587877695968687374
-8587877695968357075
-8587877695968006737
-8587877695967656408
-8587877695967306059
-8587877695966965745
-8587877695966615407
-8587877695966275075
-8587877695965944748
-8587877695965614441
-8587877695965274109
-8587877695964953810
-8587877695964623495
-8587877695964293058
-8587877695963962746
-8587877695963632534
-8587877695963262191
-8587877695962931862
-8587877695962578195
-8587877695962247868
-8587877695961899482
-8587877695961559158
-8587877695961218829
-8587877695960862259
-8587877695960511821
-8587877695960171545
-8587877695959831334
-8587877695959500858
-8587877695959170582
-8587877695958800347
-8587877695958453523
-8587877695958123217
-8587877695957782793
-8587877695957452414
-8587877695957122254
-8587877695956761918
-8587877695956421412
-8587877695956061061
-8587877695955700721
-8587877695955330363
-8587877695954980014
-8587877695954627025
-8587877695954286865
-8587877695953956428
-8587877695953616104
-8587877695953285902
-8587877695952945463
-8587877695952605198
-8587877695952254798
-8587877695951914404
-8587877695951584198
-8587877695951233931
-8587877695950883443
-8587877695950533266
-8587877695950202946
-8587877695949862617
-8587877695949532182
-8587877695949201817
-8587877695948851527
-8587877695948491294
-8587877695948160969
-8587877695947830649
-8587877695947500187
-8587877695947110045
-8587877695946779654
-8587877695946409373
-8587877695946079056
-8587877695945738632
-8587877695945408294
-8587877695945068083
-8587877695944707722
-8587877695944347297
-8587877695943997042
-8587877695943656634
-8587877695943316305
-8587877695942985962
-8587877695942655725
-8587877695942315444
-8587877695941995132
-8587877695941654810
-8587877695941324491
-8587877695940974006
-8587877695940633733
-8587877695940283489
-8587877695939953052
-8587877695939611855
-8587877695939281540
-8587877695938911026
-8587877695938580707
-8587877695938260561
-8587877695937930126
-8587877695937609621
-8587877695937269472
-8587877695936949182
-8587877695936639005
-8587877695936328543
-8587877695935978340
-8587877695935668073
-8587877695935347758
-8587877695935018721
-8587877695934708428
-8587877695934378111
-8587877695934037787
-8587877695933687441
-8587877695933337115
-8587877695933016808
-8587877695932686493
-8587877695932366183
-8587877695932044097
-8587877695931713798
-8587877695931323899
-8587877695931013599
-8587877695930693297
-8587877695930372992
-8587877695930042670
-8587877695929701829
-8587877695929351492
-8587877695929011158
-8587877695928690940
-8587877695928380643
-8587877695928060330
-8587877695927720004
-8587877695927409724
-8587877695927248897
-8587877695926938604
-8587877695926608285
-8587877695926281549
-8587877695925971146
-8587877695925650957
-8587877695925340562
-8587877695925017382
-8587877695924697059
-8587877695924386861
-8587877695924046386
-8587877695923716085
-8587877695923345778
-8587877695923015448
-8587877695922675070
-8587877695922354766
-8587877695922014600
-8587877695921684286
-8587877695921373809
-8587877695921041733
-8587877695920714053
-8587877695920353700
-8587877695920013381
-8587877695919682967
-8587877695919372679
-8587877695919048532
-8587877695918698308
-8587877695918367879
-8587877695918057699
-8587877695917737391
-8587877695917577235
-8587877695917271369
-8587877695916950972
-8587877695916640771
-8587877695916320453
-8587877695916020076
-8587877695915709873
-8587877695915379469
-8587877695915049152
-8587877695914718827
-8587877695914398522
-8587877695914238376
-8587877695913928076
-8587877695913605646
-8587877695913305263
-8587877695912985038
-8587877695912670025
-8587877695912359614
-8587877695912029313
-8587877695911719018
-8587877695911418658
-8587877695911248663
-8587877695910918180
-8587877695910598039
-8587877695910267719
-8587877695909927393
-8587877695909596938
-8587877695909286783
-8587877695908976317
-8587877695908595995
-8587877695908265642
-8587877695907955383
-8587877695907625125
-8587877695907262240
-8587877695906931961
-8587877695906591627
-8587877695906261312
-8587877695905941000
-8587877695905600673
-8587877695905290378
-8587877695904970078
-8587877695904649768
-8587877695904309434
-8587877695903995478
-8587877695903665202
-8587877695903334998
-8587877695903012663
-8587877695902682510
-8587877695902362200
-8587877695902031770
-8587877695901661438
-8587877695901301177
-8587877695900960850
-8587877695900610519
-8587877695900280189
-8587877695899929858
-8587877695899579519
-8587877695899229027
-8587877695898888867
-8587877695898548428
-8587877695898218134
-8587877695897889768
-8587877695897549444
-8587877695897189052
-8587877695896858765
-8587877695896528454
-8587877695896208144
-8587877695895867822
-8587877695895537503
-8587877695895187166
-8587877695894836825
-8587877695894486497
-8587877695894159718
-8587877695893819399
-8587877695893489074
-8587877695893098587
-8587877695892778382
-8587877695892448078
-8587877695892117763
-8587877695891797453
-8587877695891467139
-8587877695891076764
-8587877695890756457
-8587877695890436147
-8587877695890095826
-8587877695889775516
-8587877695889455137
-8587877695889094855
-8587877695888774555
-8587877695888434224
-8587877695888093902
-8587877695887763585
-8587877695887443278
-8587877695887122973
-8587877695886802666
-8587877695886492360
-8587877695886182067
-8587877695885871770
-8587877695885571484
-8587877695885241167
-8587877695884914370
-8587877695884594024
-8587877695884283778
-8587877695883973598
-8587877695883663203
-8587877695883302857
-8587877695882982547
-8587877695882672231
-8587877695882351896
-8587877695882030070
-8587877695881712423
-8587877695881412107
-8587877695881253451
-8587877695880933243
-8587877695880612938
-8587877695880282621
-8587877695879982325
-8587877695879672017
-8587877695879351723
-8587877695879041430
-8587877695878711108
-8587877695878350762
-8587877695878040470
-8587877695877714075
-8587877695877373884
-8587877695877053574
-8587877695876713086
-8587877695876362796
-8587877695876052498
-8587877695875692257
-8587877695875371868
-8587877695875051535
-8587877695874701199
-8587877695874363599
-8587877695874043302
-8587877695873722989
-8587877695873412684
-8587877695873252533
-8587877695872922226
-8587877695872591893
-8587877695872251567
-8587877695871921183
-8587877695871600784
-8587877695871300665
-8587877695870980360
-8587877695870670060
-8587877695870349752
-8587877695870019433
-8587877695869701457
-8587877695869371258
-8587877695869050856
-8587877695868720514
-8587877695868350120
-8587877695868029971
-8587877695867687412
-8587877695867387122
-8587877695867056797
-8587877695866726488
-8587877695866419520
-8587877695866249337
-8587877695865909033
-8587877695865568842
-8587877695865228362
-8587877695864918226
-8587877695864607915
-8587877695864297620
-8587877695863997329
-8587877695863677029
-8587877695863346712
-8587877695863016395
-8587877695862695999
-8587877695862365774
-8587877695862045469
-8587877695861725154
-8587877695861414749
-8587877695861245622
-8587877695860885271
-8587877695860564964
-8587877695860259174
-8587877695859928755
-8587877695859609221
-8587877695859288890
-8587877695858955389
-8587877695858635191
-8587877695858324789
-8587877695857994472
-8587877695857664157
-8587877695857313834
-8587877695856963485
-8587877695856623271
-8587877695856302964
-8587877695855982646
-8587877695855642327
-8587877695855301862
-8587877695854971689
-8587877695854651381
-8587877695854310937
-8587877695853980594
-8587877695853670325
-8587877695853309976
-8587877695852989666
-8587877695852679323
-8587877695852369074
-8587877695852058791
-8587877695851717169
-8587877695851416878
-8587877695851256845
-8587877695850939730
-8587877695850631882
-8587877695850336353
-8587877695850026040
-8587877695849705730
-8587877695849385430
-8587877695849065026
-8587877695848768089
-8587877695848605349
-8587877695848295146
-8587877695847984731
-8587877695847664539
-8587877695847344234
-8587877695847023926
-8587877695846724824
-8587877695846434548
-8587877695846230820
-8587877695845910492
-8587877695845590292
-8587877695845290004
-8587877695844969543
-8587877695844669322
-8587877695844359009
-8587877695844038699
-8587877695843718338
-8587877695843368160
-8587877695843037856
-8587877695842717538
-8587877695842377214
-8587877695842056904
-8587877695841726598
-8587877695841561964
-8587877695841241659
-8587877695840931359
-8587877695840592072
-8587877695840291737
-8587877695839981388
-8587877695839661150
-8587877695839350835
-8587877695839025597
-8587877695838651424
-8587877695838351123
-8587877695838050848
-8587877695837720513
-8587877695837400226
-8587877695837099930
-8587877695836929772
-8587877695836629481
-8587877695836319186
-8587877695836018896
-8587877695835698588
-8587877695835388270
-8587877695835047841
-8587877695834717642
-8587877695834377287
-8587877695834036989
-8587877695833726688
-8587877695833436410
-8587877695833276179
-8587877695832975891
-8587877695832655484
-8587877695832345186
-8587877695832024979
-8587877695831714673
-8587877695831374349
-8587877695831024018
-8587877695830713713
-8587877695830374876
-8587877695830054587
-8587877695829764275
-8587877695829594196
-8587877695829283898
-8587877695828983513
-8587877695828683317
-8587877695828363015
-8587877695828052709
-8587877695827727438
-8587877695827417143
-8587877695827252870
-8587877695826942570
-8587877695826652294
-8587877695826331984
-8587877695826021665
-8587877695825701381
-8587877695825381074
-8587877695825050749
-8587877695824730424
-8587877695824420252
-8587877695824249748
-8587877695823949460
-8587877695823611611
-8587877695823311195
-8587877695823011058
-8587877695822700737
-8587877695822380432
-8587877695822050110
-8587877695821719793
-8587877695821419510
-8587877695821249444
-8587877695820929144
-8587877695820608840
-8587877695820308416
-8587877695819988239
-8587877695819677795
-8587877695819357524
-8587877695819047185
-8587877695818727039
-8587877695818416644
-8587877695818257105
-8587877695817946807
-8587877695817626500
-8587877695817320782
-8587877695817020593
-8587877695816710221
-8587877695816379881
-8587877695816040804
-8587877695815730517
-8587877695815400200
-8587877695815079890
-8587877695814906455
-8587877695814596072
-8587877695814285869
-8587877695813985489
-8587877695813675271
-8587877695813344872
-8587877695813024523
-8587877695812714251
-8587877695812384032
-8587877695812063724
-8587877695811763431
-8587877695811603369
-8587877695811283505
-8587877695810973097
-8587877695810672812
-8587877695810362632
-8587877695810052213
-8587877695809731860
-8587877695809421496
-8587877695809251568
-8587877695808901137
-8587877695808600854
-8587877695808290528
-8587877695807990194
-8587877695807689952
-8587877695807386277
-8587877695807066018
-8587877695806904561
-8587877695806604276
-8587877695806293978
-8587877695806013709
-8587877695805703414
-8587877695805383106
-8587877695805062799
-8587877695804722470
-8587877695804412085
-8587877695804251883
-8587877695803941585
-8587877695803631290
-8587877695803320903
-8587877695803010694
-8587877695802690256
-8587877695802360067
-8587877695802059774
-8587877695801759504
-8587877695801599716
-8587877695801241147
-8587877695800910823
-8587877695800590474
-8587877695800270310
-8587877695799948728
-8587877695799658457
-8587877695799348162
-8587877695799027742
-8587877695798727415
-8587877695798367210
-8587877695798046821
-8587877695797726603
-8587877695797426203
-8587877695797266909
-8587877695796956606
-8587877695796646313
-8587877695796323730
-8587877695796013507
-8587877695795693202
-8587877695795372800
-8587877695795052490
-8587877695794722155
-8587877695794401958
-8587877695794251289
-8587877695793890825
-8587877695793580645
-8587877695793260335
-8587877695792950035
-8587877695792639737
-8587877695792314592
-8587877695791992039
-8587877695791681721
-8587877695791361431
-8587877695791041127
-8587877695790711414
-8587877695790401070
-8587877695790241561
-8587877695789911247
-8587877695789590935
-8587877695789270625
-8587877695788960322
-8587877695788639925
-8587877695788319704
-8587877695788019427
-8587877695787703246
-8587877695787372783
-8587877695787042612
-8587877695786722305
-8587877695786422011
-8587877695786261732
-8587877695785924022
-8587877695785599091
-8587877695785298795
-8587877695784998505
-8587877695784688279
-8587877695784377930
-8587877695784047636
-8587877695783747432
-8587877695783591336
-8587877695783281036
-8587877695782980747
-8587877695782670470
-8587877695782360316
-8587877695782050018
-8587877695781759737
-8587877695781596644
-8587877695781166060
-8587877695780817487
-8587877695780517087
-8587877695780206763
-8587877695779896448
-8587877695779596321
-8587877695779276013
-8587877695778975723
-8587877695778675317
-8587877695778365019
-8587877695778024713
-8587877695777724614
-8587877695777424275
-8587877695777264162
-8587877695776967924
-8587877695776652114
-8587877695776351821
-8587877695776041518
-8587877695775731226
-8587877695775430940
-8587877695775270779
-8587877695774970493
-8587877695774680217
-8587877695774379934
-8587877695774059619
-8587877695773769343
-8587877695773609246
-8587877695773308955
-8587877695773008669
-8587877695772708381
-8587877695772415491
-8587877695772254828
-8587877695771954550
-8587877695771659439
-8587877695771369150
-8587877695771061745
-8587877695770731420
-8587877695770441037
-8587877695770282022
-8587877695769991739
-8587877695769691453
-8587877695769391165
-8587877695769100886
-8587877695768950816
-8587877695768640519
-8587877695768360250
-8587877695768059956
-8587877695767759673
-8587877695767609194
-8587877695767308890
-8587877695767018614
-8587877695766730246
-8587877695766409946
-8587877695766241756
-8587877695765931446
-8587877695765631073
-8587877695765320870
-8587877695765010572
-8587877695764670246
-8587877695764339932
-8587877695764029634
-8587877695763729338
-8587877695763389019
-8587877695763077562
-8587877695762917495
-8587877695762613369
-8587877695762283057
-8587877695761992776
-8587877695761672469
-8587877695761362174
-8587877695761061881
-8587877695760761441
-8587877695760601267
-8587877695760300982
-8587877695759989834
-8587877695759689543
-8587877695759389258
-8587877695759088969
-8587877695758938825
-8587877695758638524
-8587877695758328237
-8587877695758017939
-8587877695757687504
-8587877695757387239
-8587877695757057020
-8587877695756766731
-8587877695756607012
-8587877695756306624
-8587877695755972769
-8587877695755662469
-8587877695755352054
-8587877695755021852
-8587877695754691420
-8587877695754381122
-8587877695754050923
-8587877695753690559
-8587877695753360260
-8587877695753039947
-8587877695752729655
-8587877695752419357
-8587877695752259884
-8587877695751946701
-8587877695751646411
-8587877695751336126
-8587877695751025728
-8587877695750715523
-8587877695750375204
-8587877695750064896
-8587877695749764610
-8587877695749604183
-8587877695749283860
-8587877695748963568
-8587877695748663139
-8587877695748352856
-8587877695748032677
-8587877695747726194
-8587877695747405889
-8587877695747240976
-8587877695746920674
-8587877695746600367
-8587877695746320098
-8587877695746019809
-8587877695745739420
-8587877695745439186
-8587877695745280079
-8587877695744979788
-8587877695744679503
-8587877695744371036
-8587877695744060725
-8587877695743770459
-8587877695743620471
-8587877695743330193
-8587877695743039914
-8587877695742739626
-8587877695742449345
-8587877695742289189
-8587877695741988890
-8587877695741698486
-8587877695741398339
-8587877695741077865
-8587877695740948872
-8587877695740648584
-8587877695740350728
-8587877695740050442
-8587877695739760005
-8587877695739599915
-8587877695739309593
-8587877695739019337
-8587877695738729059
-8587877695738428888
-8587877695738268530
-8587877695737958232
-8587877695737667859
-8587877695737357653
-8587877695737067362
-8587877695736777096
-8587877695736616815
-8587877695736316649
-8587877695736006352
-8587877695735716073
-8587877695735415785
-8587877695735255337
-8587877695734954916
-8587877695734654622
-8587877695734364492
-8587877695734064204
-8587877695733713860
-8587877695733413580
-8587877695733252302
-8587877695732952014
-8587877695732661697
-8587877695732361450
-8587877695732073025
-8587877695731902659
-8587877695731592356
-8587877695731281997
-8587877695730991777
-8587877695730691656
-8587877695730391342
-8587877695730110922
-8587877695729950866
-8587877695729650575
-8587877695729342095
-8587877695729052103
-8587877695728731790
-8587877695728571452
-8587877695728271259
-8587877695727970971
-8587877695727670583
-8587877695727370389
-8587877695727050855
-8587877695726730540
-8587877695726407678
-8587877695726277550
-8587877695725982915
-8587877695725682511
-8587877695725392343
-8587877695725111798
-8587877695724951657
-8587877695724611164
-8587877695724210946
-8587877695723900487
-8587877695723610211
-8587877695723319825
-8587877695723029451
-8587877695722719251
-8587877695722438977
-8587877695722278485
-8587877695721948163
-8587877695721547779
-8587877695721247493
-8587877695720957215
-8587877695720646917
-8587877695720360737
-8587877695720040409
-8587877695719730109
-8587877695719439810
-8587877695719279825
-8587877695718959513
-8587877695718670821
-8587877695718350642
-8587877695718050269
-8587877695717730054
-8587877695717429769
-8587877695717279258
-8587877695716978970
-8587877695716688689
-8587877695716386758
-8587877695716076508
-8587877695715916188
-8587877695715513370
-8587877695715193070
-8587877695714882642
-8587877695714585827
-8587877695714285560
-8587877695713975270
-8587877695713684983
-8587877695713394697
-8587877695713104431
-8587877695712944273
-8587877695712643964
-8587877695712343689
-8587877695712033304
-8587877695711713091
-8587877695711344909
-8587877695711034609
-8587877695710734180
-8587877695710434035
-8587877695710273684
-8587877695709963666
-8587877695709663385
-8587877695709343126
-8587877695709022773
-8587877695708732474
-8587877695708422337
-8587877695708272191
-8587877695707951773
-8587877695707631581
-8587877695707341139
-8587877695707030905
-8587877695706730719
-8587877695706430334
-8587877695706267723
-8587877695705947420
-8587877695705637123
-8587877695705336834
-8587877695705031344
-8587877695704721047
-8587877695704420756
-8587877695704260625
-8587877695703950327
-8587877695703619990
-8587877695703309662
-8587877695703009402
-8587877695702709203
-8587877695702378745
-8587877695702076993
-8587877695701918823
-8587877695701618537
-8587877695701308232
-8587877695701007946
-8587877695700707661
-8587877695700387351
-8587877695700057034
-8587877695699756746
-8587877695699606602
-8587877695699296307
-8587877695698986009
-8587877695698675708
-8587877695698365406
-8587877695698055115
-8587877695697714789
-8587877695697384467
-8587877695697054145
-8587877695696713708
-8587877695696403531
-8587877695696248267
-8587877695695908048
-8587877695695577628
-8587877695695277440
-8587877695694977049
-8587877695694646753
-8587877695694346431
-8587877695694046151
-8587877695693725959
-8587877695693425560
-8587877695693265430
-8587877695692955106
-8587877695692624741
-8587877695692314494
-8587877695692024157
-8587877695691729270
-8587877695691428980
-8587877695691274248
-8587877695690973965
-8587877695690663539
-8587877695690343355
-8587877695690033057
-8587877695689722762
-8587877695689422474
-8587877695689262317
-8587877695688942013
-8587877695688641724
-8587877695688314229
-8587877695688013933
-8587877695687713670
-8587877695687403395
-8587877695687248623
-8587877695686928321
-8587877695686628145
-8587877695686287821
-8587877695685957386
-8587877695685617014
-8587877695685276843
-8587877695684976548
-8587877695684666147
-8587877695684355862
-8587877695684025791
-8587877695683725600
-8587877695683405293
-8587877695683253815
-8587877695682932763
-8587877695682622345
-8587877695682312167
-8587877695681991860
-8587877695681681560
-8587877695681371264
-8587877695681050957
-8587877695680688238
-8587877695680367946
-8587877695680057648
-8587877695679727342
-8587877695679426951
-8587877695679265850
-8587877695678945545
-8587877695678635240
-8587877695678324947
-8587877695678024687
-8587877695677696575
-8587877695677376265
-8587877695677058051
-8587877695676757666
-8587877695676602896
-8587877695676287317
-8587877695675987029
-8587877695675666724
-8587877695675356421
-8587877695675026101
-8587877695674715809
-8587877695674385489
-8587877695674025146
-8587877695673704841
-8587877695673364504
-8587877695673013590
-8587877695672713304
-8587877695672382132
-8587877695672051813
-8587877695671731508
-8587877695671571352
-8587877695671231022
-8587877695670920727
-8587877695670610432
-8587877695670290125
-8587877695669969815
-8587877695669669529
-8587877695669359229
-8587877695669028909
-8587877695668728624
-8587877695668418323
-8587877695668254110
-8587877695667923800
-8587877695667602538
-8587877695667302234
-8587877695666981894
-8587877695666681585
-8587877695666378161
-8587877695666057987
-8587877695665758815
-8587877695665550587
-8587877695665230182
-8587877695664919979
-8587877695664599534
-8587877695664289218
-8587877695663979063
-8587877695663668781
-8587877695663358481
-8587877695663058187
-8587877695662727868
-8587877695662427582
-8587877695662258533
-8587877695661958247
-8587877695661647826
-8587877695661337646
-8587877695661027354
-8587877695660697016
-8587877695660376729
-8587877695660056412
-8587877695659756121
-8587877695659595778
-8587877695659285483
-8587877695658975185
-8587877695658644866
-8587877695658344577
-8587877695658014263
-8587877695657683943
-8587877695657373648
-8587877695657053338
-8587877695656752889
-8587877695656590969
-8587877695656270654
-8587877695655970276
-8587877695655670083
-8587877695655349657
-8587877695655039380
-8587877695654729169
-8587877695654398860
-8587877695654236804
-8587877695653926496
-8587877695653616204
-8587877695653315954
-8587877695653005690
-8587877695652675462
-8587877695652345145
-8587877695652034837
-8587877695651724406
-8587877695651424085
-8587877695651254385
-8587877695650904046
-8587877695650583739
-8587877695650230215
-8587877695649903163
-8587877695649592875
-8587877695649282572
-8587877695648982166
-8587877695648682003
-8587877695648381713
-8587877695648041381
-8587877695647731086
-8587877695647421733
-8587877695647261589
-8587877695646942145
-8587877695646621743
