-8587877603588805629
Blob72:0.8763269,3.569351,-10.98566,0,0,0,1,1,1,1
Blob89:-1.954556,2.737419,-10.93019,0,0,0,1,1,1,1
Blob7:-0.806449,3.805123,-13.99928,0,0,0,1,1,1,1
-8587877603586748794
-8587877603586568626
-8587877603586378431
-8587877603586228374
-8587877603586058004
-8587877603585898349
-8587877603585732277
-8587877603585561919
-8587877603585392104
-8587877603585231863
-8587877603585061828
-8587877603584901905
-8587877603584731191
-8587877603584490968
-8587877603584230660
-8587877603583985358
-8587877603583730761
-8587877603583570607
-8587877603583330297
-8587877603583150078
-8587877603582889957
-8587877603582649726
-8587877603582469553
-8587877603582219313
-8587877603581969076
-8587877603581728835
-8587877603581558191
-8587877603581308066
-8587877603581067833
-8587877603580901957
-8587877603580631714
-8587877603580201231
-8587877603579880929
-8587877603579620680
-8587877603579370355
-8587877603579200274
-8587877603578950034
-8587877603578709785
-8587877603578542389
-8587877603578313251
-8587877603578153203
-8587877603577892725
-8587877603577662504
-8587877603577495257
-8587877603577274956
-8587877603577034805
-8587877603576874552
-8587877603576635394
-8587877603576405168
-8587877603576234551
-8587877603576004282
-8587877603575844105
-8587877603575603952
-8587877603575373820
-8587877603575203777
-8587877603574981508
-8587877603574821295
-8587877603574460845
-8587877603574190568
-8587877603573950470
-8587877603573698950
-8587877603573538768
-8587877603573298512
-8587877603573078316
-8587877603572911870
-8587877603572681734
-8587877603572518882
-8587877603572288669
-8587877603572048438
-8587877603571878178
-8587877603571627917
-8587877603571377790
-8587877603571217526
-8587877603570977403
-8587877603570737178
-8587877603570582777
-8587877603570352553
-8587877603570181985
-8587877603569941842
-8587877603569701612
-8587877603569544609
-8587877603569294451
-8587877603568924103
-8587877603568653714
-8587877603568493514
-8587877603568253399
-8587877603568003159
-8587877603567842480
-8587877603567612264
-8587877603567372039
-8587877603567201996
-8587877603566971778
-8587877603566731550
-8587877603566571299
-8587877603566330974
-8587877603566170938
-8587877603565930700
-8587877603565690469
-8587877603565530311
-8587877603565290088
-8587877603565049850
-8587877603564889586
-8587877603564659388
-8587877603564489389
-8587877603564249156
-8587877603564007379
-8587877603563846829
-8587877603563606716
-8587877603563376480
-8587877603563206222
-8587877603562975847
-8587877603562725763
-8587877603562565963
-8587877603562335678
-8587877603562172271
-8587877603561942042
-8587877603561701812
-8587877603561542390
-8587877603561302132
-8587877603561071924
-8587877603560901970
-8587877603560671742
-8587877603560501573
-8587877603560271352
-8587877603560041139
-8587877603559870886
-8587877603559630746
-8587877603559410527
-8587877603559230287
-8587877603559007286
-8587877603558836825
-8587877603558596646
-8587877603558356370
-8587877603558195975
-8587877603557955732
-8587877603557725503
-8587877603557567690
-8587877603557327475
-8587877603557171322
-8587877603556923194
-8587877603556693112
-8587877603556524505
-8587877603556284231
-8587877603556036482
-8587877603555873484
-8587877603555653539
-8587877603555483102
-8587877603555240751
-8587877603555007392
-8587877603554841914
-8587877603554601581
-8587877603554361453
-8587877603554201463
-8587877603553961225
-8587877603553718411
-8587877603553554121
-8587877603553313883
-8587877603553146315
-8587877603552901981
-8587877603552661610
-8587877603552503932
-8587877603552189292
-8587877603551862715
-8587877603551545519
-8587877603551295391
-8587877603551025129
-8587877603550864410
-8587877603550604158
-8587877603550363927
-8587877603550193457
-8587877603549943096
-8587877603549692838
-8587877603549525609
-8587877603549275366
-8587877603549005107
-8587877603548844956
-8587877603548594713
-8587877603548344481
-8587877603548174307
-8587877603547924078
-8587877603547673838
-8587877603547503388
-8587877603547253048
-8587877603547002907
-8587877603546832120
-8587877603546581890
-8587877603546331647
-8587877603546171386
-8587877603545901132
-8587877603545650892
-8587877603545490802
-8587877603545230552
-8587877603544990171
-8587877603544825801
-8587877603544565544
-8587877603544315311
-8587877603544162722
-8587877603543902468
-8587877603543652235
-8587877603543481959
-8587877603543221705
-8587877603542821320
-8587877603542552533
-8587877603542302291
-8587877603542051948
-8587877603541894733
-8587877603541644591
-8587877603541484342
-8587877603541224187
-8587877603540973945
-8587877603540723707
-8587877603540553549
-8587877603540303294
-8587877603540053064
-8587877603539896374
-8587877603539636127
-8587877603539375872
-8587877603539185628
-8587877603538935503
-8587877603538685102
-8587877603538525982
-8587877603538275747
-8587877603538025507
-8587877603537865349
-8587877603537625123
-8587877603537364876
-8587877603537194705
-8587877603536944465
-8587877603536694064
-8587877603536533570
-8587877603536293337
-8587877603536033095
-8587877603535862604
-8587877603535612336
-8587877603535352129
-8587877603535191185
-8587877603534940950
-8587877603534690707
-8587877603534523301
-8587877603534283081
-8587877603534032831
-8587877603533852737
-8587877603533392303
-8587877603532931887
-8587877603532671640
-8587877603532467692
-8587877603532217465
-8587877603531977232
-8587877603531727755
-8587877603531567660
-8587877603531317420
-8587877603531157182
-8587877603530906942
-8587877603530668959
-8587877603530496553
-8587877603530250447
-8587877603529990200
-8587877603529820027
-8587877603529569802
-8587877603529324736
-8587877603529159752
-8587877603528900459
-8587877603528660226
-8587877603528499881
-8587877603528249733
-8587877603527999357
-8587877603527829440
-8587877603527561233
-8587877603527280790
-8587877603526991905
-8587877603526828602
-8587877603526548484
-8587877603526238184
-8587877603525957913
-8587877603525687653
-8587877603525517490
-8587877603525247239
-8587877603524966972
-8587877603524666689
-8587877603524496311
-8587877603524216047
-8587877603523923618
-8587877603523653403
-8587877603523496009
-8587877603523205735
-8587877603522935473
-8587877603522655207
-8587877603522485192
-8587877603522194914
-8587877603521914486
-8587877603521644294
-8587877603521474755
-8587877603521186581
-8587877603520906135
-8587877603520616077
-8587877603520321534
-8587877603520164567
-8587877603519874263
-8587877603519583956
-8587877603519319042
-8587877603519123540
-8587877603518843371
-8587877603518552980
-8587877603518272827
-8587877603518002467
-8587877603517832040
-8587877603517551779
-8587877603517271510
-8587877603517001254
-8587877603516830986
-8587877603516560619
-8587877603516270376
-8587877603515990220
-8587877603515825264
-8587877603515555004
-8587877603515274738
-8587877603514994472
-8587877603514834313
-8587877603514564049
-8587877603514293802
-8587877603513973482
-8587877603513703233
-8587877603513537957
-8587877603513267700
-8587877603512997438
-8587877603512827152
-8587877603512552185
-8587877603512281967
-8587877603511951760
-8587877603511681362
-8587877603511516404
-8587877603511246150
-8587877603510965788
-8587877603510685612
-8587877603510527829
-8587877603510247565
-8587877603509957292
-8587877603509687027
-8587877603509515735
-8587877603509245568
-8587877603508965296
-8587877603508685030
-8587877603508524526
-8587877603508244254
-8587877603507953978
-8587877603507683711
-8587877603507527654
-8587877603507247380
-8587877603506967114
-8587877603506686642
-8587877603506526427
-8587877603506256160
-8587877603505965882
-8587877603505672447
-8587877603505501925
-8587877603505192588
-8587877603504902394
-8587877603504622025
-8587877603504331846
-8587877603504162013
-8587877603503884814
-8587877603503594530
-8587877603503304239
-8587877603503023980
-8587877603502863829
-8587877603502583571
-8587877603502303299
-8587877603502032958
-8587877603501862662
-8587877603501592400
-8587877603501292112
-8587877603501021850
-8587877603500861732
-8587877603500591463
-8587877603500321203
-8587877603500160735
-8587877603499870446
-8587877603499600187
-8587877603499329892
-8587877603499163620
-8587877603498893360
-8587877603498603036
-8587877603498332843
-8587877603498132526
-8587877603497852195
-8587877603497571929
-8587877603497291650
-8587877603496994124
-8587877603496824562
-8587877603496544286
-8587877603496263994
-8587877603495983748
-8587877603495823410
-8587877603495543098
-8587877603495272979
-8587877603494972335
-8587877603494702181
-8587877603494531941
-8587877603494271784
-8587877603494001360
-8587877603493831497
-8587877603493562753
-8587877603493272475
-8587877603492992206
-8587877603492831857
-8587877603492561590
-8587877603492281316
-8587877603491991038
-8587877603491830866
-8587877603491550623
-8587877603491270349
-8587877603490960059
-8587877603490649447
-8587877603490486390
-8587877603490206129
-8587877603489925845
-8587877603489655498
-8587877603489485425
-8587877603489205153
-8587877603488924895
-8587877603488624606
-8587877603488355530
-8587877603488188218
-8587877603487918261
-8587877603487648002
-8587877603487477066
-8587877603487196922
-8587877603486916653
-8587877603486616365
-8587877603486326087
-8587877603486165570
-8587877603485885296
-8587877603485615131
-8587877603485324720
-8587877603485164074
-8587877603484883803
-8587877603484603626
-8587877603484323204
-8587877603484133177
-8587877603483853134
-8587877603483572804
-8587877603483302606
-8587877603483027306
-8587877603482866886
-8587877603482596788
-8587877603482286488
-8587877603481996209
-8587877603481835403
-8587877603481565264
-8587877603481284995
-8587877603480994716
-8587877603480828196
-8587877603480547986
-8587877603480257815
-8587877603479987415
-8587877603479817385
-8587877603479536963
-8587877603479266772
-8587877603479006451
-8587877603478836352
-8587877603478566005
-8587877603478285831
-8587877603477975531
-8587877603477705277
-8587877603477538081
-8587877603477268579
-8587877603476968317
-8587877603476687999
-8587877603476527684
-8587877603476257494
-8587877603475967213
-8587877603475696905
-8587877603475533150
-8587877603475252901
-8587877603474972714
-8587877603474702458
-8587877603474536982
-8587877603474266717
-8587877603474000662
-8587877603473830422
-8587877603473557482
-8587877603473277123
-8587877603472995380
-8587877603472824910
-8587877603472544738
-8587877603472254344
-8587877603471964066
-8587877603471663893
-8587877603471493446
-8587877603471223179
-8587877603470942907
-8587877603470662638
-8587877603470492588
-8587877603470183941
-8587877603469913685
-8587877603469623409
-8587877603469323121
-8587877603469162952
-8587877603468882685
-8587877603468602414
-8587877603468332155
-8587877603468161994
-8587877603467881738
-8587877603467599534
-8587877603467329274
-8587877603467159170
-8587877603466878904
-8587877603466608644
-8587877603466328375
-8587877603466168030
-8587877603465897241
-8587877603465616946
-8587877603465296775
-8587877603465026323
-8587877603464865990
-8587877603464595828
-8587877603464315560
-8587877603464145358
-8587877603463858443
-8587877603463584239
-8587877603463287174
-8587877603462966867
-8587877603462686460
-8587877603462530952
-8587877603462260888
-8587877603461980568
-8587877603461816408
-8587877603461546153
-8587877603461265882
-8587877603460985608
-8587877603460824740
-8587877603460542352
-8587877603460262083
-8587877603459991826
-8587877603459826296
-8587877603459556014
-8587877603459275743
-8587877603458987202
-8587877603458820144
-8587877603458539822
-8587877603458259599
-8587877603457979315
-8587877603457699061
-8587877603457538918
-8587877603457268659
-8587877603456948351
-8587877603456658073
-8587877603456488232
-8587877603456217978
-8587877603455897663
-8587877603455617261
-8587877603455322316
-8587877603455161896
-8587877603454870560
-8587877603454589997
-8587877603454319919
-8587877603454149377
-8587877603453869113
-8587877603453588845
-8587877603453318588
-8587877603453158644
-8587877603452858356
-8587877603452598099
-8587877603452327842
-8587877603452159688
-8587877603451879414
-8587877603451599151
-8587877603451328886
-8587877603451169964
-8587877603450879685
-8587877603450579395
-8587877603450299123
-8587877603450018852
-8587877603449859005
-8587877603449578650
-8587877603449298481
-8587877603448998144
-8587877603448860480
-8587877603448590226
-8587877603448289935
-8587877603448029580
-8587877603447859522
-8587877603447587363
-8587877603447315018
-8587877603447156666
-8587877603446876390
-8587877603446596167
-8587877603446316003
-8587877603446145855
-8587877603445865468
-8587877603445585317
-8587877603445305038
-8587877603445024774
-8587877603444855269
-8587877603444585010
-8587877603444314669
-8587877603444144592
-8587877603443864329
-8587877603443593977
-8587877603443313801
-8587877603443153693
-8587877603442863417
-8587877603442589110
-8587877603442298986
-8587877603441948619
-8587877603441688364
-8587877603441517576
-8587877603441247325
-8587877603440967056
-8587877603440696791
-8587877603440537270
-8587877603440267018
-8587877603439966728
-8587877603439696471
-8587877603439536328
-8587877603439266071
-8587877603438995812
-8587877603438826194
-8587877603438545920
-8587877603438265541
-8587877603437965332
-8587877603437695078
-8587877603437530111
-8587877603437259829
-8587877603436971169
-8587877603436690902
-8587877603436530488
-8587877603436260369
-8587877603435958734
-8587877603435678458
-8587877603435518233
-8587877603435237974
-8587877603434937686
-8587877603434657409
-8587877603434487241
-8587877603434206982
-8587877603433926713
-8587877603433656454
-8587877603433491831
-8587877603433208966
-8587877603432938753
-8587877603432658476
-8587877603432487074
-8587877603432206818
-8587877603431936551
-8587877603431626246
-8587877603431366006
-8587877603431195374
-8587877603430915200
-8587877603430644941
-8587877603430371344
-8587877603430201193
-8587877603429935378
-8587877603429645100
-8587877603429474826
-8587877603429194555
-8587877603428914294
-8587877603428624018
-8587877603428363768
-8587877603428165836
-8587877603427895575
-8587877603427615306
-8587877603427325027
-8587877603427164733
-8587877603426884466
-8587877603426604057
-8587877603426335144
-8587877603426164523
-8587877603425864324
-8587877603425463848
-8587877603425073394
-8587877603424613129
-8587877603424332768
-8587877603424163496
-8587877603423719005
-8587877603423438736
-8587877603423158337
-8587877603422888072
-8587877603422607804
-8587877603422327542
-8587877603422167268
-8587877603421886838
-8587877603421616640
-8587877603421306443
-8587877603421036086
-8587877603420871780
-8587877603420601521
-8587877603420290819
-8587877603419998282
-8587877603419830203
-8587877603419550413
-8587877603419255096
-8587877603418964746
-8587877603418694510
-8587877603418526625
-8587877603418256361
-8587877603417966080
-8587877603417705825
-8587877603417535700
-8587877603417265336
-8587877603416960437
-8587877603416690290
-8587877603416529599
-8587877603416249328
-8587877603415969059
-8587877603415698805
-8587877603415528319
-8587877603415248050
-8587877603414957774
-8587877603414687515
-8587877603414527359
-8587877603414246980
-8587877603413966821
-8587877603413696567
-8587877603413495852
-8587877603413225588
-8587877603412935312
-8587877603412657135
-8587877603412487315
-8587877603412197036
-8587877603411916770
-8587877603411626476
-8587877603411326203
-8587877603411166050
-8587877603410885781
-8587877603410609526
-8587877603410329150
-8587877603410169109
-8587877603409898752
-8587877603409618481
-8587877603409318154
-8587877603409164467
-8587877603408884203
-8587877603408593917
-8587877603408313515
-8587877603408153940
-8587877603407876638
-8587877603407596152
-8587877603407337249
-8587877603407169807
-8587877603406889535
-8587877603406619189
-8587877603406269152
-8587877603405998893
-8587877603405828471
-8587877603405548156
-8587877603405277912
-8587877603404997695
-8587877603404837334
-8587877603404566941
-8587877603404286634
-8587877603403996333
-8587877603403826292
-8587877603403556041
-8587877603403275759
-8587877603402995109
-8587877603402834400
-8587877603402564135
-8587877603402273862
-8587877603401993590
-8587877603401830585
-8587877603401560328
-8587877603401280064
-8587877603400999793
-8587877603400829154
-8587877603400538873
-8587877603400258604
-8587877603399968323
-8587877603399698066
-8587877603399537756
-8587877603399267538
-8587877603398997276
-8587877603398834429
-8587877603398564162
-8587877603398283896
-8587877603397983616
-8587877603397813271
-8587877603397532979
-8587877603397252840
-8587877603396972566
-8587877603396702312
-8587877603396531993
-8587877603396261731
-8587877603395951423
-8587877603395681171
-8587877603395518806
-8587877603395238378
-8587877603394958273
-8587877603394657967
-8587877603394487819
-8587877603394199215
-8587877603393908775
-8587877603393628670
-8587877603393358411
-8587877603393191540
-8587877603392921278
-8587877603392651027
-8587877603392450909
-8587877603392170637
-8587877603391890361
-8587877603391610100
-8587877603391329774
-8587877603391169204
-8587877603390888927
-8587877603390618665
-8587877603390328389
-8587877603390166638
-8587877603389886362
-8587877603389602391
-8587877603389332122
-8587877603389161956
-8587877603388881689
-8587877603388621442
-8587877603388331164
-8587877603388161006
-8587877603387878778
-8587877603387595509
-8587877603387315225
-8587877603387132784
-8587877603386672342
-8587877603386232084
-8587877603385921783
-8587877603385521271
-8587877603385222189
-8587877603384942048
-8587877603384621613
-8587877603384331327
-8587877603384167387
-8587877603383887120
-8587877603383613295
-8587877603383333029
-8587877603383162988
-8587877603382882727
-8587877603382602602
-8587877603382332340
-8587877603382162079
-8587877603381881810
-8587877603381611551
-8587877603381331287
-8587877603381171653
-8587877603380851341
-8587877603380440953
-8587877603380148915
-8587877603379868803
-8587877603379598536
-8587877603379328123
-8587877603379167649
-8587877603378887375
-8587877603378608253
-8587877603378327833
-8587877603378158958
-8587877603377878694
-8587877603377568383
-8587877603377288081
-8587877603376997831
-8587877603376837695
-8587877603376517373
-8587877603376237119
-8587877603375966847
-8587877603375696585
-8587877603375536447
-8587877603375266177
-8587877603374995921
-8587877603374825763
-8587877603374555498
-8587877603374285236
-8587877603373981055
-8587877603373699232
-8587877603373539070
-8587877603373268727
-8587877603372978543
-8587877603372815719
-8587877603372535333
-8587877603372257186
-8587877603371956898
-8587877603371526493
-8587877603371256233
-8587877603370965950
-8587877603370695690
-8587877603370526743
-8587877603370226545
-8587877603369949952
-8587877603369649646
-8587877603369479416
-8587877603369199142
-8587877603368908869
-8587877603368618575
-8587877603368208192
-8587877603367917921
-8587877603367627102
-8587877603367346951
-8587877603367194129
-8587877603366913863
-8587877603366613565
-8587877603366313190
Blob72:0.8763269,3.569351,-10.98566,0,0,0,1,1,1,1
Blob89:-1.954556,2.737419,-10.93019,0,0,0,1,1,1,1
Blob7:-0.7902226,3.747806,-13.99457,0,0,0,1,1,1,1
-8587877603366163135
Blob72:0.8763269,3.569351,-10.98566,0,0,0,1,1,1,1
Blob89:-1.954556,2.737419,-10.93019,0,0,0,1,1,1,1
Blob7:-0.7969664,3.687334,-13.9754,0,0,0,1,1,1,1
-8587877603365862857
-8587877603365542547
Blob72:0.8763269,3.569351,-10.98566,0,0,0,1,1,1,1
Blob89:-1.954556,2.737419,-10.93019,0,0,0,1,1,1,1
Blob7:-0.8016924,3.638613,-13.94289,0,0,0,1,1,1,1
-8587877603365262268
Blob72:0.8763269,3.569351,-10.98566,0,0,0,1,1,1,1
Blob89:-1.954556,2.737419,-10.93019,0,0,0,1,1,1,1
Blob7:-0.8087227,3.597162,-13.93276,0,0,0,1,1,1,1
-8587877603364981966
Blob72:0.8763269,3.569351,-10.98566,0,0,0,1,1,1,1
Blob89:-1.954556,2.737419,-10.93019,0,0,0,1,1,1,1
Blob7:-0.7979458,3.563617,-13.92888,0,0,0,1,1,1,1
-8587877603364681716
Blob72:0.8763269,3.569351,-10.98566,0,0,0,1,1,1,1
Blob89:-1.954556,2.737419,-10.93019,0,0,0,1,1,1,1
Blob7:-0.795183,3.532063,-13.92158,0,0,0,1,1,1,1
-8587877603364511822
-8587877603364231553
Blob72:0.8763269,3.569351,-10.98566,0,0,0,1,1,1,1
Blob89:-1.954556,2.737419,-10.93019,0,0,0,1,1,1,1
Blob7:-0.7964464,3.519448,-13.9267,0,0,0,1,1,1,1
-8587877603363951284
Blob72:0.8763269,3.569351,-10.98566,0,0,0,1,1,1,1
Blob89:-1.954556,2.737419,-10.93019,0,0,0,1,1,1,1
Blob7:-0.7983187,3.4971,-13.93184,0,0,0,1,1,1,1
-8587877603363671013
Blob72:0.8763269,3.569351,-10.98566,0,0,0,1,1,1,1
Blob89:-1.954556,2.737419,-10.93019,0,0,0,1,1,1,1
Blob7:-0.8022401,3.482056,-13.92172,0,0,0,1,1,1,1
-8587877603363520559
-8587877603363250146
Blob72:0.8763269,3.569351,-10.98566,0,0,0,1,1,1,1
Blob89:-1.954556,2.737419,-10.93019,0,0,0,1,1,1,1
Blob7:-0.8114812,3.46253,-13.93247,0,0,0,1,1,1,1
-8587877603362940000
Blob72:0.8763269,3.569351,-10.98566,0,0,0,1,1,1,1
Blob89:-1.954556,2.737419,-10.93019,0,0,0,1,1,1,1
Blob7:-0.8230149,3.441046,-13.93786,0,0,0,1,1,1,1
-8587877603362659672
Blob72:0.8763269,3.569351,-10.98566,0,0,0,1,1,1,1
Blob89:-1.954556,2.737419,-10.93019,0,0,0,1,1,1,1
Blob7:-0.8381748,3.419124,-13.95707,0,0,0,1,1,1,1
-8587877603362501059
-8587877603362216072
Blob72:0.8763269,3.569351,-10.98566,0,0,0,1,1,1,1
Blob89:-1.954556,2.737419,-10.93019,0,0,0,1,1,1,1
Blob7:-0.8541128,3.400245,-13.97206,0,0,0,1,1,1,1
-8587877603361934293
Blob72:0.8763269,3.569351,-10.98566,0,0,0,1,1,1,1
Blob89:-1.954556,2.737419,-10.93019,0,0,0,1,1,1,1
Blob7:-0.8809976,3.370083,-13.99608,0,0,0,1,1,1,1
-8587877603361654086
Blob72:0.8763269,3.569351,-10.98566,0,0,0,1,1,1,1
Blob89:-1.954556,2.737419,-10.93019,0,0,0,1,1,1,1
Blob7:-0.904772,3.334619,-14.0153,0,0,0,1,1,1,1
-8587877603361493827
Blob72:0.8763269,3.569351,-10.98566,0,0,0,1,1,1,1
Blob89:-1.954556,2.737419,-10.93019,0,0,0,1,1,1,1
Blob7:-0.9309412,3.292984,-14.02879,0,0,0,1,1,1,1
-8587877603361203546
-8587877603360913268
Blob72:0.8763269,3.569351,-10.98566,0,0,0,1,1,1,1
Blob89:-1.954556,2.737419,-10.93019,0,0,0,1,1,1,1
Blob7:-0.9628817,3.25638,-14.03986,0,0,0,1,1,1,1
-8587877603360642988
Blob72:0.8763269,3.569351,-10.98566,0,0,0,1,1,1,1
Blob89:-1.954556,2.737419,-10.93019,0,0,0,1,1,1,1
Blob7:-0.9857304,3.193832,-14.04931,0,0,0,1,1,1,1
-8587877603360482038
Blob72:0.8763269,3.569351,-10.98566,0,0,0,1,1,1,1
Blob89:-1.954556,2.737419,-10.93019,0,0,0,1,1,1,1
Blob7:-1.011652,3.127431,-14.03809,0,0,0,1,1,1,1
-8587877603360201774
-8587877603359921505
Blob72:0.8763269,3.569351,-10.98566,0,0,0,1,1,1,1
Blob89:-1.954556,2.737419,-10.93019,0,0,0,1,1,1,1
Blob7:-1.03562,3.051564,-14.01363,0,0,0,1,1,1,1
-8587877603359651249
Blob72:0.8763269,3.569351,-10.98566,0,0,0,1,1,1,1
Blob89:-1.954556,2.737419,-10.93019,0,0,0,1,1,1,1
Blob7:-1.040468,2.985888,-13.99719,0,0,0,1,1,1,1
-8587877603359493117
Blob72:0.8763269,3.569351,-10.98566,0,0,0,1,1,1,1
Blob89:-1.954556,2.737419,-10.93019,0,0,0,1,1,1,1
Blob7:-1.030709,2.954453,-13.98195,0,0,0,1,1,1,1
-8587877603359212843
-8587877603358932439
Blob72:0.8763269,3.569351,-10.98566,0,0,0,1,1,1,1
Blob89:-1.954556,2.737419,-10.93019,0,0,0,1,1,1,1
Blob7:-0.9956852,2.945606,-13.97357,0,0,0,1,1,1,1
-8587877603358662159
Blob72:0.8763269,3.569351,-10.98566,0,0,0,1,1,1,1
Blob89:-1.954556,2.737419,-10.93019,0,0,0,1,1,1,1
Blob7:-0.9474078,2.958465,-13.95618,0,0,0,1,1,1,1
-8587877603358491911
-8587877603358221739
Blob72:0.8763269,3.569351,-10.98566,0,0,0,1,1,1,1
Blob89:-1.954556,2.737419,-10.93019,0,0,0,1,1,1,1
Blob7:-0.8834431,2.984607,-13.94654,0,0,0,1,1,1,1
-8587877603357941322
Blob72:0.8763269,3.569351,-10.98566,0,0,0,1,1,1,1
Blob89:-1.954556,2.737419,-10.93019,0,0,0,1,1,1,1
Blob7:-0.8057027,3.024338,-13.93736,0,0,0,1,1,1,1
-8587877603357661096
Blob72:0.8763269,3.569351,-10.98566,0,0,0,1,1,1,1
Blob89:-1.954556,2.737419,-10.93019,0,0,0,1,1,1,1
Blob7:-0.7266628,3.068538,-13.91465,0,0,0,1,1,1,1
-8587877603357501061
-8587877603357220787
Blob72:0.8763269,3.569351,-10.98566,0,0,0,1,1,1,1
Blob89:-1.954556,2.737419,-10.93019,0,0,0,1,1,1,1
Blob7:-0.6500667,3.107913,-13.89745,0,0,0,1,1,1,1
-8587877603356940520
Blob72:0.8763269,3.569351,-10.98566,0,0,0,1,1,1,1
Blob89:-1.954556,2.737419,-10.93019,0,0,0,1,1,1,1
Blob7:-0.5955661,3.164625,-13.87943,0,0,0,1,1,1,1
-8587877603356660246
Blob72:0.8763269,3.569351,-10.98566,0,0,0,1,1,1,1
Blob89:-1.954556,2.737419,-10.93019,0,0,0,1,1,1,1
Blob7:-0.5763607,3.214034,-13.85445,0,0,0,1,1,1,1
-8587877603356490050
-8587877603356209673
Blob72:0.8763269,3.569351,-10.98566,0,0,0,1,1,1,1
Blob89:-1.954556,2.737419,-10.93019,0,0,0,1,1,1,1
Blob7:-0.5989802,3.245494,-13.81132,0,0,0,1,1,1,1
-8587877603355897028
Blob72:0.8763269,3.569351,-10.98566,0,0,0,1,1,1,1
Blob89:-1.954556,2.737419,-10.93019,0,0,0,1,1,1,1
Blob7:-0.6668329,3.238607,-13.77928,0,0,0,1,1,1,1
-8587877603355616800
Blob72:0.8763269,3.569351,-10.98566,0,0,0,1,1,1,1
Blob89:-1.954556,2.737419,-10.93019,0,0,0,1,1,1,1
Blob7:-0.7835075,3.198507,-13.75445,0,0,0,1,1,1,1
-8587877603355326483
Blob72:0.8763269,3.569351,-10.98566,0,0,0,1,1,1,1
Blob89:-1.954556,2.737419,-10.93019,0,0,0,1,1,1,1
Blob7:-0.9221807,3.117967,-13.73372,0,0,0,1,1,1,1
-8587877603355153845
Blob72:0.8763269,3.569351,-10.98566,0,0,0,1,1,1,1
Blob89:-1.954556,2.737419,-10.93019,0,0,0,1,1,1,1
Blob7:-1.064619,3.015517,-13.72228,0,0,0,1,1,1,1
-8587877603354873699
-8587877603354603439
Blob72:0.8763269,3.569351,-10.98566,0,0,0,1,1,1,1
Blob89:-1.954556,2.737419,-10.93019,0,0,0,1,1,1,1
Blob7:-1.178056,2.89047,-13.71975,0,0,0,1,1,1,1
-8587877603354333172
Blob72:0.8763269,3.569351,-10.98566,0,0,0,1,1,1,1
Blob89:-1.954556,2.737419,-10.93019,0,0,0,1,1,1,1
Blob7:-1.256665,2.773175,-13.73376,0,0,0,1,1,1,1
-8587877603354163017
-8587877603353882748
Blob72:0.8763269,3.569351,-10.98566,0,0,0,1,1,1,1
Blob89:-1.954556,2.737419,-10.93019,0,0,0,1,1,1,1
Blob7:-1.297095,2.672201,-13.74266,0,0,0,1,1,1,1
-8587877603353602477
Blob72:0.8763269,3.569351,-10.98566,0,0,0,1,1,1,1
Blob89:-1.954556,2.737419,-10.93019,0,0,0,1,1,1,1
Blob7:-1.286388,2.594322,-13.74062,0,0,0,1,1,1,1
-8587877603353332217
Blob72:0.8763269,3.569351,-10.98566,0,0,0,1,1,1,1
Blob89:-1.954556,2.737419,-10.93019,0,0,0,1,1,1,1
Blob7:-1.234556,2.54737,-13.73676,0,0,0,1,1,1,1
-8587877603353162126
-8587877603352881624
Blob72:0.8763269,3.569351,-10.98566,0,0,0,1,1,1,1
Blob89:-1.954556,2.737419,-10.93019,0,0,0,1,1,1,1
Blob7:-1.153538,2.545264,-13.71082,0,0,0,1,1,1,1
-8587877603352601204
Blob72:0.8763269,3.569351,-10.98566,0,0,0,1,1,1,1
Blob89:-1.954556,2.737419,-10.93019,0,0,0,1,1,1,1
Blob7:-1.051239,2.57168,-13.69264,0,0,0,1,1,1,1
-8587877603352320917
Blob72:0.8763269,3.569351,-10.98566,0,0,0,1,1,1,1
Blob89:-1.954556,2.737419,-10.93019,0,0,0,1,1,1,1
Blob7:-0.9692374,2.627045,-13.67044,0,0,0,1,1,1,1
-8587877603352160290
Blob72:0.8763269,3.569351,-10.98566,0,0,0,1,1,1,1
Blob89:-1.954556,2.737419,-10.93019,0,0,0,1,1,1,1
Blob7:-0.9188221,2.68388,-13.64325,0,0,0,1,1,1,1
-8587877603351878006
-8587877603351597576
Blob72:0.8763269,3.569351,-10.98566,0,0,0,1,1,1,1
Blob89:-1.954556,2.737419,-10.93019,0,0,0,1,1,1,1
Blob7:-0.8953846,2.732019,-13.62081,0,0,0,1,1,1,1
-8587877603351317325
Blob72:0.8763269,3.569351,-10.98566,0,0,0,1,1,1,1
Blob89:-1.954556,2.737419,-10.93019,0,0,0,1,1,1,1
Blob7:-0.9037088,2.779558,-13.61441,0,0,0,1,1,1,1
-8587877603351157197
Blob72:0.8763269,3.569351,-10.98566,0,0,0,1,1,1,1
Blob89:-1.954556,2.737419,-10.93019,0,0,0,1,1,1,1
Blob7:-0.9268261,2.811458,-13.59741,0,0,0,1,1,1,1
-8587877603350876949
-8587877603350606672
Blob72:0.8763269,3.569351,-10.98566,0,0,0,1,1,1,1
Blob89:-1.954556,2.737419,-10.93019,0,0,0,1,1,1,1
Blob7:-0.9693417,2.849786,-13.60757,0,0,0,1,1,1,1
-8587877603350326362
Blob72:0.8763269,3.569351,-10.98566,0,0,0,1,1,1,1
Blob89:-1.954556,2.737419,-10.93019,0,0,0,1,1,1,1
Blob7:-1.01638,2.879397,-13.58194,0,0,0,1,1,1,1
-8587877603350166385
-8587877603349896131
Blob72:0.8763269,3.569351,-10.98566,0,0,0,1,1,1,1
Blob89:-1.954556,2.737419,-10.93019,0,0,0,1,1,1,1
Blob7:-1.060492,2.904523,-13.5701,0,0,0,1,1,1,1
-8587877603349615764
Blob72:0.8763269,3.569351,-10.98566,0,0,0,1,1,1,1
Blob89:-1.954556,2.737419,-10.93019,0,0,0,1,1,1,1
Blob7:-1.112274,2.945117,-13.54862,0,0,0,1,1,1,1
-8587877603349325583
Blob72:0.8763269,3.569351,-10.98566,0,0,0,1,1,1,1
Blob89:-1.954556,2.737419,-10.93019,0,0,0,1,1,1,1
Blob7:-1.186686,3.060322,-13.48208,0,0,0,1,1,1,1
-8587877603349125250
Blob72:0.8763269,3.569351,-10.98566,0,0,0,1,1,1,1
Blob89:-1.954556,2.737419,-10.93019,0,0,0,1,1,1,1
Blob7:-1.259225,3.281237,-13.41746,0,0,0,1,1,1,1
-8587877603348845033
-8587877603348554795
Blob72:0.8763269,3.569351,-10.98566,0,0,0,1,1,1,1
Blob89:-1.954556,2.737419,-10.93019,0,0,0,1,1,1,1
Blob7:-1.194651,3.330351,-13.32148,0,0,0,1,1,1,1
-8587877603348284631
-8587877603347994214
-8587877603347825541
-8587877603347565309
-8587877603347284945
-8587877603346994856
-8587877603346834726
-8587877603346554462
-8587877603346254171
-8587877603345963893
-8587877603345693634
-8587877603345536862
-8587877603345266595
-8587877603344986328
-8587877603344815960
-8587877603344545650
-8587877603344255420
-8587877603343978587
-8587877603343818551
-8587877603343538290
-8587877603343258021
-8587877603342967742
-8587877603342697483
-8587877603342537322
-8587877603342267062
-8587877603341946760
-8587877603341653067
-8587877603341486014
-8587877603341205753
-8587877603340925387
-8587877603340655225
-8587877603340492818
-8587877603340218532
-8587877603339918098
-8587877603339647977
-8587877603339487153
-8587877603339216089
-8587877603338925808
-8587877603338655549
-8587877603338494950
-8587877603338224786
-8587877603337934507
-8587877603337644006
-8587877603337483778
-8587877603337203514
-8587877603336913141
-8587877603336632962
-8587877603336360637
-8587877603336193494
-8587877603335923089
-8587877603335622960
-8587877603335362710
-8587877603335159945
-8587877603334879679
-8587877603334599418
-8587877603334309239
Blob72:0.8763269,3.569351,-10.98566,0,0,0,1,1,1,1
Blob89:-1.954556,2.737419,-10.93019,0,0,0,1,1,1,1
Blob7:-1.196448,3.291253,-13.34743,0,0,0,1,1,1,1
-8587877603334028983
Blob72:0.8763269,3.569351,-10.98566,0,0,0,1,1,1,1
Blob89:-1.954556,2.737419,-10.93019,0,0,0,1,1,1,1
Blob7:-1.192001,3.248154,-13.34009,0,0,0,1,1,1,1
-8587877603333871502
-8587877603333601245
Blob72:0.8763269,3.569351,-10.98566,0,0,0,1,1,1,1
Blob89:-1.954556,2.737419,-10.93019,0,0,0,1,1,1,1
Blob7:-1.166821,3.214654,-13.3388,0,0,0,1,1,1,1
-8587877603333305414
Blob72:0.8763269,3.569351,-10.98566,0,0,0,1,1,1,1
Blob89:-1.954556,2.737419,-10.93019,0,0,0,1,1,1,1
Blob7:-1.135579,3.183065,-13.33486,0,0,0,1,1,1,1
-8587877603333003746
Blob72:0.8763269,3.569351,-10.98566,0,0,0,1,1,1,1
Blob89:-1.954556,2.737419,-10.93019,0,0,0,1,1,1,1
Blob7:-1.099934,3.149106,-13.32333,0,0,0,1,1,1,1
-8587877603332837592
Blob72:0.8763269,3.569351,-10.98566,0,0,0,1,1,1,1
Blob89:-1.954556,2.737419,-10.93019,0,0,0,1,1,1,1
Blob7:-1.070507,3.119399,-13.32039,0,0,0,1,1,1,1
-8587877603332564409
-8587877603332284158
Blob72:0.8763269,3.569351,-10.98566,0,0,0,1,1,1,1
Blob89:-1.954556,2.737419,-10.93019,0,0,0,1,1,1,1
Blob7:-1.047282,3.085843,-13.32048,0,0,0,1,1,1,1
-8587877603331994013
Blob72:0.8763269,3.569351,-10.98566,0,0,0,1,1,1,1
Blob89:-1.954556,2.737419,-10.93019,0,0,0,1,1,1,1
Blob7:-1.027754,3.054564,-13.32916,0,0,0,1,1,1,1
-8587877603331833857
Blob72:0.8763269,3.569351,-10.98566,0,0,0,1,1,1,1
Blob89:-1.954556,2.737419,-10.93019,0,0,0,1,1,1,1
Blob7:-1.013934,3.021875,-13.332,0,0,0,1,1,1,1
-8587877603331553455
-8587877603331263307
Blob72:0.8763269,3.569351,-10.98566,0,0,0,1,1,1,1
Blob89:-1.954556,2.737419,-10.93019,0,0,0,1,1,1,1
Blob7:-0.9922684,2.989594,-13.34093,0,0,0,1,1,1,1
-8587877603330973020
Blob72:0.8763269,3.569351,-10.98566,0,0,0,1,1,1,1
Blob89:-1.954556,2.737419,-10.93019,0,0,0,1,1,1,1
Blob7:-0.9739169,2.973609,-13.35576,0,0,0,1,1,1,1
-8587877603330692629
Blob72:0.8763269,3.569351,-10.98566,0,0,0,1,1,1,1
Blob89:-1.954556,2.737419,-10.93019,0,0,0,1,1,1,1
Blob7:-0.9386171,2.954861,-13.35089,0,0,0,1,1,1,1
-8587877603330534951
-8587877603330264681
Blob72:0.8763269,3.569351,-10.98566,0,0,0,1,1,1,1
Blob89:-1.954556,2.737419,-10.93019,0,0,0,1,1,1,1
Blob7:-0.909129,2.954146,-13.35556,0,0,0,1,1,1,1
-8587877603329994424
Blob72:0.8763269,3.569351,-10.98566,0,0,0,1,1,1,1
Blob89:-1.954556,2.737419,-10.93019,0,0,0,1,1,1,1
Blob7:-0.8791674,2.959935,-13.35644,0,0,0,1,1,1,1
-8587877603329827702
-8587877603329557432
Blob72:0.8763269,3.569351,-10.98566,0,0,0,1,1,1,1
Blob89:-1.954556,2.737419,-10.93019,0,0,0,1,1,1,1
Blob7:-0.8561306,2.963379,-13.34274,0,0,0,1,1,1,1
-8587877603329277166
Blob72:0.8763269,3.569351,-10.98566,0,0,0,1,1,1,1
Blob89:-1.954556,2.737419,-10.93019,0,0,0,1,1,1,1
Blob7:-0.8423083,2.970725,-13.33494,0,0,0,1,1,1,1
-8587877603328984975
Blob72:0.8763269,3.569351,-10.98566,0,0,0,1,1,1,1
Blob89:-1.954556,2.737419,-10.93019,0,0,0,1,1,1,1
Blob7:-0.8306954,2.976066,-13.32962,0,0,0,1,1,1,1
-8587877603328814512
Blob72:0.8763269,3.569351,-10.98566,0,0,0,1,1,1,1
Blob89:-1.954556,2.737419,-10.93019,0,0,0,1,1,1,1
Blob7:-0.8267709,2.985999,-13.31705,0,0,0,1,1,1,1
-8587877603328534197
-8587877603328254067
Blob72:0.8763269,3.569351,-10.98566,0,0,0,1,1,1,1
Blob89:-1.954556,2.737419,-10.93019,0,0,0,1,1,1,1
Blob7:-0.8228604,2.997395,-13.31384,0,0,0,1,1,1,1
-8587877603327933644
Blob72:0.8763269,3.569351,-10.98566,0,0,0,1,1,1,1
Blob89:-1.954556,2.737419,-10.93019,0,0,0,1,1,1,1
Blob7:-0.8263828,3.005037,-13.32106,0,0,0,1,1,1,1
-8587877603327653399
Blob72:0.8763269,3.569351,-10.98566,0,0,0,1,1,1,1
Blob89:-1.954556,2.737419,-10.93019,0,0,0,1,1,1,1
Blob7:-0.8312373,3.011879,-13.32322,0,0,0,1,1,1,1
-8587877603327492595
-8587877603327212441
Blob72:0.8763269,3.569351,-10.98566,0,0,0,1,1,1,1
Blob89:-1.954556,2.737419,-10.93019,0,0,0,1,1,1,1
Blob7:-0.8560599,3.010324,-13.33039,0,0,0,1,1,1,1
-8587877603326922165
Blob72:0.8763269,3.569351,-10.98566,0,0,0,1,1,1,1
Blob89:-1.954556,2.737419,-10.93019,0,0,0,1,1,1,1
Blob7:-0.8958046,3.000676,-13.34416,0,0,0,1,1,1,1
-8587877603326641894
Blob72:0.8763269,3.569351,-10.98566,0,0,0,1,1,1,1
Blob89:-1.954556,2.737419,-10.93019,0,0,0,1,1,1,1
Blob7:-0.9583775,2.983877,-13.35346,0,0,0,1,1,1,1
-8587877603326481256
Blob72:0.8763269,3.569351,-10.98566,0,0,0,1,1,1,1
Blob89:-1.954556,2.737419,-10.93019,0,0,0,1,1,1,1
Blob7:-1.027,2.972677,-13.37247,0,0,0,1,1,1,1
-8587877603326200854
-8587877603325920621
Blob72:0.8763269,3.569351,-10.98566,0,0,0,1,1,1,1
Blob89:-1.954556,2.737419,-10.93019,0,0,0,1,1,1,1
Blob7:-1.113789,2.999296,-13.39563,0,0,0,1,1,1,1
-8587877603325630437
Blob72:0.8763269,3.569351,-10.98566,0,0,0,1,1,1,1
Blob89:-1.954556,2.737419,-10.93019,0,0,0,1,1,1,1
Blob7:-1.210875,3.103321,-13.3915,0,0,0,1,1,1,1
-8587877603325360188
Blob72:0.8763269,3.569351,-10.98566,0,0,0,1,1,1,1
Blob89:-1.954556,2.737419,-10.93019,0,0,0,1,1,1,1
Blob7:-1.297423,3.320638,-13.36573,0,0,0,1,1,1,1
-8587877603325200094
-8587877603324919738
-8587877603324619547
-8587877603324329268
-8587877603324161555
-8587877603323881289
-8587877603323611029
-8587877603323330699
-8587877603323164361
-8587877603322894096
-8587877603322613830
-8587877603322323557
-8587877603322163454
-8587877603321883193
-8587877603321592912
-8587877603321322653
-8587877603321112187
-8587877603320841907
-8587877603320541778
-8587877603320271427
-8587877603319971210
-8587877603319700969
-8587877603319530813
-8587877603319260552
-8587877603318990292
-8587877603318819970
-8587877603318539796
-8587877603318249420
-8587877603317969131
-8587877603317698977
-8587877603317538677
-8587877603317258370
-8587877603316968163
-8587877603316697871
-8587877603316538324
-8587877603316268067
-8587877603315977781
-8587877603315707532
-8587877603315538216
-8587877603315267969
-8587877603314977688
-8587877603314817256
-8587877603314536995
-8587877603314256718
-8587877603313926414
-8587877603313652164
-8587877603313486299
-8587877603313196010
-8587877603312915746
-8587877603312635464
-8587877603312365213
-8587877603312195024
-8587877603311904743
-8587877603311624379
-8587877603311364076
-8587877603311193764
-8587877603310913500
-8587877603310623122
-8587877603310332944
-8587877603310162975
-8587877603309872673
-8587877603309592448
-8587877603309328778
-8587877603309158615
-8587877603308868334
-8587877603308588065
-8587877603308317642
-8587877603308147645
-8587877603307857361
-8587877603307586867
-8587877603307316730
-8587877603307157288
-8587877603306846986
-8587877603306566722
-8587877603306286304
-8587877603305986062
-8587877603305826603
-8587877603305546331
-8587877603305265988
-8587877603304985788
-8587877603304825699
-8587877603304545430
-8587877603304265161
-8587877603303984897
-8587877603303824623
-8587877603303544357
-8587877603303274098
-8587877603302993829
-8587877603302825591
-8587877603302515180
-8587877603302104897
-8587877603301814536
-8587877603301517556
-8587877603301237287
-8587877603300967030
-8587877603300685499
-8587877603300531927
-8587877603300261768
-8587877603299991509
-8587877603299791265
-8587877603299510999
-8587877603299220718
-8587877603298960468
-8587877603298690186
-8587877603298519554
-8587877603298249290
-8587877603297969018
-8587877603297588666
-8587877603297298385
-8587877603297008097
-8587877603296827937
-8587877603296547665
-8587877603296287408
-8587877603295997129
-8587877603295837465
-8587877603295567208
-8587877603295296949
-8587877603294996589
-8587877603294839000
-8587877603294568859
-8587877603294298489
-8587877603294028335
-8587877603293860343
-8587877603293590076
-8587877603293329829
-8587877603293161524
-8587877603292878513
-8587877603292568216
-8587877603292297954
-8587877603292017685
-8587877603291863893
-8587877603291593629
-8587877603291323305
-8587877603291156334
-8587877603290866053
-8587877603290595817
-8587877603290325653
-8587877603290158234
-8587877603289877967
-8587877603289597578
-8587877603289317284
-8587877603289162662
-8587877603288882399
-8587877603288596434
-8587877603288321679
-8587877603288161098
-8587877603287876103
-8587877603287595839
-8587877603287325585
-8587877603287155228
-8587877603286884958
-8587877603286604692
-8587877603286292016
-8587877603285991730
-8587877603285801404
-8587877603285521279
-8587877603285240903
-8587877603284960582
-8587877603284690305
-8587877603284534161
-8587877603284253884
-8587877603283963606
-8587877603283703356
-8587877603283533252
-8587877603283262995
-8587877603282980688
-8587877603282820368
-8587877603282540092
-8587877603282249818
-8587877603281969531
-8587877603281699282
-8587877603281529242
-8587877603281258985
-8587877603280988726
-8587877603280828191
-8587877603280548014
-8587877603280277642
-8587877603279987479
-8587877603279811832
-8587877603279531538
-8587877603279251402
-8587877603278971128
-8587877603278670773
-8587877603278538040
-8587877603278267924
-8587877603277987655
-8587877603277819824
-8587877603277529530
-8587877603277239196
-8587877603276948984
Blob72:0.8763269,3.569351,-10.98566,0,0,0,1,1,1,1
Blob89:-1.954556,2.737419,-10.93019,0,0,0,1,1,1,1
Blob7:-1.301281,3.304054,-13.38362,0,0,0,1,1,1,1
-8587877603276648701
Blob72:0.8763269,3.569351,-10.98566,0,0,0,1,1,1,1
Blob89:-1.954556,2.737419,-10.93019,0,0,0,1,1,1,1
Blob7:-1.323583,3.274036,-13.38117,0,0,0,1,1,1,1
-8587877603276488365
-8587877603276208102
Blob72:0.8763269,3.569351,-10.98566,0,0,0,1,1,1,1
Blob89:-1.954556,2.737419,-10.93019,0,0,0,1,1,1,1
Blob7:-1.336793,3.252565,-13.37977,0,0,0,1,1,1,1
-8587877603275917818
Blob72:0.8763269,3.569351,-10.98566,0,0,0,1,1,1,1
Blob89:-1.954556,2.737419,-10.93019,0,0,0,1,1,1,1
Blob7:-1.353511,3.239298,-13.39505,0,0,0,1,1,1,1
-8587877603275627542
Blob72:0.8763269,3.569351,-10.98566,0,0,0,1,1,1,1
Blob89:-1.954556,2.737419,-10.93019,0,0,0,1,1,1,1
Blob7:-1.358055,3.228038,-13.41245,0,0,0,1,1,1,1
-8587877603275356973
Blob72:0.8763269,3.569351,-10.98566,0,0,0,1,1,1,1
Blob89:-1.954556,2.737419,-10.93019,0,0,0,1,1,1,1
Blob7:-1.358539,3.219421,-13.44245,0,0,0,1,1,1,1
-8587877603275196499
-8587877603274916230
Blob72:0.8763269,3.569351,-10.98566,0,0,0,1,1,1,1
Blob89:-1.954556,2.737419,-10.93019,0,0,0,1,1,1,1
Blob7:-1.348516,3.200893,-13.47185,0,0,0,1,1,1,1
-8587877603274625832
Blob72:0.8763269,3.569351,-10.98566,0,0,0,1,1,1,1
Blob89:-1.954556,2.737419,-10.93019,0,0,0,1,1,1,1
Blob7:-1.34142,3.188107,-13.52669,0,0,0,1,1,1,1
-8587877603274325649
Blob72:0.8763269,3.569351,-10.98566,0,0,0,1,1,1,1
Blob89:-1.954556,2.737419,-10.93019,0,0,0,1,1,1,1
Blob7:-1.318389,3.159256,-13.56576,0,0,0,1,1,1,1
-8587877603274165497
-8587877603273885241
Blob72:0.8763269,3.569351,-10.98566,0,0,0,1,1,1,1
Blob89:-1.954556,2.737419,-10.93019,0,0,0,1,1,1,1
Blob7:-1.300549,3.114534,-13.61544,0,0,0,1,1,1,1
-8587877603273584953
Blob72:0.8763269,3.569351,-10.98566,0,0,0,1,1,1,1
Blob89:-1.954556,2.737419,-10.93019,0,0,0,1,1,1,1
Blob7:-1.28049,3.058786,-13.66635,0,0,0,1,1,1,1
-8587877603273317195
Blob72:0.8763269,3.569351,-10.98566,0,0,0,1,1,1,1
Blob89:-1.954556,2.737419,-10.93019,0,0,0,1,1,1,1
Blob7:-1.264645,3.011234,-13.70894,0,0,0,1,1,1,1
-8587877603273157751
Blob72:0.8763269,3.569351,-10.98566,0,0,0,1,1,1,1
Blob89:-1.954556,2.737419,-10.93019,0,0,0,1,1,1,1
Blob7:-1.246071,2.972644,-13.76124,0,0,0,1,1,1,1
-8587877603272876673
-8587877603272606316
Blob72:0.8763269,3.569351,-10.98566,0,0,0,1,1,1,1
Blob89:-1.954556,2.737419,-10.93019,0,0,0,1,1,1,1
Blob7:-1.223526,2.954301,-13.80143,0,0,0,1,1,1,1
-8587877603272329567
Blob72:0.8763269,3.569351,-10.98566,0,0,0,1,1,1,1
Blob89:-1.954556,2.737419,-10.93019,0,0,0,1,1,1,1
Blob7:-1.185455,2.950562,-13.84318,0,0,0,1,1,1,1
-8587877603272159798
Blob72:0.8763269,3.569351,-10.98566,0,0,0,1,1,1,1
Blob89:-1.954556,2.737419,-10.93019,0,0,0,1,1,1,1
Blob7:-1.128841,2.957393,-13.86795,0,0,0,1,1,1,1
-8587877603271859915
-8587877603271589763
Blob72:0.8763269,3.569351,-10.98566,0,0,0,1,1,1,1
Blob89:-1.954556,2.737419,-10.93019,0,0,0,1,1,1,1
Blob7:-1.060094,2.975892,-13.88088,0,0,0,1,1,1,1
-8587877603271299474
Blob72:0.8763269,3.569351,-10.98566,0,0,0,1,1,1,1
Blob89:-1.954556,2.737419,-10.93019,0,0,0,1,1,1,1
Blob7:-0.9883548,3.00869,-13.89728,0,0,0,1,1,1,1
-8587877603271029241
Blob72:0.8763269,3.569351,-10.98566,0,0,0,1,1,1,1
Blob89:-1.954556,2.737419,-10.93019,0,0,0,1,1,1,1
Blob7:-0.9078048,3.05318,-13.91435,0,0,0,1,1,1,1
-8587877603270866980
-8587877603270596723
Blob72:0.8763269,3.569351,-10.98566,0,0,0,1,1,1,1
Blob89:-1.954556,2.737419,-10.93019,0,0,0,1,1,1,1
Blob7:-0.8432987,3.111497,-13.92667,0,0,0,1,1,1,1
-8587877603270316393
Blob72:0.8763269,3.569351,-10.98566,0,0,0,1,1,1,1
Blob89:-1.954556,2.737419,-10.93019,0,0,0,1,1,1,1
Blob7:-0.7743572,3.177245,-13.91409,0,0,0,1,1,1,1
-8587877603270158833
Blob72:0.8763269,3.569351,-10.98566,0,0,0,1,1,1,1
Blob89:-1.954556,2.737419,-10.93019,0,0,0,1,1,1,1
Blob7:-0.7122797,3.263567,-13.90781,0,0,0,1,1,1,1
-8587877603269880146
-8587877603269591713
Blob72:0.8763269,3.569351,-10.98566,0,0,0,1,1,1,1
Blob89:-1.954556,2.737419,-10.93019,0,0,0,1,1,1,1
Blob7:-0.6695995,3.352926,-13.89002,0,0,0,1,1,1,1
-8587877603269326853
Blob72:0.8763269,3.569351,-10.98566,0,0,0,1,1,1,1
Blob89:-1.954556,2.737419,-10.93019,0,0,0,1,1,1,1
Blob7:-0.6586609,3.452496,-13.86185,0,0,0,1,1,1,1
-8587877603269156605
-8587877603268876342
Blob72:0.8763269,3.569351,-10.98566,0,0,0,1,1,1,1
Blob89:-1.954556,2.737419,-10.93019,0,0,0,1,1,1,1
Blob7:-0.6883306,3.530953,-13.83891,0,0,0,1,1,1,1
-8587877603268606080
Blob72:0.8763269,3.569351,-10.98566,0,0,0,1,1,1,1
Blob89:-1.954556,2.737419,-10.93019,0,0,0,1,1,1,1
Blob7:-0.7754421,3.573639,-13.82871,0,0,0,1,1,1,1
-8587877603268325816
Blob72:0.8763269,3.569351,-10.98566,0,0,0,1,1,1,1
Blob89:-1.954556,2.737419,-10.93019,0,0,0,1,1,1,1
Blob7:-0.9237298,3.597612,-13.82571,0,0,0,1,1,1,1
-8587877603268159792
Blob72:0.8763269,3.569351,-10.98566,0,0,0,1,1,1,1
Blob89:-1.954556,2.737419,-10.93019,0,0,0,1,1,1,1
Blob7:-1.08046,3.601518,-13.84792,0,0,0,1,1,1,1
-8587877603267879521
-8587877603267609259
Blob72:0.8763269,3.569351,-10.98566,0,0,0,1,1,1,1
Blob89:-1.954556,2.737419,-10.93019,0,0,0,1,1,1,1
Blob7:-1.201327,3.566732,-13.8657,0,0,0,1,1,1,1
-8587877603267328972
Blob72:0.8763269,3.569351,-10.98566,0,0,0,1,1,1,1
Blob89:-1.954556,2.737419,-10.93019,0,0,0,1,1,1,1
Blob7:-1.265626,3.522361,-13.88621,0,0,0,1,1,1,1
-8587877603267168220
-8587877603266880396
Blob72:0.8763269,3.569351,-10.98566,0,0,0,1,1,1,1
Blob89:-1.954556,2.737419,-10.93019,0,0,0,1,1,1,1
Blob7:-1.253657,3.485906,-13.88444,0,0,0,1,1,1,1
-8587877603266610032
Blob72:0.8763269,3.569351,-10.98566,0,0,0,1,1,1,1
Blob89:-1.954556,2.737419,-10.93019,0,0,0,1,1,1,1
Blob7:-1.173755,3.454018,-13.86383,0,0,0,1,1,1,1
-8587877603266319689
Blob72:0.8763269,3.569351,-10.98566,0,0,0,1,1,1,1
Blob89:-1.954556,2.737419,-10.93019,0,0,0,1,1,1,1
Blob7:-1.040007,3.436927,-13.8368,0,0,0,1,1,1,1
-8587877603266165411
Blob72:0.8763269,3.569351,-10.98566,0,0,0,1,1,1,1
Blob89:-1.954556,2.737419,-10.93019,0,0,0,1,1,1,1
Blob7:-0.8677245,3.421646,-13.79804,0,0,0,1,1,1,1
-8587877603265805180
-8587877603265324727
Blob72:0.8763269,3.569351,-10.98566,0,0,0,1,1,1,1
Blob89:-1.954556,2.737419,-10.93019,0,0,0,1,1,1,1
Blob7:-0.687843,3.441697,-13.76355,0,0,0,1,1,1,1
-8587877603265054455
Blob72:0.8763269,3.569351,-10.98566,0,0,0,1,1,1,1
Blob89:-1.954556,2.737419,-10.93019,0,0,0,1,1,1,1
Blob7:-0.3716231,3.591013,-13.6503,0,0,0,1,1,1,1
-8587877603264764118
-8587877603264473791
Blob72:0.8763269,3.569351,-10.98566,0,0,0,1,1,1,1
Blob89:-1.954556,2.737419,-10.93019,0,0,0,1,1,1,1
Blob7:-0.2339413,3.737054,-13.5717,0,0,0,1,1,1,1
-8587877603264182004
Blob72:0.8763269,3.569351,-10.98566,0,0,0,1,1,1,1
Blob89:-1.954556,2.737419,-10.93019,0,0,0,1,1,1,1
Blob7:-0.1366954,3.965627,-13.47535,0,0,0,1,1,1,1
-8587877603263911758
Blob72:0.8763269,3.569351,-10.98566,0,0,0,1,1,1,1
Blob89:-1.954556,2.737419,-10.93019,0,0,0,1,1,1,1
Blob7:-0.09418621,4.289248,-13.41849,0,0,0,1,1,1,1
-8587877603263631484
Blob72:0.8763269,3.569351,-10.98566,0,0,0,1,1,1,1
Blob89:-1.954556,2.737419,-10.93019,0,0,0,1,1,1,1
Blob7:-0.0675634,4.482319,-13.25908,0,0,0,1,1,1,1
-8587877603263351054
Blob72:0.8763269,3.569351,-10.98566,0,0,0,1,1,1,1
Blob89:-1.954556,2.737419,-10.93019,0,0,0,1,1,1,1
Blob7:-0.1031628,4.503834,-13.25867,0,0,0,1,1,1,1
-8587877603263191051
-8587877603262910782
-8587877603262610497
-8587877603262320229
-8587877603262160077
-8587877603261878493
-8587877603261598221
-8587877603261317955
-8587877603261147257
-8587877603260860268
-8587877603260580480
-8587877603260412145
-8587877603260242872
-8587877603259712366
-8587877603259392023
-8587877603259091771
-8587877603258821501
-8587877603258529090
-8587877603258257940
-8587877603257987683
-8587877603257822760
-8587877603257552509
-8587877603257242214
-8587877603256971955
-8587877603256691681
-8587877603256531645
-8587877603256261388
-8587877603255991134
-8587877603255820387
-8587877603255537563
-8587877603255262424
-8587877603254986912
-8587877603254829247
-8587877603254548973
-8587877603254253751
-8587877603253993440
-8587877603253826679
-8587877603253546415
-8587877603253276153
-8587877603252995884
-8587877603252828698
-8587877603252558434
-8587877603252288170
-8587877603251977882
-8587877603251697613
-8587877603251537460
-8587877603251257191
-8587877603250966912
-8587877603250696635
-8587877603250526490
-8587877603250226204
-8587877603249945935
-8587877603249657626
-8587877603249496824
-8587877603249216945
-8587877603248956595
-8587877603248696445
-8587877603248538905
-8587877603248268643
-8587877603247998374
-8587877603247838233
-8587877603247567971
-8587877603247297704
-8587877603246997424
-8587877603246833953
-8587877603246563714
-8587877603246293547
-8587877603245993115
-8587877603245825730
-8587877603245565482
-8587877603245285206
-8587877603245004899
-8587877603244834556
-8587877603244565021
-8587877603244290564
-8587877603244000288
-8587877603243830212
-8587877603243539961
-8587877603243279602
-8587877603243009442
-8587877603242842545
-8587877603242582291
-8587877603242322041
-8587877603242151934
-8587877603241881667
-8587877603241591389
-8587877603241321134
-8587877603241164606
-8587877603240894336
-8587877603240624077
-8587877603240333681
-8587877603240173645
-8587877603239893376
-8587877603239613107
-8587877603239322829
-8587877603239152665
-8587877603238892411
-8587877603238622149
-8587877603238332262
-8587877603238171832
-8587877603237901580
-8587877603237641413
-8587877603237341132
-8587877603237171194
-8587877603236910911
-8587877603236640783
-8587877603236480601
-8587877603236200329
