-8587877612949735554
Blob38:-0.06915256,1.549244,-10.5211,0,0,0,1,1,1,1
Blob33:0.1610482,3.05641,-13.96133,0,0,0,1,1,1,1
Blob80:0.1910857,2.047208,-11.65562,0,0,0,1,1,1,1
-8587877612947127397
-8587877612946593241
-8587877612946232856
-8587877612945882520
-8587877612945532184
-8587877612945181846
-8587877612944831512
-8587877612944441138
-8587877612944090802
-8587877612943740458
-8587877612943360088
-8587877612942989743
-8587877612942609380
-8587877612942219006
-8587877612941878679
-8587877612941528443
-8587877612941178110
-8587877612940831058
-8587877612940340605
-8587877612939900278
-8587877612939539937
-8587877612939169582
-8587877612938817507
-8587877612938457205
-8587877612938116812
-8587877612937736609
-8587877612937446238
-8587877612937146034
-8587877612936845611
-8587877612936545310
-8587877612936245175
-8587877612935954805
-8587877612935624582
-8587877612935304275
-8587877612935013999
-8587877612934853823
-8587877612934553537
-8587877612934263251
-8587877612933972972
-8587877612933682689
-8587877612933520421
-8587877612933230132
-8587877612932929846
-8587877612932639545
-8587877612932339270
-8587877612932179131
-8587877612931838810
-8587877612931538509
-8587877612931228222
-8587877612930937933
-8587877612930637652
-8587877612930347369
-8587877612930187041
-8587877612929896773
-8587877612929596482
-8587877612929296197
-8587877612928977833
-8587877612928687255
-8587877612928527377
-8587877612928237094
-8587877612927936806
-8587877612927636502
-8587877612927346234
-8587877612927182619
-8587877612926882331
-8587877612926572039
-8587877612926281760
-8587877612925981470
-8587877612925691186
-8587877612925530866
-8587877612925240669
-8587877612924937560
-8587877612924647300
-8587877612924316965
-8587877612924186912
-8587877612923896625
-8587877612923606347
-8587877612923306056
-8587877612923025785
-8587877612922855634
-8587877612922565348
-8587877612922265060
-8587877612921974787
-8587877612921674491
-8587877612921520313
-8587877612921210020
-8587877612920889710
-8587877612920569405
-8587877612920269112
-8587877612919978834
-8587877612919678548
-8587877612919520765
-8587877612919230479
-8587877612918930188
-8587877612918626562
-8587877612918316523
-8587877612918146319
-8587877612917845946
-8587877612917535628
-8587877612917238673
-8587877612916938234
-8587877612916615313
-8587877612916294890
-8587877612915984690
-8587877612915694419
-8587877612915534179
-8587877612915233977
-8587877612914933556
-8587877612914623264
-8587877612914343095
-8587877612914173500
-8587877612913887340
-8587877612913587011
-8587877612913286769
-8587877612912976569
-8587877612912686290
-8587877612912526418
-8587877612912226138
-8587877612911905828
-8587877612911615460
-8587877612911305249
-8587877612911014976
-8587877612910844687
-8587877612910554409
-8587877612910264136
-8587877612909971392
-8587877612909650921
-8587877612909490926
-8587877612909160619
-8587877612908830136
-8587877612908508177
-8587877612908217899
-8587877612907917490
-8587877612907607316
-8587877612907307022
-8587877612907026756
-8587877612906856496
-8587877612906566194
-8587877612906266021
-8587877612905965738
-8587877612905675460
-8587877612905505629
-8587877612905215361
-8587877612904925083
-8587877612904614785
-8587877612904313455
-8587877612904023025
-8587877612903859915
-8587877612903569647
-8587877612903259357
-8587877612902969071
-8587877612902678787
-8587877612902518613
-8587877612902228324
-8587877612901928036
-8587877612901600689
-8587877612901310510
-8587877612900990223
-8587877612900828754
-8587877612900528468
-8587877612900238190
-8587877612899937892
-8587877612899637616
-8587877612899357296
-8587877612899186985
-8587877612898892981
-8587877612898592693
-8587877612898292405
-8587877612897971978
-8587877612897671810
-8587877612897521666
-8587877612897231264
-8587877612896931099
-8587877612896630668
-8587877612896350376
-8587877612896180376
-8587877612895889939
-8587877612895589695
-8587877612895299383
-8587877612895009256
-8587877612894849166
-8587877612894558893
-8587877612894238578
-8587877612893938297
-8587877612893648021
-8587877612893486188
-8587877612893195912
-8587877612892905634
-8587877612892595334
-8587877612892304968
-8587877612892024789
-8587877612891856272
-8587877612891565873
-8587877612891275620
-8587877612890985295
-8587877612890825426
-8587877612890465190
-8587877612890073774
-8587877612889723356
-8587877612889433167
-8587877612889142745
-8587877612888857822
-8587877612888547525
-8587877612888257246
-8587877612887966965
-8587877612887686696
-8587877612887525608
-8587877612887235325
-8587877612886934947
-8587877612886634754
-8587877612886284423
-8587877612885984124
-8587877612885820041
-8587877612885520344
-8587877612885219992
-8587877612884929716
-8587877612884635657
-8587877612884365405
-8587877612884195219
-8587877612883904874
-8587877612883604511
-8587877612883314381
-8587877612883150027
-8587877612882859730
-8587877612882568569
-8587877612882278293
-8587877612881968087
-8587877612881677809
-8587877612881517522
-8587877612881227141
-8587877612880936909
-8587877612880646679
-8587877612880476017
-8587877612880195865
-8587877612879885565
-8587877612879595289
-8587877612879305008
-8587877612878987369
-8587877612878856601
-8587877612878566348
-8587877612878276049
-8587877612877985727
-8587877612877820758
-8587877612877525759
-8587877612877235524
-8587877612876955273
-8587877612876645009
-8587877612876364789
-8587877612876194600
-8587877612875904321
-8587877612875584006
-8587877612875293728
-8587877612874973398
-8587877612874678931
-8587877612874518693
-8587877612874228350
-8587877612873938092
-8587877612873637807
-8587877612873317635
-8587877612873027349
-8587877612872867090
-8587877612872576815
-8587877612872286536
-8587877612871986245
-8587877612871789161
-8587877612871498898
-8587877612871188600
-8587877612870888310
-8587877612870597870
-8587877612870297646
-8587877612870017316
-8587877612869857221
-8587877612869557028
-8587877612869266752
-8587877612868966348
-8587877612868676188
-8587877612868516561
-8587877612868236392
-8587877612867936102
-8587877612867645826
-8587877612867355545
-8587877612867185433
-8587877612866885145
-8587877612866584862
-8587877612866284566
-8587877612865971547
-8587877612865687425
-8587877612865522820
-8587877612865232549
-8587877612864922246
-8587877612864621966
-8587877612864311668
-8587877612864111479
-8587877612863821192
-8587877612863510902
-8587877612863210609
-8587877612862908811
-8587877612862618640
-8587877612862308043
-8587877612862028066
-8587877612861857308
-8587877612861556938
-8587877612861266660
-8587877612860966464
-8587877612860656156
-8587877612860497380
-8587877612860207106
-8587877612859906818
-8587877612859616542
-8587877612859316252
-8587877612859025973
-8587877612858865195
-8587877612858564907
-8587877612858274562
-8587877612857984373
-8587877612857694164
-8587877612857523908
-8587877612857223551
-8587877612856929796
-8587877612856602723
-8587877612856292387
-8587877612855982258
-8587877612855681978
-8587877612855524491
-8587877612855234208
-8587877612854943929
-8587877612854640623
-8587877612854350485
-8587877612854189799
-8587877612853899516
-8587877612853599230
-8587877612853308913
-8587877612853008671
-8587877612852858527
-8587877612852538217
-8587877612852247924
-8587877612851937634
-8587877612851647355
-8587877612851357077
-8587877612851191483
-8587877612850911337
-8587877612850621061
-8587877612850310756
-8587877612850020482
-8587877612849858783
-8587877612849568507
-8587877612849248583
-8587877612848958238
-8587877612848638090
-8587877612848347740
-8587877612848187601
-8587877612847897238
-8587877612847587028
-8587877612847286798
-8587877612846976596
-8587877612846697133
-8587877612846528736
-8587877612846238407
-8587877612845948177
-8587877612845637830
-8587877612845327674
-8587877612845161540
-8587877612844871264
-8587877612844560971
-8587877612844270690
-8587877612843980409
-8587877612843690074
-8587877612843524414
-8587877612843224124
-8587877612842943855
-8587877612842643567
-8587877612842485256
-8587877612842185073
-8587877612841874624
-8587877612841544371
-8587877612841244186
-8587877612840943754
-8587877612840643446
-8587877612840363341
-8587877612840192778
-8587877612839912509
-8587877612839622228
-8587877612839311931
-8587877612838993907
-8587877612838833768
-8587877612838543585
-8587877612838243107
-8587877612837952875
-8587877612837672747
-8587877612837502489
-8587877612837202178
-8587877612836891883
-8587877612836601722
-8587877612836301434
-8587877612836016772
-8587877612835854724
-8587877612835574458
-8587877612835264150
-8587877612834973823
-8587877612834653564
-8587877612834493589
-8587877612834173374
-8587877612833873045
-8587877612833572624
-8587877612833272515
-8587877612832982224
-8587877612832819920
-8587877612832519632
-8587877612832229348
-8587877612831939065
-8587877612831636288
-8587877612831356024
-8587877612831191181
-8587877612830900895
-8587877612830590605
-8587877612830290304
-8587877612829980006
-8587877612829689725
-8587877612829519424
-8587877612829229243
-8587877612828928952
-8587877612828628664
-8587877612828348395
-8587877612828179041
-8587877612827888765
-8587877612827598486
-8587877612827304306
-8587877612827014051
-8587877612826822655
-8587877612826532394
-8587877612826242116
-8587877612825931816
-8587877612825641537
-8587877612825341249
-8587877612825190637
-8587877612824900647
-8587877612824590286
-8587877612824280006
-8587877612823979833
-8587877612823819982
-8587877612823529800
-8587877612823227912
-8587877612822927783
-8587877612822637392
-8587877612822357072
-8587877612822187098
-8587877612821906829
-8587877612821606541
-8587877612821310684
-8587877612821022277
-8587877612820857526
-8587877612820567247
-8587877612820266959
-8587877612819966671
-8587877612819676247
-8587877612819516231
-8587877612819195924
-8587877612818915668
-8587877612818635389
-8587877612818365135
-8587877612818201881
-8587877612817931629
-8587877612817656788
-8587877612817488327
-8587877612817218070
-8587877612816937804
-8587877612816657530
-8587877612816497031
-8587877612816216741
-8587877612815930999
-8587877612815650730
-8587877612815493864
-8587877612815213503
-8587877612814925428
-8587877612814645136
-8587877612814485052
-8587877612814214787
-8587877612813924450
-8587877612813654234
-8587877612813484191
-8587877612813203920
-8587877612812933661
-8587877612812653392
-8587877612812460429
-8587877612812190167
-8587877612811909899
-8587877612811629645
-8587877612811339400
-8587877612811169882
-8587877612810889728
-8587877612810609459
-8587877612810329190
-8587877612810168709
-8587877612809889006
-8587877612809602726
-8587877612809303273
-8587877612809042864
-8587877612808877565
-8587877612808597304
-8587877612808337052
-8587877612808166886
-8587877612807886617
-8587877612807596336
-8587877612807296055
-8587877612807005777
-8587877612806840939
-8587877612806558542
-8587877612806288301
-8587877612805998069
-8587877612805841724
-8587877612805533131
-8587877612805239359
-8587877612804969079
-8587877612804698797
-8587877612804528551
-8587877612804248213
-8587877612803968011
-8587877612803697754
-8587877612803535135
-8587877612803264884
-8587877612802964588
-8587877612802694339
-8587877612802534065
-8587877612802263803
-8587877612801933325
-8587877612801663114
-8587877612801500270
-8587877612801246474
-8587877612800956101
-8587877612800685939
-8587877612800525448
-8587877612800245207
-8587877612799854948
-8587877612799535204
-8587877612799254809
-8587877612798974750
-8587877612798684477
-8587877612798524382
-8587877612798264130
-8587877612797993791
-8587877612797829798
-8587877612797549526
-8587877612797069042
-8587877612796758763
-8587877612796478499
-8587877612796208229
-8587877612795947980
-8587877612795670324
-8587877612795508266
-8587877612795233048
-8587877612794965715
-8587877612794695310
-8587877612794535202
-8587877612794274873
-8587877612794004583
-8587877612793845013
-8587877612793584764
-8587877612793324519
-8587877612793153196
-8587877612792882939
-8587877612792612616
-8587877612792332404
-8587877612792170798
-8587877612791900532
-8587877612791640290
