-8587877597959935713
Blob53:0.3619975,2.140788,-11.26459,0,0,0,1,1,1,1
Blob10:-1.954177,3.032459,-10.75052,0,0,0,1,1,1,1
Blob97:-0.3292515,1.11342,-13.63987,0,0,0,1,1,1,1
-8587877597957553341
-8587877597957183083
-8587877597957002905
-8587877597956611484
-8587877597956121013
-8587877597955780702
-8587877597955430228
-8587877597955075824
-8587877597954735410
-8587877597954365147
-8587877597953994787
-8587877597953624421
-8587877597953263945
-8587877597952883626
-8587877597952543202
-8587877597952192733
-8587877597951845589
-8587877597951505109
-8587877597951161516
-8587877597950791268
-8587877597950452941
-8587877597950112610
-8587877597949782293
-8587877597949461985
-8587877597949141678
-8587877597948811379
-8587877597948470909
-8587877597948140577
-8587877597947760207
-8587877597947460073
-8587877597947159649
-8587877597946839377
-8587877597946529041
-8587877597946218889
-8587877597945918494
-8587877597945638325
-8587877597945348049
-8587877597945188333
-8587877597944878041
-8587877597944577752
-8587877597944267457
-8587877597943977765
-8587877597943817458
-8587877597943527156
-8587877597943196947
-8587877597942916673
-8587877597942616385
-8587877597942315987
-8587877597942145862
-8587877597941845669
-8587877597941555393
-8587877597941255102
-8587877597940954816
-8587877597940674548
-8587877597940509448
-8587877597940209155
-8587877597939908828
-8587877597939608584
-8587877597939318293
-8587877597939148147
-8587877597938837847
-8587877597938517540
-8587877597938227261
-8587877597937936983
-8587877597937646707
-8587877597937476541
-8587877597937186263
-8587877597936885974
-8587877597936605708
-8587877597936325439
-8587877597936155271
-8587877597935844973
-8587877597935534676
-8587877597935254404
-8587877597934974140
-8587877597934809724
-8587877597934529455
-8587877597934239169
-8587877597933958811
-8587877597933678632
-8587877597933516880
-8587877597933226612
-8587877597932936334
-8587877597932656067
-8587877597932495947
-8587877597932205656
-8587877597931915385
-8587877597931645126
-8587877597931485482
-8587877597931195229
-8587877597930904879
-8587877597930614761
-8587877597930324475
-8587877597930164035
-8587877597929873920
-8587877597929593534
-8587877597929272371
-8587877597928991962
-8587877597928825270
-8587877597928545001
-8587877597928254835
-8587877597927974405
-8587877597927814146
-8587877597927533998
-8587877597927223697
-8587877597926943416
-8587877597926663042
-8587877597926492999
-8587877597926212725
-8587877597925912440
-8587877597925632081
-8587877597925361911
-8587877597925191620
-8587877597924911354
-8587877597924641087
-8587877597924477134
-8587877597924197910
-8587877597923907613
-8587877597923627314
-8587877597923357188
-8587877597923186761
-8587877597922906617
-8587877597922616336
-8587877597922326058
-8587877597922156194
-8587877597921875915
-8587877597921560188
-8587877597921280034
-8587877597920959691
-8587877597920689460
-8587877597920528758
-8587877597920258494
-8587877597919988232
-8587877597919817795
-8587877597919527514
-8587877597919247288
-8587877597918957099
-8587877597918686705
-8587877597918516457
-8587877597918236165
-8587877597917955891
-8587877597917685614
-8587877597917525376
-8587877597917245086
-8587877597916934901
-8587877597916654532
-8587877597916484372
-8587877597916204198
-8587877597915923934
-8587877597915643568
-8587877597915483412
-8587877597915153031
-8587877597914862816
-8587877597914552606
-8587877597914272252
-8587877597914001926
-8587877597913831983
-8587877597913561724
-8587877597913261444
-8587877597912961150
-8587877597912660857
-8587877597912500806
-8587877597912220527
-8587877597911936856
-8587877597911646577
-8587877597911486700
-8587877597911146371
-8587877597910819037
-8587877597910528840
-8587877597910248510
-8587877597909963633
-8587877597909693381
-8587877597909528594
-8587877597909248320
-8587877597908958034
-8587877597908687777
-8587877597908526871
-8587877597908246715
-8587877597907966448
-8587877597907686185
-8587877597907525931
-8587877597907215731
-8587877597906925291
-8587877597906625167
-8587877597906304711
-8587877597906034741
-8587877597905864539
-8587877597905584263
-8587877597905293979
-8587877597905023735
-8587877597904861349
-8587877597904581196
-8587877597904280897
-8587877597904000626
-8587877597903830463
-8587877597903550196
-8587877597903269930
-8587877597902989659
-8587877597902832326
-8587877597902552050
-8587877597902261774
-8587877597901961470
-8587877597901691224
-8587877597901531116
-8587877597901250847
-8587877597900980706
-8587877597900820560
-8587877597900530276
-8587877597900209966
-8587877597899917348
-8587877597899635277
-8587877597899361731
-8587877597899201454
-8587877597898931187
-8587877597898650911
-8587877597898486551
-8587877597898206251
-8587877597897905991
-8587877597897625722
-8587877597897355453
-8587877597897195312
-8587877597896905029
-8587877597896618692
-8587877597896323130
-8587877597896155023
-8587877597895864857
-8587877597895574578
-8587877597895284300
-8587877597894993934
-8587877597894834229
-8587877597894554052
-8587877597894273665
-8587877597893993445
-8587877597893823251
Blob53:0.3496618,2.053852,-11.24639,0,0,0,1,1,1,1
Blob10:-1.954177,3.032459,-10.75052,0,0,0,1,1,1,1
Blob97:-0.3292515,1.11342,-13.63987,0,0,0,1,1,1,1
-8587877597893482763
-8587877597893057982
Blob53:0.3747278,1.96089,-11.26647,0,0,0,1,1,1,1
Blob10:-1.954177,3.032459,-10.75052,0,0,0,1,1,1,1
Blob97:-0.3292515,1.11342,-13.63987,0,0,0,1,1,1,1
-8587877597892727691
Blob53:0.3856881,1.925246,-11.27446,0,0,0,1,1,1,1
Blob10:-1.954177,3.032459,-10.75052,0,0,0,1,1,1,1
Blob97:-0.3292515,1.11342,-13.63987,0,0,0,1,1,1,1
-8587877597892437372
Blob53:0.393445,1.893036,-11.28012,0,0,0,1,1,1,1
Blob10:-1.954177,3.032459,-10.75052,0,0,0,1,1,1,1
Blob97:-0.3292515,1.11342,-13.63987,0,0,0,1,1,1,1
-8587877597892137219
Blob53:0.3998747,1.862157,-11.2749,0,0,0,1,1,1,1
Blob10:-1.954177,3.032459,-10.75052,0,0,0,1,1,1,1
Blob97:-0.3292515,1.11342,-13.63987,0,0,0,1,1,1,1
-8587877597891846933
Blob53:0.4021209,1.838855,-11.27084,0,0,0,1,1,1,1
Blob10:-1.954177,3.032459,-10.75052,0,0,0,1,1,1,1
Blob97:-0.3292515,1.11342,-13.63987,0,0,0,1,1,1,1
-8587877597891536487
Blob53:0.4041739,1.813782,-11.25779,0,0,0,1,1,1,1
Blob10:-1.954177,3.032459,-10.75052,0,0,0,1,1,1,1
Blob97:-0.3292515,1.11342,-13.63987,0,0,0,1,1,1,1
-8587877597891246275
Blob53:0.4052732,1.786454,-11.24454,0,0,0,1,1,1,1
Blob10:-1.954177,3.032459,-10.75052,0,0,0,1,1,1,1
Blob97:-0.3292515,1.11342,-13.63987,0,0,0,1,1,1,1
-8587877597890946079
Blob53:0.4042938,1.764466,-11.23553,0,0,0,1,1,1,1
Blob10:-1.954177,3.032459,-10.75052,0,0,0,1,1,1,1
Blob97:-0.3292515,1.11342,-13.63987,0,0,0,1,1,1,1
-8587877597890652142
Blob53:0.4045195,1.731945,-11.22713,0,0,0,1,1,1,1
Blob10:-1.954177,3.032459,-10.75052,0,0,0,1,1,1,1
Blob97:-0.3292515,1.11342,-13.63987,0,0,0,1,1,1,1
-8587877597890486452
-8587877597890186166
Blob53:0.4042656,1.708492,-11.21628,0,0,0,1,1,1,1
Blob10:-1.954177,3.032459,-10.75052,0,0,0,1,1,1,1
Blob97:-0.3292515,1.11342,-13.63987,0,0,0,1,1,1,1
-8587877597889895890
Blob53:0.4047577,1.685566,-11.21736,0,0,0,1,1,1,1
Blob10:-1.954177,3.032459,-10.75052,0,0,0,1,1,1,1
Blob97:-0.3292515,1.11342,-13.63987,0,0,0,1,1,1,1
-8587877597889605297
Blob53:0.4085649,1.668258,-11.20667,0,0,0,1,1,1,1
Blob10:-1.954177,3.032459,-10.75052,0,0,0,1,1,1,1
Blob97:-0.3292515,1.11342,-13.63987,0,0,0,1,1,1,1
-8587877597889315018
Blob53:0.4142847,1.660275,-11.22379,0,0,0,1,1,1,1
Blob10:-1.954177,3.032459,-10.75052,0,0,0,1,1,1,1
Blob97:-0.3292515,1.11342,-13.63987,0,0,0,1,1,1,1
-8587877597889154924
Blob53:0.4237518,1.654524,-11.21729,0,0,0,1,1,1,1
Blob10:-1.954177,3.032459,-10.75052,0,0,0,1,1,1,1
Blob97:-0.3292515,1.11342,-13.63987,0,0,0,1,1,1,1
-8587877597888852726
-8587877597888552438
Blob53:0.4379963,1.657855,-11.2251,0,0,0,1,1,1,1
Blob10:-1.954177,3.032459,-10.75052,0,0,0,1,1,1,1
Blob97:-0.3292515,1.11342,-13.63987,0,0,0,1,1,1,1
-8587877597888252152
Blob53:0.4523153,1.666297,-11.22824,0,0,0,1,1,1,1
Blob10:-1.954177,3.032459,-10.75052,0,0,0,1,1,1,1
Blob97:-0.3292515,1.11342,-13.63987,0,0,0,1,1,1,1
-8587877597887951867
Blob53:0.4622154,1.67772,-11.22346,0,0,0,1,1,1,1
Blob10:-1.954177,3.032459,-10.75052,0,0,0,1,1,1,1
Blob97:-0.3292515,1.11342,-13.63987,0,0,0,1,1,1,1
-8587877597887671595
Blob53:0.4751173,1.697529,-11.22809,0,0,0,1,1,1,1
Blob10:-1.954177,3.032459,-10.75052,0,0,0,1,1,1,1
Blob97:-0.3292515,1.11342,-13.63987,0,0,0,1,1,1,1
-8587877597887501427
-8587877597887211151
Blob53:0.4836446,1.734389,-11.23353,0,0,0,1,1,1,1
Blob10:-1.954177,3.032459,-10.75052,0,0,0,1,1,1,1
Blob97:-0.3292515,1.11342,-13.63987,0,0,0,1,1,1,1
-8587877597886910858
Blob53:0.4925876,1.781967,-11.24365,0,0,0,1,1,1,1
Blob10:-1.954177,3.032459,-10.75052,0,0,0,1,1,1,1
Blob97:-0.3292515,1.11342,-13.63987,0,0,0,1,1,1,1
-8587877597886620587
Blob53:0.5016333,1.844616,-11.2796,0,0,0,1,1,1,1
Blob10:-1.954177,3.032459,-10.75052,0,0,0,1,1,1,1
Blob97:-0.3292515,1.11342,-13.63987,0,0,0,1,1,1,1
-8587877597886310279
Blob53:0.5079575,1.914429,-11.30524,0,0,0,1,1,1,1
Blob10:-1.954177,3.032459,-10.75052,0,0,0,1,1,1,1
Blob97:-0.3292515,1.11342,-13.63987,0,0,0,1,1,1,1
-8587877597886152504
Blob53:0.509625,1.971185,-11.34295,0,0,0,1,1,1,1
Blob10:-1.954177,3.032459,-10.75052,0,0,0,1,1,1,1
Blob97:-0.3292515,1.11342,-13.63987,0,0,0,1,1,1,1
-8587877597885842183
-8587877597885531908
Blob53:0.4950686,2.005929,-11.37435,0,0,0,1,1,1,1
Blob10:-1.954177,3.032459,-10.75052,0,0,0,1,1,1,1
Blob97:-0.3292515,1.11342,-13.63987,0,0,0,1,1,1,1
-8587877597885221541
Blob53:0.468634,2.00302,-11.39162,0,0,0,1,1,1,1
Blob10:-1.954177,3.032459,-10.75052,0,0,0,1,1,1,1
Blob97:-0.3292515,1.11342,-13.63987,0,0,0,1,1,1,1
-8587877597884941441
Blob53:0.410491,1.987569,-11.37771,0,0,0,1,1,1,1
Blob10:-1.954177,3.032459,-10.75052,0,0,0,1,1,1,1
Blob97:-0.3292515,1.11342,-13.63987,0,0,0,1,1,1,1
-8587877597884621132
Blob53:0.3486558,1.930272,-11.36947,0,0,0,1,1,1,1
Blob10:-1.954177,3.032459,-10.75052,0,0,0,1,1,1,1
Blob97:-0.3292515,1.11342,-13.63987,0,0,0,1,1,1,1
-8587877597884350706
Blob53:0.2749515,1.872008,-11.34495,0,0,0,1,1,1,1
Blob10:-1.954177,3.032459,-10.75052,0,0,0,1,1,1,1
Blob97:-0.3292515,1.11342,-13.63987,0,0,0,1,1,1,1
-8587877597884180717
-8587877597883890443
Blob53:0.208748,1.816884,-11.32812,0,0,0,1,1,1,1
Blob10:-1.954177,3.032459,-10.75052,0,0,0,1,1,1,1
Blob97:-0.3292515,1.11342,-13.63987,0,0,0,1,1,1,1
-8587877597883590150
Blob53:0.1603892,1.768686,-11.31321,0,0,0,1,1,1,1
Blob10:-1.954177,3.032459,-10.75052,0,0,0,1,1,1,1
Blob97:-0.3292515,1.11342,-13.63987,0,0,0,1,1,1,1
-8587877597883289865
Blob53:0.1190171,1.747304,-11.29126,0,0,0,1,1,1,1
Blob10:-1.954177,3.032459,-10.75052,0,0,0,1,1,1,1
Blob97:-0.3292515,1.11342,-13.63987,0,0,0,1,1,1,1
-8587877597882977156
Blob53:0.08626613,1.785818,-11.26637,0,0,0,1,1,1,1
Blob10:-1.954177,3.032459,-10.75052,0,0,0,1,1,1,1
Blob97:-0.3292515,1.11342,-13.63987,0,0,0,1,1,1,1
-8587877597882816398
Blob53:0.1041948,1.826694,-11.26811,0,0,0,1,1,1,1
Blob10:-1.954177,3.032459,-10.75052,0,0,0,1,1,1,1
Blob97:-0.3292515,1.11342,-13.63987,0,0,0,1,1,1,1
-8587877597882516105
-8587877597882227362
Blob53:0.1249576,1.875945,-11.278,0,0,0,1,1,1,1
Blob10:-1.954177,3.032459,-10.75052,0,0,0,1,1,1,1
Blob97:-0.3292515,1.11342,-13.63987,0,0,0,1,1,1,1
-8587877597881947495
Blob53:0.1594619,1.902474,-11.30234,0,0,0,1,1,1,1
Blob10:-1.954177,3.032459,-10.75052,0,0,0,1,1,1,1
Blob97:-0.3292515,1.11342,-13.63987,0,0,0,1,1,1,1
-8587877597881657219
Blob53:0.2018919,1.870187,-11.32125,0,0,0,1,1,1,1
Blob10:-1.954177,3.032459,-10.75052,0,0,0,1,1,1,1
Blob97:-0.3292515,1.11342,-13.63987,0,0,0,1,1,1,1
-8587877597881486831
-8587877597881196545
Blob53:0.2395095,1.895806,-11.33987,0,0,0,1,1,1,1
Blob10:-1.954177,3.032459,-10.75052,0,0,0,1,1,1,1
Blob97:-0.3292515,1.11342,-13.63987,0,0,0,1,1,1,1
-8587877597880906274
Blob53:0.2949692,1.906058,-11.35475,0,0,0,1,1,1,1
Blob10:-1.954177,3.032459,-10.75052,0,0,0,1,1,1,1
Blob97:-0.3292515,1.11342,-13.63987,0,0,0,1,1,1,1
-8587877597880626002
Blob53:0.3413813,1.901536,-11.38404,0,0,0,1,1,1,1
Blob10:-1.954177,3.032459,-10.75052,0,0,0,1,1,1,1
Blob97:-0.3292515,1.11342,-13.63987,0,0,0,1,1,1,1
-8587877597880335711
Blob53:0.3866339,1.891763,-11.41171,0,0,0,1,1,1,1
Blob10:-1.954177,3.032459,-10.75052,0,0,0,1,1,1,1
Blob97:-0.3292515,1.11342,-13.63987,0,0,0,1,1,1,1
-8587877597880165563
Blob53:0.432781,1.881687,-11.44994,0,0,0,1,1,1,1
Blob10:-1.954177,3.032459,-10.75052,0,0,0,1,1,1,1
Blob97:-0.3292515,1.11342,-13.63987,0,0,0,1,1,1,1
-8587877597879875277
-8587877597879595006
Blob53:0.504887,1.865908,-11.47918,0,0,0,1,1,1,1
Blob10:-1.954177,3.032459,-10.75052,0,0,0,1,1,1,1
Blob97:-0.3292515,1.11342,-13.63987,0,0,0,1,1,1,1
-8587877597879317079
Blob53:0.5665868,1.882143,-11.49918,0,0,0,1,1,1,1
Blob10:-1.954177,3.032459,-10.75052,0,0,0,1,1,1,1
Blob97:-0.3292515,1.11342,-13.63987,0,0,0,1,1,1,1
-8587877597879156467
Blob53:0.6287847,1.863545,-11.52006,0,0,0,1,1,1,1
Blob10:-1.954177,3.032459,-10.75052,0,0,0,1,1,1,1
Blob97:-0.3292515,1.11342,-13.63987,0,0,0,1,1,1,1
-8587877597878866232
-8587877597878575887
Blob53:0.6932987,1.896938,-11.52668,0,0,0,1,1,1,1
Blob10:-1.954177,3.032459,-10.75052,0,0,0,1,1,1,1
Blob97:-0.3292515,1.11342,-13.63987,0,0,0,1,1,1,1
-8587877597878255741
Blob53:0.7549041,1.913522,-11.53581,0,0,0,1,1,1,1
Blob10:-1.954177,3.032459,-10.75052,0,0,0,1,1,1,1
Blob97:-0.3292515,1.11342,-13.63987,0,0,0,1,1,1,1
-8587877597877985367
Blob53:0.8086818,1.936468,-11.54471,0,0,0,1,1,1,1
Blob10:-1.954177,3.032459,-10.75052,0,0,0,1,1,1,1
Blob97:-0.3292515,1.11342,-13.63987,0,0,0,1,1,1,1
-8587877597877817694
Blob53:0.8404176,1.940052,-11.54003,0,0,0,1,1,1,1
Blob10:-1.954177,3.032459,-10.75052,0,0,0,1,1,1,1
Blob97:-0.3292515,1.11342,-13.63987,0,0,0,1,1,1,1
-8587877597877527421
-8587877597877247147
Blob53:0.8692392,1.941649,-11.52743,0,0,0,1,1,1,1
Blob10:-1.954177,3.032459,-10.75052,0,0,0,1,1,1,1
Blob97:-0.3292515,1.11342,-13.63987,0,0,0,1,1,1,1
-8587877597876966888
Blob53:0.8716965,1.948094,-11.51983,0,0,0,1,1,1,1
Blob10:-1.954177,3.032459,-10.75052,0,0,0,1,1,1,1
Blob97:-0.3292515,1.11342,-13.63987,0,0,0,1,1,1,1
-8587877597876676610
Blob53:0.8769881,1.943717,-11.51204,0,0,0,1,1,1,1
Blob10:-1.954177,3.032459,-10.75052,0,0,0,1,1,1,1
Blob97:-0.3292515,1.11342,-13.63987,0,0,0,1,1,1,1
-8587877597876517869
-8587877597876245562
Blob53:0.8632924,1.958115,-11.49566,0,0,0,1,1,1,1
Blob10:-1.954177,3.032459,-10.75052,0,0,0,1,1,1,1
Blob97:-0.3292515,1.11342,-13.63987,0,0,0,1,1,1,1
-8587877597875935165
Blob53:0.847459,1.961279,-11.47979,0,0,0,1,1,1,1
Blob10:-1.954177,3.032459,-10.75052,0,0,0,1,1,1,1
Blob97:-0.3292515,1.11342,-13.63987,0,0,0,1,1,1,1
-8587877597875654998
Blob53:0.8099922,1.977117,-11.4556,0,0,0,1,1,1,1
Blob10:-1.954177,3.032459,-10.75052,0,0,0,1,1,1,1
Blob97:-0.3292515,1.11342,-13.63987,0,0,0,1,1,1,1
-8587877597875484564
Blob53:0.7741307,1.980289,-11.42916,0,0,0,1,1,1,1
Blob10:-1.954177,3.032459,-10.75052,0,0,0,1,1,1,1
Blob97:-0.3292515,1.11342,-13.63987,0,0,0,1,1,1,1
-8587877597875197365
-8587877597874897077
Blob53:0.7082841,1.95676,-11.41451,0,0,0,1,1,1,1
Blob10:-1.954177,3.032459,-10.75052,0,0,0,1,1,1,1
Blob97:-0.3292515,1.11342,-13.63987,0,0,0,1,1,1,1
-8587877597874616792
Blob53:0.6596705,1.949881,-11.40473,0,0,0,1,1,1,1
Blob10:-1.954177,3.032459,-10.75052,0,0,0,1,1,1,1
Blob97:-0.3292515,1.11342,-13.63987,0,0,0,1,1,1,1
-8587877597874326511
Blob53:0.5985019,1.949268,-11.38927,0,0,0,1,1,1,1
Blob10:-1.954177,3.032459,-10.75052,0,0,0,1,1,1,1
Blob97:-0.3292515,1.11342,-13.63987,0,0,0,1,1,1,1
-8587877597874163900
-8587877597873853605
Blob53:0.5514945,1.936668,-11.39324,0,0,0,1,1,1,1
Blob10:-1.954177,3.032459,-10.75052,0,0,0,1,1,1,1
Blob97:-0.3292515,1.11342,-13.63987,0,0,0,1,1,1,1
-8587877597873573334
Blob53:0.5189307,1.935508,-11.38239,0,0,0,1,1,1,1
Blob10:-1.954177,3.032459,-10.75052,0,0,0,1,1,1,1
Blob97:-0.3292515,1.11342,-13.63987,0,0,0,1,1,1,1
-8587877597873303026
Blob53:0.4840845,1.921161,-11.39723,0,0,0,1,1,1,1
Blob10:-1.954177,3.032459,-10.75052,0,0,0,1,1,1,1
Blob97:-0.3292515,1.11342,-13.63987,0,0,0,1,1,1,1
-8587877597873022800
Blob53:0.4680157,1.924266,-11.3868,0,0,0,1,1,1,1
Blob10:-1.954177,3.032459,-10.75052,0,0,0,1,1,1,1
Blob97:-0.3292515,1.11342,-13.63987,0,0,0,1,1,1,1
-8587877597872857314
-8587877597872577048
Blob53:0.4618348,1.930309,-11.38019,0,0,0,1,1,1,1
Blob10:-1.954177,3.032459,-10.75052,0,0,0,1,1,1,1
Blob97:-0.3292515,1.11342,-13.63987,0,0,0,1,1,1,1
-8587877597872296779
Blob53:0.4478109,1.923535,-11.36173,0,0,0,1,1,1,1
Blob10:-1.954177,3.032459,-10.75052,0,0,0,1,1,1,1
Blob97:-0.3292515,1.11342,-13.63987,0,0,0,1,1,1,1
-8587877597872026379
Blob53:0.4420012,1.923295,-11.35015,0,0,0,1,1,1,1
Blob10:-1.954177,3.032459,-10.75052,0,0,0,1,1,1,1
Blob97:-0.3292515,1.11342,-13.63987,0,0,0,1,1,1,1
-8587877597871870037
-8587877597871579746
Blob53:0.4373248,1.903019,-11.32737,0,0,0,1,1,1,1
Blob10:-1.954177,3.032459,-10.75052,0,0,0,1,1,1,1
Blob97:-0.3292515,1.11342,-13.63987,0,0,0,1,1,1,1
-8587877597871299472
Blob53:0.4243249,1.884671,-11.32854,0,0,0,1,1,1,1
Blob10:-1.954177,3.032459,-10.75052,0,0,0,1,1,1,1
Blob97:-0.3292515,1.11342,-13.63987,0,0,0,1,1,1,1
-8587877597870989197
Blob53:0.4182497,1.865463,-11.30338,0,0,0,1,1,1,1
Blob10:-1.954177,3.032459,-10.75052,0,0,0,1,1,1,1
Blob97:-0.3292515,1.11342,-13.63987,0,0,0,1,1,1,1
-8587877597870819078
Blob53:0.4186968,1.854354,-11.29879,0,0,0,1,1,1,1
Blob10:-1.954177,3.032459,-10.75052,0,0,0,1,1,1,1
Blob97:-0.3292515,1.11342,-13.63987,0,0,0,1,1,1,1
-8587877597870538678
-8587877597870255954
Blob53:0.4153411,1.831128,-11.28376,0,0,0,1,1,1,1
Blob10:-1.954177,3.032459,-10.75052,0,0,0,1,1,1,1
Blob97:-0.3292515,1.11342,-13.63987,0,0,0,1,1,1,1
-8587877597869965770
Blob53:0.3944452,1.817875,-11.27966,0,0,0,1,1,1,1
Blob10:-1.954177,3.032459,-10.75052,0,0,0,1,1,1,1
Blob97:-0.3292515,1.11342,-13.63987,0,0,0,1,1,1,1
-8587877597869805471
Blob53:0.3891392,1.813367,-11.28046,0,0,0,1,1,1,1
Blob10:-1.954177,3.032459,-10.75052,0,0,0,1,1,1,1
Blob97:-0.3292515,1.11342,-13.63987,0,0,0,1,1,1,1
-8587877597869515244
-8587877597869234903
Blob53:0.3875462,1.79589,-11.27942,0,0,0,1,1,1,1
Blob10:-1.954177,3.032459,-10.75052,0,0,0,1,1,1,1
Blob97:-0.3292515,1.11342,-13.63987,0,0,0,1,1,1,1
-8587877597868944689
Blob53:0.3934561,1.797071,-11.27107,0,0,0,1,1,1,1
Blob10:-1.954177,3.032459,-10.75052,0,0,0,1,1,1,1
Blob97:-0.3292515,1.11342,-13.63987,0,0,0,1,1,1,1
-8587877597868654290
Blob53:0.3735808,1.780174,-11.26983,0,0,0,1,1,1,1
Blob10:-1.954177,3.032459,-10.75052,0,0,0,1,1,1,1
Blob97:-0.3292515,1.11342,-13.63987,0,0,0,1,1,1,1
-8587877597868494559
-8587877597868204231
Blob53:0.3732902,1.775268,-11.27401,0,0,0,1,1,1,1
Blob10:-1.954177,3.032459,-10.75052,0,0,0,1,1,1,1
Blob97:-0.3292515,1.11342,-13.63987,0,0,0,1,1,1,1
-8587877597867924009
Blob53:0.3735546,1.772162,-11.27291,0,0,0,1,1,1,1
Blob10:-1.954177,3.032459,-10.75052,0,0,0,1,1,1,1
Blob97:-0.3292515,1.11342,-13.63987,0,0,0,1,1,1,1
-8587877597867614123
Blob53:0.3739421,1.768596,-11.27722,0,0,0,1,1,1,1
Blob10:-1.954177,3.032459,-10.75052,0,0,0,1,1,1,1
Blob97:-0.3292515,1.11342,-13.63987,0,0,0,1,1,1,1
-8587877597867323850
Blob53:0.3738953,1.772073,-11.27814,0,0,0,1,1,1,1
Blob10:-1.954177,3.032459,-10.75052,0,0,0,1,1,1,1
Blob97:-0.3292515,1.11342,-13.63987,0,0,0,1,1,1,1
-8587877597867156244
Blob53:0.375784,1.751963,-11.29359,0,0,0,1,1,1,1
Blob10:-1.954177,3.032459,-10.75052,0,0,0,1,1,1,1
Blob97:-0.3292515,1.11342,-13.63987,0,0,0,1,1,1,1
-8587877597866865850
-8587877597866585697
Blob53:0.3742887,1.763835,-11.28537,0,0,0,1,1,1,1
Blob10:-1.954177,3.032459,-10.75052,0,0,0,1,1,1,1
Blob97:-0.3292515,1.11342,-13.63987,0,0,0,1,1,1,1
-8587877597866295418
Blob53:0.374155,1.752206,-11.29128,0,0,0,1,1,1,1
Blob10:-1.954177,3.032459,-10.75052,0,0,0,1,1,1,1
Blob97:-0.3292515,1.11342,-13.63987,0,0,0,1,1,1,1
-8587877597866025159
Blob53:0.3733327,1.742464,-11.30077,0,0,0,1,1,1,1
Blob10:-1.954177,3.032459,-10.75052,0,0,0,1,1,1,1
Blob97:-0.3292515,1.11342,-13.63987,0,0,0,1,1,1,1
-8587877597865863920
-8587877597865573649
Blob53:0.373122,1.764483,-11.28897,0,0,0,1,1,1,1
Blob10:-1.954177,3.032459,-10.75052,0,0,0,1,1,1,1
Blob97:-0.3292515,1.11342,-13.63987,0,0,0,1,1,1,1
-8587877597865273358
Blob53:0.3730953,1.763723,-11.28804,0,0,0,1,1,1,1
Blob10:-1.954177,3.032459,-10.75052,0,0,0,1,1,1,1
Blob97:-0.3292515,1.11342,-13.63987,0,0,0,1,1,1,1
-8587877597865003102
Blob53:0.3708184,1.763286,-11.28038,0,0,0,1,1,1,1
Blob10:-1.954177,3.032459,-10.75052,0,0,0,1,1,1,1
Blob97:-0.3292515,1.11342,-13.63987,0,0,0,1,1,1,1
-8587877597864832647
-8587877597864553425
Blob53:0.3706607,1.772539,-11.26886,0,0,0,1,1,1,1
Blob10:-1.954177,3.032459,-10.75052,0,0,0,1,1,1,1
Blob97:-0.3292515,1.11342,-13.63987,0,0,0,1,1,1,1
-8587877597864263144
Blob53:0.3739215,1.768147,-11.27217,0,0,0,1,1,1,1
Blob10:-1.954177,3.032459,-10.75052,0,0,0,1,1,1,1
Blob97:-0.3292515,1.11342,-13.63987,0,0,0,1,1,1,1
-8587877597863952705
Blob53:0.383887,1.790277,-11.25747,0,0,0,1,1,1,1
Blob10:-1.954177,3.032459,-10.75052,0,0,0,1,1,1,1
Blob97:-0.3292515,1.11342,-13.63987,0,0,0,1,1,1,1
-8587877597863676020
Blob53:0.3775717,1.785537,-11.25165,0,0,0,1,1,1,1
Blob10:-1.954177,3.032459,-10.75052,0,0,0,1,1,1,1
Blob97:-0.3292515,1.11342,-13.63987,0,0,0,1,1,1,1
-8587877597863515949
-8587877597863225678
Blob53:0.3725944,1.781325,-11.24714,0,0,0,1,1,1,1
Blob10:-1.954177,3.032459,-10.75052,0,0,0,1,1,1,1
Blob97:-0.3292515,1.11342,-13.63987,0,0,0,1,1,1,1
-8587877597862926150
Blob53:0.3706248,1.777628,-11.23439,0,0,0,1,1,1,1
Blob10:-1.954177,3.032459,-10.75052,0,0,0,1,1,1,1
Blob97:-0.3292515,1.11342,-13.63987,0,0,0,1,1,1,1
-8587877597862649903
Blob53:0.3670037,1.77335,-11.22194,0,0,0,1,1,1,1
Blob10:-1.954177,3.032459,-10.75052,0,0,0,1,1,1,1
Blob97:-0.3292515,1.11342,-13.63987,0,0,0,1,1,1,1
-8587877597862489061
Blob53:0.3690192,1.78496,-11.20701,0,0,0,1,1,1,1
Blob10:-1.954177,3.032459,-10.75052,0,0,0,1,1,1,1
Blob97:-0.3292515,1.11342,-13.63987,0,0,0,1,1,1,1
-8587877597862188893
-8587877597861908634
Blob53:0.3645144,1.776639,-11.19657,0,0,0,1,1,1,1
Blob10:-1.954177,3.032459,-10.75052,0,0,0,1,1,1,1
Blob97:-0.3292515,1.11342,-13.63987,0,0,0,1,1,1,1
-8587877597861628340
Blob53:0.3568318,1.766393,-11.18915,0,0,0,1,1,1,1
Blob10:-1.954177,3.032459,-10.75052,0,0,0,1,1,1,1
Blob97:-0.3292515,1.11342,-13.63987,0,0,0,1,1,1,1
-8587877597861358109
Blob53:0.3427839,1.763083,-11.17281,0,0,0,1,1,1,1
Blob10:-1.954177,3.032459,-10.75052,0,0,0,1,1,1,1
Blob97:-0.3292515,1.11342,-13.63987,0,0,0,1,1,1,1
-8587877597861187851
-8587877597860917522
Blob53:0.3406356,1.760501,-11.16381,0,0,0,1,1,1,1
Blob10:-1.954177,3.032459,-10.75052,0,0,0,1,1,1,1
Blob97:-0.3292515,1.11342,-13.63987,0,0,0,1,1,1,1
-8587877597860607220
Blob53:0.3266422,1.727323,-11.14752,0,0,0,1,1,1,1
Blob10:-1.954177,3.032459,-10.75052,0,0,0,1,1,1,1
Blob97:-0.3292515,1.11342,-13.63987,0,0,0,1,1,1,1
-8587877597860327107
Blob53:0.3238121,1.733921,-11.13581,0,0,0,1,1,1,1
Blob10:-1.954177,3.032459,-10.75052,0,0,0,1,1,1,1
Blob97:-0.3292515,1.11342,-13.63987,0,0,0,1,1,1,1
-8587877597860163856
Blob53:0.3170716,1.722545,-11.12395,0,0,0,1,1,1,1
Blob10:-1.954177,3.032459,-10.75052,0,0,0,1,1,1,1
Blob97:-0.3292515,1.11342,-13.63987,0,0,0,1,1,1,1
-8587877597859883584
-8587877597859603318
Blob53:0.3105062,1.71119,-11.1168,0,0,0,1,1,1,1
Blob10:-1.954177,3.032459,-10.75052,0,0,0,1,1,1,1
Blob97:-0.3292515,1.11342,-13.63987,0,0,0,1,1,1,1
-8587877597859323046
Blob53:0.3117335,1.681528,-11.11375,0,0,0,1,1,1,1
Blob10:-1.954177,3.032459,-10.75052,0,0,0,1,1,1,1
Blob97:-0.3292515,1.11342,-13.63987,0,0,0,1,1,1,1
-8587877597859162685
Blob53:0.3080294,1.660929,-11.11618,0,0,0,1,1,1,1
Blob10:-1.954177,3.032459,-10.75052,0,0,0,1,1,1,1
Blob97:-0.3292515,1.11342,-13.63987,0,0,0,1,1,1,1
-8587877597858882534
-8587877597858592136
Blob53:0.2995538,1.642649,-11.11449,0,0,0,1,1,1,1
Blob10:-1.954177,3.032459,-10.75052,0,0,0,1,1,1,1
Blob97:-0.3292515,1.11342,-13.63987,0,0,0,1,1,1,1
-8587877597858311984
Blob53:0.3027386,1.637129,-11.10322,0,0,0,1,1,1,1
Blob10:-1.954177,3.032459,-10.75052,0,0,0,1,1,1,1
Blob97:-0.3292515,1.11342,-13.63987,0,0,0,1,1,1,1
-8587877597858141821
Blob53:0.2967609,1.602637,-11.1095,0,0,0,1,1,1,1
Blob10:-1.954177,3.032459,-10.75052,0,0,0,1,1,1,1
Blob97:-0.3292515,1.11342,-13.63987,0,0,0,1,1,1,1
-8587877597857851540
-8587877597857561262
Blob53:0.2946477,1.586653,-11.11149,0,0,0,1,1,1,1
Blob10:-1.954177,3.032459,-10.75052,0,0,0,1,1,1,1
Blob97:-0.3292515,1.11342,-13.63987,0,0,0,1,1,1,1
-8587877597857280990
Blob53:0.3008204,1.569149,-11.10921,0,0,0,1,1,1,1
Blob10:-1.954177,3.032459,-10.75052,0,0,0,1,1,1,1
Blob97:-0.3292515,1.11342,-13.63987,0,0,0,1,1,1,1
-8587877597856950678
Blob53:0.3037798,1.564634,-11.11882,0,0,0,1,1,1,1
Blob10:-1.954177,3.032459,-10.75052,0,0,0,1,1,1,1
Blob97:-0.3292515,1.11342,-13.63987,0,0,0,1,1,1,1
-8587877597856650339
Blob53:0.3062226,1.563309,-11.1189,0,0,0,1,1,1,1
Blob10:-1.954177,3.032459,-10.75052,0,0,0,1,1,1,1
Blob97:-0.3292515,1.11342,-13.63987,0,0,0,1,1,1,1
-8587877597856482106
Blob53:0.3241447,1.565985,-11.1188,0,0,0,1,1,1,1
Blob10:-1.954177,3.032459,-10.75052,0,0,0,1,1,1,1
Blob97:-0.3292515,1.11342,-13.63987,0,0,0,1,1,1,1
-8587877597856203576
-8587877597855913297
Blob53:0.3213127,1.565817,-11.11036,0,0,0,1,1,1,1
Blob10:-1.954177,3.032459,-10.75052,0,0,0,1,1,1,1
Blob97:-0.3292515,1.11342,-13.63987,0,0,0,1,1,1,1
-8587877597855623021
Blob53:0.3214858,1.564848,-11.11767,0,0,0,1,1,1,1
Blob10:-1.954177,3.032459,-10.75052,0,0,0,1,1,1,1
Blob97:-0.3292515,1.11342,-13.63987,0,0,0,1,1,1,1
-8587877597855322641
Blob53:0.3216872,1.554563,-11.12039,0,0,0,1,1,1,1
Blob10:-1.954177,3.032459,-10.75052,0,0,0,1,1,1,1
Blob97:-0.3292515,1.11342,-13.63987,0,0,0,1,1,1,1
-8587877597855164249
Blob53:0.3253588,1.559673,-11.11725,0,0,0,1,1,1,1
Blob10:-1.954177,3.032459,-10.75052,0,0,0,1,1,1,1
Blob97:-0.3292515,1.11342,-13.63987,0,0,0,1,1,1,1
-8587877597854873970
-8587877597854603711
Blob53:0.3214042,1.536687,-11.13468,0,0,0,1,1,1,1
Blob10:-1.954177,3.032459,-10.75052,0,0,0,1,1,1,1
Blob97:-0.3292515,1.11342,-13.63987,0,0,0,1,1,1,1
-8587877597854303407
Blob53:0.326089,1.530109,-11.12931,0,0,0,1,1,1,1
Blob10:-1.954177,3.032459,-10.75052,0,0,0,1,1,1,1
Blob97:-0.3292515,1.11342,-13.63987,0,0,0,1,1,1,1
-8587877597853993128
Blob53:0.3293281,1.527793,-11.1324,0,0,0,1,1,1,1
Blob10:-1.954177,3.032459,-10.75052,0,0,0,1,1,1,1
Blob97:-0.3292515,1.11342,-13.63987,0,0,0,1,1,1,1
-8587877597853823755
Blob53:0.327207,1.53059,-11.12438,0,0,0,1,1,1,1
Blob10:-1.954177,3.032459,-10.75052,0,0,0,1,1,1,1
Blob97:-0.3292515,1.11342,-13.63987,0,0,0,1,1,1,1
-8587877597853533480
-8587877597853253326
Blob53:0.3278293,1.525922,-11.13403,0,0,0,1,1,1,1
Blob10:-1.954177,3.032459,-10.75052,0,0,0,1,1,1,1
Blob97:-0.3292515,1.11342,-13.63987,0,0,0,1,1,1,1
-8587877597852963035
Blob53:0.3273967,1.533074,-11.12622,0,0,0,1,1,1,1
Blob10:-1.954177,3.032459,-10.75052,0,0,0,1,1,1,1
Blob97:-0.3292515,1.11342,-13.63987,0,0,0,1,1,1,1
-8587877597852692619
Blob53:0.3318774,1.535125,-11.11853,0,0,0,1,1,1,1
Blob10:-1.954177,3.032459,-10.75052,0,0,0,1,1,1,1
Blob97:-0.3292515,1.11342,-13.63987,0,0,0,1,1,1,1
-8587877597852532594
-8587877597852232305
Blob53:0.3186546,1.52814,-11.11682,0,0,0,1,1,1,1
Blob10:-1.954177,3.032459,-10.75052,0,0,0,1,1,1,1
Blob97:-0.3292515,1.11342,-13.63987,0,0,0,1,1,1,1
-8587877597851962013
Blob53:0.3083716,1.518434,-11.10994,0,0,0,1,1,1,1
Blob10:-1.954177,3.032459,-10.75052,0,0,0,1,1,1,1
Blob97:-0.3292515,1.11342,-13.63987,0,0,0,1,1,1,1
-8587877597851671734
Blob53:0.2997928,1.515022,-11.11255,0,0,0,1,1,1,1
Blob10:-1.954177,3.032459,-10.75052,0,0,0,1,1,1,1
Blob97:-0.3292515,1.11342,-13.63987,0,0,0,1,1,1,1
-8587877597851511540
-8587877597851218448
Blob53:0.279647,1.485961,-11.10715,0,0,0,1,1,1,1
Blob10:-1.954177,3.032459,-10.75052,0,0,0,1,1,1,1
Blob97:-0.3292515,1.11342,-13.63987,0,0,0,1,1,1,1
-8587877597850938366
Blob53:0.2796938,1.455564,-11.1158,0,0,0,1,1,1,1
Blob10:-1.954177,3.032459,-10.75052,0,0,0,1,1,1,1
Blob97:-0.3292515,1.11342,-13.63987,0,0,0,1,1,1,1
-8587877597850658100
Blob53:0.2840146,1.421608,-11.12148,0,0,0,1,1,1,1
Blob10:-1.954177,3.032459,-10.75052,0,0,0,1,1,1,1
Blob97:-0.3292515,1.11342,-13.63987,0,0,0,1,1,1,1
-8587877597850487785
-8587877597850187595
Blob53:0.3093235,1.375375,-11.13932,0,0,0,1,1,1,1
Blob10:-1.954177,3.032459,-10.75052,0,0,0,1,1,1,1
Blob97:-0.3292515,1.11342,-13.63987,0,0,0,1,1,1,1
-8587877597849897180
Blob53:0.3346435,1.31285,-11.1651,0,0,0,1,1,1,1
Blob10:-1.954177,3.032459,-10.75052,0,0,0,1,1,1,1
Blob97:-0.3292515,1.11342,-13.63987,0,0,0,1,1,1,1
-8587877597849597015
Blob53:0.4051595,1.276652,-11.18418,0,0,0,1,1,1,1
Blob10:-1.954177,3.032459,-10.75052,0,0,0,1,1,1,1
Blob97:-0.3292515,1.11342,-13.63987,0,0,0,1,1,1,1
-8587877597849316662
Blob53:0.4566178,1.23534,-11.18759,0,0,0,1,1,1,1
Blob10:-1.954177,3.032459,-10.75052,0,0,0,1,1,1,1
Blob97:-0.3292515,1.11342,-13.63987,0,0,0,1,1,1,1
-8587877597849146685
Blob53:0.5473488,1.248072,-11.1812,0,0,0,1,1,1,1
Blob10:-1.954177,3.032459,-10.75052,0,0,0,1,1,1,1
Blob97:-0.3292515,1.11342,-13.63987,0,0,0,1,1,1,1
-8587877597848856410
-8587877597848576143
Blob53:0.6251354,1.247801,-11.17384,0,0,0,1,1,1,1
Blob10:-1.954177,3.032459,-10.75052,0,0,0,1,1,1,1
Blob97:-0.3292515,1.11342,-13.63987,0,0,0,1,1,1,1
-8587877597848295869
Blob53:0.7163019,1.283013,-11.15688,0,0,0,1,1,1,1
Blob10:-1.954177,3.032459,-10.75052,0,0,0,1,1,1,1
Blob97:-0.3292515,1.11342,-13.63987,0,0,0,1,1,1,1
-8587877597847995584
Blob53:0.801494,1.309292,-11.14266,0,0,0,1,1,1,1
Blob10:-1.954177,3.032459,-10.75052,0,0,0,1,1,1,1
Blob97:-0.3292515,1.11342,-13.63987,0,0,0,1,1,1,1
-8587877597847827115
Blob53:0.8597095,1.349513,-11.12948,0,0,0,1,1,1,1
Blob10:-1.954177,3.032459,-10.75052,0,0,0,1,1,1,1
Blob97:-0.3292515,1.11342,-13.63987,0,0,0,1,1,1,1
-8587877597847536844
-8587877597847249630
Blob53:0.909959,1.377036,-11.10858,0,0,0,1,1,1,1
Blob10:-1.954177,3.032459,-10.75052,0,0,0,1,1,1,1
Blob97:-0.3292515,1.11342,-13.63987,0,0,0,1,1,1,1
-8587877597846959357
Blob53:0.9395328,1.431722,-11.08392,0,0,0,1,1,1,1
Blob10:-1.954177,3.032459,-10.75052,0,0,0,1,1,1,1
Blob97:-0.3292515,1.11342,-13.63987,0,0,0,1,1,1,1
-8587877597846689098
Blob53:0.9594196,1.483344,-11.06691,0,0,0,1,1,1,1
Blob10:-1.954177,3.032459,-10.75052,0,0,0,1,1,1,1
Blob97:-0.3292515,1.11342,-13.63987,0,0,0,1,1,1,1
-8587877597846518942
-8587877597846228653
Blob53:0.9689323,1.52586,-11.06888,0,0,0,1,1,1,1
Blob10:-1.954177,3.032459,-10.75052,0,0,0,1,1,1,1
Blob97:-0.3292515,1.11342,-13.63987,0,0,0,1,1,1,1
-8587877597845938372
Blob53:0.9527198,1.560449,-11.05689,0,0,0,1,1,1,1
Blob10:-1.954177,3.032459,-10.75052,0,0,0,1,1,1,1
Blob97:-0.3292515,1.11342,-13.63987,0,0,0,1,1,1,1
-8587877597845658016
Blob53:0.9251258,1.584769,-11.06022,0,0,0,1,1,1,1
Blob10:-1.954177,3.032459,-10.75052,0,0,0,1,1,1,1
Blob97:-0.3292515,1.11342,-13.63987,0,0,0,1,1,1,1
-8587877597845488066
Blob53:0.8825922,1.571986,-11.08163,0,0,0,1,1,1,1
Blob10:-1.954177,3.032459,-10.75052,0,0,0,1,1,1,1
Blob97:-0.3292515,1.11342,-13.63987,0,0,0,1,1,1,1
-8587877597845207802
-8587877597844917526
Blob53:0.8340917,1.584489,-11.09218,0,0,0,1,1,1,1
Blob10:-1.954177,3.032459,-10.75052,0,0,0,1,1,1,1
Blob97:-0.3292515,1.11342,-13.63987,0,0,0,1,1,1,1
-8587877597844627247
Blob53:0.7692935,1.595706,-11.11538,0,0,0,1,1,1,1
Blob10:-1.954177,3.032459,-10.75052,0,0,0,1,1,1,1
Blob97:-0.3292515,1.11342,-13.63987,0,0,0,1,1,1,1
-8587877597844356988
Blob53:0.7205059,1.582292,-11.14682,0,0,0,1,1,1,1
Blob10:-1.954177,3.032459,-10.75052,0,0,0,1,1,1,1
Blob97:-0.3292515,1.11342,-13.63987,0,0,0,1,1,1,1
-8587877597844186784
-8587877597843906505
Blob53:0.677924,1.58795,-11.15381,0,0,0,1,1,1,1
Blob10:-1.954177,3.032459,-10.75052,0,0,0,1,1,1,1
Blob97:-0.3292515,1.11342,-13.63987,0,0,0,1,1,1,1
-8587877597843616229
Blob53:0.6466644,1.590474,-11.17752,0,0,0,1,1,1,1
Blob10:-1.954177,3.032459,-10.75052,0,0,0,1,1,1,1
Blob97:-0.3292515,1.11342,-13.63987,0,0,0,1,1,1,1
-8587877597843325953
Blob53:0.6143149,1.608939,-11.18761,0,0,0,1,1,1,1
Blob10:-1.954177,3.032459,-10.75052,0,0,0,1,1,1,1
Blob97:-0.3292515,1.11342,-13.63987,0,0,0,1,1,1,1
-8587877597843156146
Blob53:0.6034251,1.620638,-11.18716,0,0,0,1,1,1,1
Blob10:-1.954177,3.032459,-10.75052,0,0,0,1,1,1,1
Blob97:-0.3292515,1.11342,-13.63987,0,0,0,1,1,1,1
-8587877597842875974
-8587877597842555546
Blob53:0.5894618,1.625333,-11.20534,0,0,0,1,1,1,1
Blob10:-1.954177,3.032459,-10.75052,0,0,0,1,1,1,1
Blob97:-0.3292515,1.11342,-13.63987,0,0,0,1,1,1,1
-8587877597842275278
Blob53:0.5864124,1.638692,-11.18659,0,0,0,1,1,1,1
Blob10:-1.954177,3.032459,-10.75052,0,0,0,1,1,1,1
Blob97:-0.3292515,1.11342,-13.63987,0,0,0,1,1,1,1
-8587877597841995126
Blob53:0.5804032,1.611091,-11.20918,0,0,0,1,1,1,1
Blob10:-1.954177,3.032459,-10.75052,0,0,0,1,1,1,1
Blob97:-0.3292515,1.11342,-13.63987,0,0,0,1,1,1,1
-8587877597841824715
Blob53:0.5805264,1.609867,-11.20759,0,0,0,1,1,1,1
Blob10:-1.954177,3.032459,-10.75052,0,0,0,1,1,1,1
Blob97:-0.3292515,1.11342,-13.63987,0,0,0,1,1,1,1
-8587877597841530348
-8587877597841250036
Blob53:0.5828711,1.572011,-11.24468,0,0,0,1,1,1,1
Blob10:-1.954177,3.032459,-10.75052,0,0,0,1,1,1,1
Blob97:-0.3292515,1.11342,-13.63987,0,0,0,1,1,1,1
-8587877597840959903
Blob53:0.5688416,1.471692,-11.21606,0,0,0,1,1,1,1
Blob10:-1.954177,3.032459,-10.75052,0,0,0,1,1,1,1
Blob97:-0.3292515,1.11342,-13.63987,0,0,0,1,1,1,1
-8587877597840679558
Blob53:0.5687536,1.347718,-11.20234,0,0,0,1,1,1,1
Blob10:-1.954177,3.032459,-10.75052,0,0,0,1,1,1,1
Blob97:-0.3292515,1.11342,-13.63987,0,0,0,1,1,1,1
-8587877597840509617
-8587877597840219339
Blob53:0.6110799,1.255829,-11.2385,0,0,0,1,1,1,1
Blob10:-1.954177,3.032459,-10.75052,0,0,0,1,1,1,1
Blob97:-0.3292515,1.11342,-13.63987,0,0,0,1,1,1,1
-8587877597839929060
Blob53:0.62837,1.221947,-11.24796,0,0,0,1,1,1,1
Blob10:-1.954177,3.032459,-10.75052,0,0,0,1,1,1,1
Blob97:-0.3292515,1.11342,-13.63987,0,0,0,1,1,1,1
-8587877597839638782
Blob53:0.6449493,1.195737,-11.23618,0,0,0,1,1,1,1
Blob10:-1.954177,3.032459,-10.75052,0,0,0,1,1,1,1
Blob97:-0.3292515,1.11342,-13.63987,0,0,0,1,1,1,1
-8587877597839483707
Blob53:0.6605984,1.180133,-11.24329,0,0,0,1,1,1,1
Blob10:-1.954177,3.032459,-10.75052,0,0,0,1,1,1,1
Blob97:-0.3292515,1.11342,-13.63987,0,0,0,1,1,1,1
-8587877597839193431
-8587877597838893140
Blob53:0.677979,1.173821,-11.25219,0,0,0,1,1,1,1
Blob10:-1.954177,3.032459,-10.75052,0,0,0,1,1,1,1
Blob97:-0.3292515,1.11342,-13.63987,0,0,0,1,1,1,1
-8587877597838602859
Blob53:0.6962683,1.177977,-11.25954,0,0,0,1,1,1,1
Blob10:-1.954177,3.032459,-10.75052,0,0,0,1,1,1,1
Blob97:-0.3292515,1.11342,-13.63987,0,0,0,1,1,1,1
-8587877597838312586
Blob53:0.7163712,1.186543,-11.26038,0,0,0,1,1,1,1
Blob10:-1.954177,3.032459,-10.75052,0,0,0,1,1,1,1
Blob97:-0.3292515,1.11342,-13.63987,0,0,0,1,1,1,1
-8587877597838151997
Blob53:0.7424943,1.1947,-11.25433,0,0,0,1,1,1,1
Blob10:-1.954177,3.032459,-10.75052,0,0,0,1,1,1,1
Blob97:-0.3292515,1.11342,-13.63987,0,0,0,1,1,1,1
-8587877597837851686
-8587877597837551513
Blob53:0.7633853,1.21132,-11.25919,0,0,0,1,1,1,1
Blob10:-1.954177,3.032459,-10.75052,0,0,0,1,1,1,1
Blob97:-0.3292515,1.11342,-13.63987,0,0,0,1,1,1,1
-8587877597837241121
Blob53:0.7862816,1.231351,-11.25395,0,0,0,1,1,1,1
Blob10:-1.954177,3.032459,-10.75052,0,0,0,1,1,1,1
Blob97:-0.3292515,1.11342,-13.63987,0,0,0,1,1,1,1
-8587877597836960936
Blob53:0.8145337,1.25289,-11.24672,0,0,0,1,1,1,1
Blob10:-1.954177,3.032459,-10.75052,0,0,0,1,1,1,1
Blob97:-0.3292515,1.11342,-13.63987,0,0,0,1,1,1,1
-8587877597836650485
Blob53:0.8432677,1.277047,-11.24467,0,0,0,1,1,1,1
Blob10:-1.954177,3.032459,-10.75052,0,0,0,1,1,1,1
Blob97:-0.3292515,1.11342,-13.63987,0,0,0,1,1,1,1
-8587877597836480455
Blob53:0.8686206,1.306965,-11.24158,0,0,0,1,1,1,1
Blob10:-1.954177,3.032459,-10.75052,0,0,0,1,1,1,1
Blob97:-0.3292515,1.11342,-13.63987,0,0,0,1,1,1,1
-8587877597836190166
-8587877597835899890
Blob53:0.8891808,1.351969,-11.2389,0,0,0,1,1,1,1
Blob10:-1.954177,3.032459,-10.75052,0,0,0,1,1,1,1
Blob97:-0.3292515,1.11342,-13.63987,0,0,0,1,1,1,1
-8587877597835609581
Blob53:0.8965081,1.478011,-11.21653,0,0,0,1,1,1,1
Blob10:-1.954177,3.032459,-10.75052,0,0,0,1,1,1,1
Blob97:-0.3292515,1.11342,-13.63987,0,0,0,1,1,1,1
-8587877597835289307
Blob53:0.9483619,1.447089,-11.28227,0,0,0,1,1,1,1
Blob10:-1.954177,3.032459,-10.75052,0,0,0,1,1,1,1
Blob97:-0.3292515,1.11342,-13.63987,0,0,0,1,1,1,1
-8587877597834958957
Blob53:0.942503,1.455119,-11.26407,0,0,0,1,1,1,1
Blob10:-1.954177,3.032459,-10.75052,0,0,0,1,1,1,1
Blob97:-0.3292515,1.11342,-13.63987,0,0,0,1,1,1,1
-8587877597834688718
Blob53:0.9325799,1.512878,-11.24425,0,0,0,1,1,1,1
Blob10:-1.954177,3.032459,-10.75052,0,0,0,1,1,1,1
Blob97:-0.3292515,1.11342,-13.63987,0,0,0,1,1,1,1
-8587877597834518573
-8587877597834228294
Blob53:0.9244931,1.551509,-11.23343,0,0,0,1,1,1,1
Blob10:-1.954177,3.032459,-10.75052,0,0,0,1,1,1,1
Blob97:-0.3292515,1.11342,-13.63987,0,0,0,1,1,1,1
-8587877597833951008
Blob53:0.9047572,1.580322,-11.20852,0,0,0,1,1,1,1
Blob10:-1.954177,3.032459,-10.75052,0,0,0,1,1,1,1
Blob97:-0.3292515,1.11342,-13.63987,0,0,0,1,1,1,1
-8587877597833660732
Blob53:0.8838998,1.599205,-11.18856,0,0,0,1,1,1,1
Blob10:-1.954177,3.032459,-10.75052,0,0,0,1,1,1,1
Blob97:-0.3292515,1.11342,-13.63987,0,0,0,1,1,1,1
-8587877597833490635
-8587877597833210372
Blob53:0.8699709,1.611556,-11.17583,0,0,0,1,1,1,1
Blob10:-1.954177,3.032459,-10.75052,0,0,0,1,1,1,1
Blob97:-0.3292515,1.11342,-13.63987,0,0,0,1,1,1,1
-8587877597832900066
Blob53:0.8459905,1.613932,-11.15663,0,0,0,1,1,1,1
Blob10:-1.954177,3.032459,-10.75052,0,0,0,1,1,1,1
Blob97:-0.3292515,1.11342,-13.63987,0,0,0,1,1,1,1
-8587877597832619802
Blob53:0.817953,1.58545,-11.15393,0,0,0,1,1,1,1
Blob10:-1.954177,3.032459,-10.75052,0,0,0,1,1,1,1
Blob97:-0.3292515,1.11342,-13.63987,0,0,0,1,1,1,1
-8587877597832319520
Blob53:0.8126829,1.593526,-11.14173,0,0,0,1,1,1,1
Blob10:-1.954177,3.032459,-10.75052,0,0,0,1,1,1,1
Blob97:-0.3292515,1.11342,-13.63987,0,0,0,1,1,1,1
-8587877597832159484
Blob53:0.7958335,1.580821,-11.14389,0,0,0,1,1,1,1
Blob10:-1.954177,3.032459,-10.75052,0,0,0,1,1,1,1
Blob97:-0.3292515,1.11342,-13.63987,0,0,0,1,1,1,1
-8587877597831869213
-8587877597831598954
Blob53:0.7920424,1.58904,-11.12364,0,0,0,1,1,1,1
Blob10:-1.954177,3.032459,-10.75052,0,0,0,1,1,1,1
Blob97:-0.3292515,1.11342,-13.63987,0,0,0,1,1,1,1
-8587877597831318685
Blob53:0.7770073,1.5797,-11.12052,0,0,0,1,1,1,1
Blob10:-1.954177,3.032459,-10.75052,0,0,0,1,1,1,1
Blob97:-0.3292515,1.11342,-13.63987,0,0,0,1,1,1,1
-8587877597831148245
Blob53:0.7908829,1.597025,-11.10805,0,0,0,1,1,1,1
Blob10:-1.954177,3.032459,-10.75052,0,0,0,1,1,1,1
Blob97:-0.3292515,1.11342,-13.63987,0,0,0,1,1,1,1
-8587877597830867963
-8587877597830577705
Blob53:0.7802366,1.589184,-11.10416,0,0,0,1,1,1,1
Blob10:-1.954177,3.032459,-10.75052,0,0,0,1,1,1,1
Blob97:-0.3292515,1.11342,-13.63987,0,0,0,1,1,1,1
-8587877597830297531
Blob53:0.7782843,1.581314,-11.10513,0,0,0,1,1,1,1
Blob10:-1.954177,3.032459,-10.75052,0,0,0,1,1,1,1
Blob97:-0.3292515,1.11342,-13.63987,0,0,0,1,1,1,1
-8587877597829987236
Blob53:0.7876759,1.563953,-11.10008,0,0,0,1,1,1,1
Blob10:-1.954177,3.032459,-10.75052,0,0,0,1,1,1,1
Blob97:-0.3292515,1.11342,-13.63987,0,0,0,1,1,1,1
-8587877597829817027
Blob53:0.7752644,1.54739,-11.10427,0,0,0,1,1,1,1
Blob10:-1.954177,3.032459,-10.75052,0,0,0,1,1,1,1
Blob97:-0.3292515,1.11342,-13.63987,0,0,0,1,1,1,1
-8587877597829533903
-8587877597829243763
Blob53:0.7776642,1.544131,-11.10235,0,0,0,1,1,1,1
Blob10:-1.954177,3.032459,-10.75052,0,0,0,1,1,1,1
Blob97:-0.3292515,1.11342,-13.63987,0,0,0,1,1,1,1
-8587877597828953485
Blob53:0.7774219,1.543281,-11.09499,0,0,0,1,1,1,1
Blob10:-1.954177,3.032459,-10.75052,0,0,0,1,1,1,1
Blob97:-0.3292515,1.11342,-13.63987,0,0,0,1,1,1,1
-8587877597828653084
Blob53:0.774828,1.537485,-11.09243,0,0,0,1,1,1,1
Blob10:-1.954177,3.032459,-10.75052,0,0,0,1,1,1,1
Blob97:-0.3292515,1.11342,-13.63987,0,0,0,1,1,1,1
-8587877597828486152
-8587877597828175710
Blob53:0.7726868,1.532421,-11.10287,0,0,0,1,1,1,1
Blob10:-1.954177,3.032459,-10.75052,0,0,0,1,1,1,1
Blob97:-0.3292515,1.11342,-13.63987,0,0,0,1,1,1,1
-8587877597827885552
Blob53:0.772329,1.532748,-11.10493,0,0,0,1,1,1,1
Blob10:-1.954177,3.032459,-10.75052,0,0,0,1,1,1,1
Blob97:-0.3292515,1.11342,-13.63987,0,0,0,1,1,1,1
-8587877597827605140
Blob53:0.7729177,1.530944,-11.11155,0,0,0,1,1,1,1
Blob10:-1.954177,3.032459,-10.75052,0,0,0,1,1,1,1
Blob97:-0.3292515,1.11342,-13.63987,0,0,0,1,1,1,1
-8587877597827325015
Blob53:0.7710568,1.534625,-11.10593,0,0,0,1,1,1,1
Blob10:-1.954177,3.032459,-10.75052,0,0,0,1,1,1,1
Blob97:-0.3292515,1.11342,-13.63987,0,0,0,1,1,1,1
-8587877597827159557
-8587877597826869273
Blob53:0.7697475,1.538039,-11.1145,0,0,0,1,1,1,1
Blob10:-1.954177,3.032459,-10.75052,0,0,0,1,1,1,1
Blob97:-0.3292515,1.11342,-13.63987,0,0,0,1,1,1,1
-8587877597826588257
Blob53:0.7688307,1.527399,-11.11068,0,0,0,1,1,1,1
Blob10:-1.954177,3.032459,-10.75052,0,0,0,1,1,1,1
Blob97:-0.3292515,1.11342,-13.63987,0,0,0,1,1,1,1
-8587877597826268277
Blob53:0.7656702,1.52083,-11.1194,0,0,0,1,1,1,1
Blob10:-1.954177,3.032459,-10.75052,0,0,0,1,1,1,1
Blob97:-0.3292515,1.11342,-13.63987,0,0,0,1,1,1,1
-8587877597825998020
Blob53:0.7590618,1.517561,-11.12817,0,0,0,1,1,1,1
Blob10:-1.954177,3.032459,-10.75052,0,0,0,1,1,1,1
Blob97:-0.3292515,1.11342,-13.63987,0,0,0,1,1,1,1
-8587877597825827560
Blob53:0.7586172,1.52108,-11.14974,0,0,0,1,1,1,1
Blob10:-1.954177,3.032459,-10.75052,0,0,0,1,1,1,1
Blob97:-0.3292515,1.11342,-13.63987,0,0,0,1,1,1,1
-8587877597825547296
-8587877597825257020
Blob53:0.7486554,1.500034,-11.15073,0,0,0,1,1,1,1
Blob10:-1.954177,3.032459,-10.75052,0,0,0,1,1,1,1
Blob97:-0.3292515,1.11342,-13.63987,0,0,0,1,1,1,1
-8587877597824976736
Blob53:0.7406972,1.479229,-11.16711,0,0,0,1,1,1,1
Blob10:-1.954177,3.032459,-10.75052,0,0,0,1,1,1,1
Blob97:-0.3292515,1.11342,-13.63987,0,0,0,1,1,1,1
-8587877597824808675
Blob53:0.7224239,1.498947,-11.17547,0,0,0,1,1,1,1
Blob10:-1.954177,3.032459,-10.75052,0,0,0,1,1,1,1
Blob97:-0.3292515,1.11342,-13.63987,0,0,0,1,1,1,1
-8587877597824488265
-8587877597824067982
Blob53:0.7118536,1.482312,-11.19141,0,0,0,1,1,1,1
Blob10:-1.954177,3.032459,-10.75052,0,0,0,1,1,1,1
Blob97:-0.3292515,1.11342,-13.63987,0,0,0,1,1,1,1
-8587877597823747670
Blob53:0.7139472,1.493337,-11.20712,0,0,0,1,1,1,1
Blob10:-1.954177,3.032459,-10.75052,0,0,0,1,1,1,1
Blob97:-0.3292515,1.11342,-13.63987,0,0,0,1,1,1,1
-8587877597823467408
Blob53:0.704002,1.513934,-11.21294,0,0,0,1,1,1,1
Blob10:-1.954177,3.032459,-10.75052,0,0,0,1,1,1,1
Blob97:-0.3292515,1.11342,-13.63987,0,0,0,1,1,1,1
-8587877597823187134
Blob53:0.7043686,1.52202,-11.21996,0,0,0,1,1,1,1
Blob10:-1.954177,3.032459,-10.75052,0,0,0,1,1,1,1
Blob97:-0.3292515,1.11342,-13.63987,0,0,0,1,1,1,1
-8587877597822906866
Blob53:0.703806,1.566689,-11.21443,0,0,0,1,1,1,1
Blob10:-1.954177,3.032459,-10.75052,0,0,0,1,1,1,1
Blob97:-0.3292515,1.11342,-13.63987,0,0,0,1,1,1,1
-8587877597822596565
Blob53:0.7135429,1.582472,-11.21436,0,0,0,1,1,1,1
Blob10:-1.954177,3.032459,-10.75052,0,0,0,1,1,1,1
Blob97:-0.3292515,1.11342,-13.63987,0,0,0,1,1,1,1
-8587877597822326309
Blob53:0.713647,1.572912,-11.21096,0,0,0,1,1,1,1
Blob10:-1.954177,3.032459,-10.75052,0,0,0,1,1,1,1
Blob97:-0.3292515,1.11342,-13.63987,0,0,0,1,1,1,1
-8587877597822166316
-8587877597821886047
Blob53:0.7208875,1.587084,-11.20928,0,0,0,1,1,1,1
Blob10:-1.954177,3.032459,-10.75052,0,0,0,1,1,1,1
Blob97:-0.3292515,1.11342,-13.63987,0,0,0,1,1,1,1
-8587877597821595684
Blob53:0.7242547,1.597264,-11.21188,0,0,0,1,1,1,1
Blob10:-1.954177,3.032459,-10.75052,0,0,0,1,1,1,1
Blob97:-0.3292515,1.11342,-13.63987,0,0,0,1,1,1,1
-8587877597821316074
Blob53:0.7233078,1.600235,-11.20749,0,0,0,1,1,1,1
Blob10:-1.954177,3.032459,-10.75052,0,0,0,1,1,1,1
Blob97:-0.3292515,1.11342,-13.63987,0,0,0,1,1,1,1
-8587877597821154563
Blob53:0.7217625,1.602951,-11.19585,0,0,0,1,1,1,1
Blob10:-1.954177,3.032459,-10.75052,0,0,0,1,1,1,1
Blob97:-0.3292515,1.11342,-13.63987,0,0,0,1,1,1,1
-8587877597820851139
-8587877597820570832
Blob53:0.7206808,1.598464,-11.2022,0,0,0,1,1,1,1
Blob10:-1.954177,3.032459,-10.75052,0,0,0,1,1,1,1
Blob97:-0.3292515,1.11342,-13.63987,0,0,0,1,1,1,1
-8587877597820290591
Blob53:0.7204949,1.593216,-11.20317,0,0,0,1,1,1,1
Blob10:-1.954177,3.032459,-10.75052,0,0,0,1,1,1,1
Blob97:-0.3292515,1.11342,-13.63987,0,0,0,1,1,1,1
-8587877597819981578
Blob53:0.7201974,1.600766,-11.19465,0,0,0,1,1,1,1
Blob10:-1.954177,3.032459,-10.75052,0,0,0,1,1,1,1
Blob97:-0.3292515,1.11342,-13.63987,0,0,0,1,1,1,1
-8587877597819810017
Blob53:0.7193543,1.598569,-11.18457,0,0,0,1,1,1,1
Blob10:-1.954177,3.032459,-10.75052,0,0,0,1,1,1,1
Blob97:-0.3292515,1.11342,-13.63987,0,0,0,1,1,1,1
-8587877597819532365
-8587877597819242127
Blob53:0.7183342,1.602788,-11.18387,0,0,0,1,1,1,1
Blob10:-1.954177,3.032459,-10.75052,0,0,0,1,1,1,1
Blob97:-0.3292515,1.11342,-13.63987,0,0,0,1,1,1,1
-8587877597818961853
Blob53:0.7196658,1.608136,-11.18161,0,0,0,1,1,1,1
Blob10:-1.954177,3.032459,-10.75052,0,0,0,1,1,1,1
Blob97:-0.3292515,1.11342,-13.63987,0,0,0,1,1,1,1
-8587877597818681544
Blob53:0.7212762,1.603665,-11.17794,0,0,0,1,1,1,1
Blob10:-1.954177,3.032459,-10.75052,0,0,0,1,1,1,1
Blob97:-0.3292515,1.11342,-13.63987,0,0,0,1,1,1,1
-8587877597818522491
-8587877597818232222
Blob53:0.7338211,1.610229,-11.1783,0,0,0,1,1,1,1
Blob10:-1.954177,3.032459,-10.75052,0,0,0,1,1,1,1
Blob97:-0.3292515,1.11342,-13.63987,0,0,0,1,1,1,1
-8587877597817931937
Blob53:0.7330946,1.609067,-11.175,0,0,0,1,1,1,1
Blob10:-1.954177,3.032459,-10.75052,0,0,0,1,1,1,1
Blob97:-0.3292515,1.11342,-13.63987,0,0,0,1,1,1,1
-8587877597817651668
Blob53:0.737248,1.599257,-11.1793,0,0,0,1,1,1,1
Blob10:-1.954177,3.032459,-10.75052,0,0,0,1,1,1,1
Blob97:-0.3292515,1.11342,-13.63987,0,0,0,1,1,1,1
-8587877597817481139
Blob53:0.7407515,1.600462,-11.17414,0,0,0,1,1,1,1
Blob10:-1.954177,3.032459,-10.75052,0,0,0,1,1,1,1
Blob97:-0.3292515,1.11342,-13.63987,0,0,0,1,1,1,1
-8587877597817200867
-8587877597816920696
Blob53:0.7414569,1.59339,-11.17613,0,0,0,1,1,1,1
Blob10:-1.954177,3.032459,-10.75052,0,0,0,1,1,1,1
Blob97:-0.3292515,1.11342,-13.63987,0,0,0,1,1,1,1
-8587877597816640427
Blob53:0.7370068,1.581391,-11.16969,0,0,0,1,1,1,1
Blob10:-1.954177,3.032459,-10.75052,0,0,0,1,1,1,1
Blob97:-0.3292515,1.11342,-13.63987,0,0,0,1,1,1,1
-8587877597816480056
Blob53:0.7372715,1.57971,-11.17624,0,0,0,1,1,1,1
Blob10:-1.954177,3.032459,-10.75052,0,0,0,1,1,1,1
Blob97:-0.3292515,1.11342,-13.63987,0,0,0,1,1,1,1
-8587877597816199792
-8587877597815899499
Blob53:0.7372076,1.577214,-11.17577,0,0,0,1,1,1,1
Blob10:-1.954177,3.032459,-10.75052,0,0,0,1,1,1,1
Blob97:-0.3292515,1.11342,-13.63987,0,0,0,1,1,1,1
-8587877597815619240
Blob53:0.7362216,1.576352,-11.16806,0,0,0,1,1,1,1
Blob10:-1.954177,3.032459,-10.75052,0,0,0,1,1,1,1
Blob97:-0.3292515,1.11342,-13.63987,0,0,0,1,1,1,1
-8587877597815318952
Blob53:0.737007,1.572964,-11.17795,0,0,0,1,1,1,1
Blob10:-1.954177,3.032459,-10.75052,0,0,0,1,1,1,1
Blob97:-0.3292515,1.11342,-13.63987,0,0,0,1,1,1,1
-8587877597815158857
Blob53:0.7368732,1.571352,-11.17457,0,0,0,1,1,1,1
Blob10:-1.954177,3.032459,-10.75052,0,0,0,1,1,1,1
Blob97:-0.3292515,1.11342,-13.63987,0,0,0,1,1,1,1
-8587877597814878504
-8587877597814588177
Blob53:0.738395,1.580177,-11.17583,0,0,0,1,1,1,1
Blob10:-1.954177,3.032459,-10.75052,0,0,0,1,1,1,1
Blob97:-0.3292515,1.11342,-13.63987,0,0,0,1,1,1,1
-8587877597814297993
Blob53:0.7386689,1.571013,-11.17235,0,0,0,1,1,1,1
Blob10:-1.954177,3.032459,-10.75052,0,0,0,1,1,1,1
Blob97:-0.3292515,1.11342,-13.63987,0,0,0,1,1,1,1
-8587877597813997743
Blob53:0.7349763,1.550984,-11.18723,0,0,0,1,1,1,1
Blob10:-1.954177,3.032459,-10.75052,0,0,0,1,1,1,1
Blob97:-0.3292515,1.11342,-13.63987,0,0,0,1,1,1,1
-8587877597813837418
-8587877597813528856
Blob53:0.7312766,1.537271,-11.19461,0,0,0,1,1,1,1
Blob10:-1.954177,3.032459,-10.75052,0,0,0,1,1,1,1
Blob97:-0.3292515,1.11342,-13.63987,0,0,0,1,1,1,1
-8587877597813248723
Blob53:0.7356726,1.50825,-11.21203,0,0,0,1,1,1,1
Blob10:-1.954177,3.032459,-10.75052,0,0,0,1,1,1,1
Blob97:-0.3292515,1.11342,-13.63987,0,0,0,1,1,1,1
-8587877597812968454
Blob53:0.7304547,1.454811,-11.24011,0,0,0,1,1,1,1
Blob10:-1.954177,3.032459,-10.75052,0,0,0,1,1,1,1
Blob97:-0.3292515,1.11342,-13.63987,0,0,0,1,1,1,1
-8587877597812787892
Blob53:0.7354064,1.393622,-11.26417,0,0,0,1,1,1,1
Blob10:-1.954177,3.032459,-10.75052,0,0,0,1,1,1,1
Blob97:-0.3292515,1.11342,-13.63987,0,0,0,1,1,1,1
-8587877597812517628
-8587877597812217283
Blob53:0.807171,1.356113,-11.28265,0,0,0,1,1,1,1
Blob10:-1.954177,3.032459,-10.75052,0,0,0,1,1,1,1
Blob97:-0.3292515,1.11342,-13.63987,0,0,0,1,1,1,1
-8587877597811946970
Blob53:0.8974632,1.314842,-11.28188,0,0,0,1,1,1,1
Blob10:-1.954177,3.032459,-10.75052,0,0,0,1,1,1,1
Blob97:-0.3292515,1.11342,-13.63987,0,0,0,1,1,1,1
-8587877597811646797
Blob53:1.055839,1.300685,-11.27588,0,0,0,1,1,1,1
Blob10:-1.954177,3.032459,-10.75052,0,0,0,1,1,1,1
Blob97:-0.3292515,1.11342,-13.63987,0,0,0,1,1,1,1
-8587877597811476629
Blob53:1.214566,1.31012,-11.25599,0,0,0,1,1,1,1
Blob10:-1.954177,3.032459,-10.75052,0,0,0,1,1,1,1
Blob97:-0.3292515,1.11342,-13.63987,0,0,0,1,1,1,1
-8587877597811206375
-8587877597810916096
Blob53:1.383471,1.352686,-11.24433,0,0,0,1,1,1,1
Blob10:-1.954177,3.032459,-10.75052,0,0,0,1,1,1,1
Blob97:-0.3292515,1.11342,-13.63987,0,0,0,1,1,1,1
-8587877597810625769
Blob53:1.515815,1.433198,-11.23245,0,0,0,1,1,1,1
Blob10:-1.954177,3.032459,-10.75052,0,0,0,1,1,1,1
Blob97:-0.3292515,1.11342,-13.63987,0,0,0,1,1,1,1
-8587877597810325371
Blob53:1.592033,1.491986,-11.22159,0,0,0,1,1,1,1
Blob10:-1.954177,3.032459,-10.75052,0,0,0,1,1,1,1
Blob97:-0.3292515,1.11342,-13.63987,0,0,0,1,1,1,1
-8587877597810163950
Blob53:1.661948,1.577805,-11.20067,0,0,0,1,1,1,1
Blob10:-1.954177,3.032459,-10.75052,0,0,0,1,1,1,1
Blob97:-0.3292515,1.11342,-13.63987,0,0,0,1,1,1,1
-8587877597809883684
-8587877597809593406
Blob53:1.660479,1.619177,-11.19745,0,0,0,1,1,1,1
Blob10:-1.954177,3.032459,-10.75052,0,0,0,1,1,1,1
Blob97:-0.3292515,1.11342,-13.63987,0,0,0,1,1,1,1
-8587877597809313144
Blob53:1.613916,1.656711,-11.20556,0,0,0,1,1,1,1
Blob10:-1.954177,3.032459,-10.75052,0,0,0,1,1,1,1
Blob97:-0.3292515,1.11342,-13.63987,0,0,0,1,1,1,1
-8587877597809152735
Blob53:1.516558,1.658806,-11.22283,0,0,0,1,1,1,1
Blob10:-1.954177,3.032459,-10.75052,0,0,0,1,1,1,1
Blob97:-0.3292515,1.11342,-13.63987,0,0,0,1,1,1,1
-8587877597808772211
-8587877597808321948
Blob53:1.32243,1.667122,-11.26663,0,0,0,1,1,1,1
Blob10:-1.954177,3.032459,-10.75052,0,0,0,1,1,1,1
Blob97:-0.3292515,1.11342,-13.63987,0,0,0,1,1,1,1
-8587877597808021660
Blob53:0.8831357,1.701155,-11.38892,0,0,0,1,1,1,1
Blob10:-1.954177,3.032459,-10.75052,0,0,0,1,1,1,1
Blob97:-0.3292515,1.11342,-13.63987,0,0,0,1,1,1,1
-8587877597807741388
-8587877597807451102
Blob53:0.7168361,1.701201,-11.4474,0,0,0,1,1,1,1
Blob10:-1.954177,3.032459,-10.75052,0,0,0,1,1,1,1
Blob97:-0.3292515,1.11342,-13.63987,0,0,0,1,1,1,1
-8587877597807170836
Blob53:0.6141669,1.73286,-11.49954,0,0,0,1,1,1,1
Blob10:-1.954177,3.032459,-10.75052,0,0,0,1,1,1,1
Blob97:-0.3292515,1.11342,-13.63987,0,0,0,1,1,1,1
-8587877597806900584
Blob53:0.585155,1.756906,-11.51987,0,0,0,1,1,1,1
Blob10:-1.954177,3.032459,-10.75052,0,0,0,1,1,1,1
Blob97:-0.3292515,1.11342,-13.63987,0,0,0,1,1,1,1
-8587877597806610293
Blob53:0.5949545,1.775362,-11.50381,0,0,0,1,1,1,1
Blob10:-1.954177,3.032459,-10.75052,0,0,0,1,1,1,1
Blob97:-0.3292515,1.11342,-13.63987,0,0,0,1,1,1,1
-8587877597806323048
Blob53:0.6263909,1.766452,-11.47538,0,0,0,1,1,1,1
Blob10:-1.954177,3.032459,-10.75052,0,0,0,1,1,1,1
Blob97:-0.3292515,1.11342,-13.63987,0,0,0,1,1,1,1
-8587877597806127487
Blob53:0.6830723,1.757879,-11.42186,0,0,0,1,1,1,1
Blob10:-1.954177,3.032459,-10.75052,0,0,0,1,1,1,1
Blob97:-0.3292515,1.11342,-13.63987,0,0,0,1,1,1,1
-8587877597805857225
-8587877597805566944
Blob53:0.7540029,1.749954,-11.36477,0,0,0,1,1,1,1
Blob10:-1.954177,3.032459,-10.75052,0,0,0,1,1,1,1
Blob97:-0.3292515,1.11342,-13.63987,0,0,0,1,1,1,1
-8587877597805286678
Blob53:0.8460003,1.745072,-11.33232,0,0,0,1,1,1,1
Blob10:-1.954177,3.032459,-10.75052,0,0,0,1,1,1,1
Blob97:-0.3292515,1.11342,-13.63987,0,0,0,1,1,1,1
-8587877597804996400
Blob53:0.9068559,1.743058,-11.30502,0,0,0,1,1,1,1
Blob10:-1.954177,3.032459,-10.75052,0,0,0,1,1,1,1
Blob97:-0.3292515,1.11342,-13.63987,0,0,0,1,1,1,1
-8587877597804834953
-8587877597804560014
Blob53:0.922683,1.721256,-11.29012,0,0,0,1,1,1,1
Blob10:-1.954177,3.032459,-10.75052,0,0,0,1,1,1,1
Blob97:-0.3292515,1.11342,-13.63987,0,0,0,1,1,1,1
-8587877597804279789
Blob53:0.9163465,1.724649,-11.30447,0,0,0,1,1,1,1
Blob10:-1.954177,3.032459,-10.75052,0,0,0,1,1,1,1
Blob97:-0.3292515,1.11342,-13.63987,0,0,0,1,1,1,1
-8587877597803993688
Blob53:0.8897966,1.709192,-11.31043,0,0,0,1,1,1,1
Blob10:-1.954177,3.032459,-10.75052,0,0,0,1,1,1,1
Blob97:-0.3292515,1.11342,-13.63987,0,0,0,1,1,1,1
-8587877597803833248
-8587877597803552979
Blob53:0.8308017,1.677617,-11.34434,0,0,0,1,1,1,1
Blob10:-1.954177,3.032459,-10.75052,0,0,0,1,1,1,1
Blob97:-0.3292515,1.11342,-13.63987,0,0,0,1,1,1,1
-8587877597803252694
Blob53:0.7655766,1.635962,-11.37253,0,0,0,1,1,1,1
Blob10:-1.954177,3.032459,-10.75052,0,0,0,1,1,1,1
Blob97:-0.3292515,1.11342,-13.63987,0,0,0,1,1,1,1
-8587877597802962410
Blob53:0.7309386,1.625935,-11.40593,0,0,0,1,1,1,1
Blob10:-1.954177,3.032459,-10.75052,0,0,0,1,1,1,1
Blob97:-0.3292515,1.11342,-13.63987,0,0,0,1,1,1,1
-8587877597802692153
Blob53:0.6989623,1.634815,-11.40666,0,0,0,1,1,1,1
Blob10:-1.954177,3.032459,-10.75052,0,0,0,1,1,1,1
Blob97:-0.3292515,1.11342,-13.63987,0,0,0,1,1,1,1
-8587877597802532169
-8587877597802251882
Blob53:0.6854351,1.654147,-11.40455,0,0,0,1,1,1,1
Blob10:-1.954177,3.032459,-10.75052,0,0,0,1,1,1,1
Blob97:-0.3292515,1.11342,-13.63987,0,0,0,1,1,1,1
-8587877597801961708
Blob53:0.6837122,1.65942,-11.38056,0,0,0,1,1,1,1
Blob10:-1.954177,3.032459,-10.75052,0,0,0,1,1,1,1
Blob97:-0.3292515,1.11342,-13.63987,0,0,0,1,1,1,1
-8587877597801651423
Blob53:0.6952907,1.667686,-11.37245,0,0,0,1,1,1,1
Blob10:-1.954177,3.032459,-10.75052,0,0,0,1,1,1,1
Blob97:-0.3292515,1.11342,-13.63987,0,0,0,1,1,1,1
-8587877597801491216
Blob53:0.7109135,1.680699,-11.35042,0,0,0,1,1,1,1
Blob10:-1.954177,3.032459,-10.75052,0,0,0,1,1,1,1
Blob97:-0.3292515,1.11342,-13.63987,0,0,0,1,1,1,1
-8587877597801200932
-8587877597800900649
Blob53:0.7294704,1.66082,-11.35344,0,0,0,1,1,1,1
Blob10:-1.954177,3.032459,-10.75052,0,0,0,1,1,1,1
Blob97:-0.3292515,1.11342,-13.63987,0,0,0,1,1,1,1
-8587877597800620378
Blob53:0.7414656,1.657636,-11.34912,0,0,0,1,1,1,1
Blob10:-1.954177,3.032459,-10.75052,0,0,0,1,1,1,1
Blob97:-0.3292515,1.11342,-13.63987,0,0,0,1,1,1,1
-8587877597800320095
Blob53:0.766822,1.660846,-11.3321,0,0,0,1,1,1,1
Blob10:-1.954177,3.032459,-10.75052,0,0,0,1,1,1,1
Blob97:-0.3292515,1.11342,-13.63987,0,0,0,1,1,1,1
-8587877597800159934
Blob53:0.7760061,1.654387,-11.33997,0,0,0,1,1,1,1
Blob10:-1.954177,3.032459,-10.75052,0,0,0,1,1,1,1
Blob97:-0.3292515,1.11342,-13.63987,0,0,0,1,1,1,1
-8587877597799879673
-8587877597799589394
Blob53:0.7939435,1.657089,-11.33224,0,0,0,1,1,1,1
Blob10:-1.954177,3.032459,-10.75052,0,0,0,1,1,1,1
Blob97:-0.3292515,1.11342,-13.63987,0,0,0,1,1,1,1
-8587877597799299118
Blob53:0.800033,1.631583,-11.33641,0,0,0,1,1,1,1
Blob10:-1.954177,3.032459,-10.75052,0,0,0,1,1,1,1
Blob97:-0.3292515,1.11342,-13.63987,0,0,0,1,1,1,1
-8587877597799018847
Blob53:0.816956,1.623512,-11.34003,0,0,0,1,1,1,1
Blob10:-1.954177,3.032459,-10.75052,0,0,0,1,1,1,1
Blob97:-0.3292515,1.11342,-13.63987,0,0,0,1,1,1,1
-8587877597798858696
-8587877597798578424
Blob53:0.8192866,1.622512,-11.3394,0,0,0,1,1,1,1
Blob10:-1.954177,3.032459,-10.75052,0,0,0,1,1,1,1
Blob97:-0.3292515,1.11342,-13.63987,0,0,0,1,1,1,1
-8587877597798288138
Blob53:0.8208972,1.625968,-11.3512,0,0,0,1,1,1,1
Blob10:-1.954177,3.032459,-10.75052,0,0,0,1,1,1,1
Blob97:-0.3292515,1.11342,-13.63987,0,0,0,1,1,1,1
-8587877597798027896
Blob53:0.8162371,1.617689,-11.34919,0,0,0,1,1,1,1
Blob10:-1.954177,3.032459,-10.75052,0,0,0,1,1,1,1
Blob97:-0.3292515,1.11342,-13.63987,0,0,0,1,1,1,1
-8587877597797857728
-8587877597797577464
Blob53:0.8159136,1.615295,-11.34524,0,0,0,1,1,1,1
Blob10:-1.954177,3.032459,-10.75052,0,0,0,1,1,1,1
Blob97:-0.3292515,1.11342,-13.63987,0,0,0,1,1,1,1
-8587877597797287347
Blob53:0.8146479,1.623714,-11.35348,0,0,0,1,1,1,1
Blob10:-1.954177,3.032459,-10.75052,0,0,0,1,1,1,1
Blob97:-0.3292515,1.11342,-13.63987,0,0,0,1,1,1,1
-8587877597796997068
Blob53:0.820101,1.630083,-11.36278,0,0,0,1,1,1,1
Blob10:-1.954177,3.032459,-10.75052,0,0,0,1,1,1,1
Blob97:-0.3292515,1.11342,-13.63987,0,0,0,1,1,1,1
-8587877597796824012
Blob53:0.8205218,1.634396,-11.36024,0,0,0,1,1,1,1
Blob10:-1.954177,3.032459,-10.75052,0,0,0,1,1,1,1
Blob97:-0.3292515,1.11342,-13.63987,0,0,0,1,1,1,1
-8587877597796543751
-8587877597796253501
Blob53:0.8169869,1.627132,-11.36903,0,0,0,1,1,1,1
Blob10:-1.954177,3.032459,-10.75052,0,0,0,1,1,1,1
Blob97:-0.3292515,1.11342,-13.63987,0,0,0,1,1,1,1
-8587877597795983264
Blob53:0.815203,1.625015,-11.3756,0,0,0,1,1,1,1
Blob10:-1.954177,3.032459,-10.75052,0,0,0,1,1,1,1
Blob97:-0.3292515,1.11342,-13.63987,0,0,0,1,1,1,1
-8587877597795810237
Blob53:0.8143598,1.624455,-11.38149,0,0,0,1,1,1,1
Blob10:-1.954177,3.032459,-10.75052,0,0,0,1,1,1,1
Blob97:-0.3292515,1.11342,-13.63987,0,0,0,1,1,1,1
-8587877597795529978
-8587877597795239697
Blob53:0.8153472,1.623801,-11.38266,0,0,0,1,1,1,1
Blob10:-1.954177,3.032459,-10.75052,0,0,0,1,1,1,1
Blob97:-0.3292515,1.11342,-13.63987,0,0,0,1,1,1,1
-8587877597794959428
Blob53:0.813816,1.620941,-11.38862,0,0,0,1,1,1,1
Blob10:-1.954177,3.032459,-10.75052,0,0,0,1,1,1,1
Blob97:-0.3292515,1.11342,-13.63987,0,0,0,1,1,1,1
-8587877597794659137
Blob53:0.8134591,1.630212,-11.37983,0,0,0,1,1,1,1
Blob10:-1.954177,3.032459,-10.75052,0,0,0,1,1,1,1
Blob97:-0.3292515,1.11342,-13.63987,0,0,0,1,1,1,1
-8587877597794498006
-8587877597794217601
Blob53:0.8156874,1.633169,-11.38029,0,0,0,1,1,1,1
Blob10:-1.954177,3.032459,-10.75052,0,0,0,1,1,1,1
Blob97:-0.3292515,1.11342,-13.63987,0,0,0,1,1,1,1
-8587877597793917451
Blob53:0.8151538,1.640001,-11.38815,0,0,0,1,1,1,1
Blob10:-1.954177,3.032459,-10.75052,0,0,0,1,1,1,1
Blob97:-0.3292515,1.11342,-13.63987,0,0,0,1,1,1,1
-8587877597793651296
Blob53:0.815684,1.639967,-11.38545,0,0,0,1,1,1,1
Blob10:-1.954177,3.032459,-10.75052,0,0,0,1,1,1,1
Blob97:-0.3292515,1.11342,-13.63987,0,0,0,1,1,1,1
-8587877597793481092
Blob53:0.8167038,1.64919,-11.39069,0,0,0,1,1,1,1
Blob10:-1.954177,3.032459,-10.75052,0,0,0,1,1,1,1
Blob97:-0.3292515,1.11342,-13.63987,0,0,0,1,1,1,1
-8587877597793190811
-8587877597792900524
Blob53:0.8124679,1.64564,-11.39676,0,0,0,1,1,1,1
Blob10:-1.954177,3.032459,-10.75052,0,0,0,1,1,1,1
Blob97:-0.3292515,1.11342,-13.63987,0,0,0,1,1,1,1
-8587877597792600247
Blob53:0.8038201,1.639605,-11.393,0,0,0,1,1,1,1
Blob10:-1.954177,3.032459,-10.75052,0,0,0,1,1,1,1
Blob97:-0.3292515,1.11342,-13.63987,0,0,0,1,1,1,1
-8587877597792325638
Blob53:0.8034254,1.640797,-11.3982,0,0,0,1,1,1,1
Blob10:-1.954177,3.032459,-10.75052,0,0,0,1,1,1,1
Blob97:-0.3292515,1.11342,-13.63987,0,0,0,1,1,1,1
-8587877597792165512
-8587877597791855217
Blob53:0.7967534,1.63653,-11.40182,0,0,0,1,1,1,1
Blob10:-1.954177,3.032459,-10.75052,0,0,0,1,1,1,1
Blob97:-0.3292515,1.11342,-13.63987,0,0,0,1,1,1,1
-8587877597791564934
Blob53:0.7992247,1.637334,-11.40639,0,0,0,1,1,1,1
Blob10:-1.954177,3.032459,-10.75052,0,0,0,1,1,1,1
Blob97:-0.3292515,1.11342,-13.63987,0,0,0,1,1,1,1
-8587877597791274630
Blob53:0.8025045,1.652131,-11.40857,0,0,0,1,1,1,1
Blob10:-1.954177,3.032459,-10.75052,0,0,0,1,1,1,1
Blob97:-0.3292515,1.11342,-13.63987,0,0,0,1,1,1,1
-8587877597790994381
Blob53:0.8021849,1.649317,-11.41612,0,0,0,1,1,1,1
Blob10:-1.954177,3.032459,-10.75052,0,0,0,1,1,1,1
Blob97:-0.3292515,1.11342,-13.63987,0,0,0,1,1,1,1
-8587877597790834182
-8587877597790553908
Blob53:0.7912177,1.657037,-11.4098,0,0,0,1,1,1,1
Blob10:-1.954177,3.032459,-10.75052,0,0,0,1,1,1,1
Blob97:-0.3292515,1.11342,-13.63987,0,0,0,1,1,1,1
-8587877597790251385
Blob53:0.7808658,1.660174,-11.40704,0,0,0,1,1,1,1
Blob10:-1.954177,3.032459,-10.75052,0,0,0,1,1,1,1
Blob97:-0.3292515,1.11342,-13.63987,0,0,0,1,1,1,1
-8587877597789971231
Blob53:0.7587851,1.643686,-11.44352,0,0,0,1,1,1,1
Blob10:-1.954177,3.032459,-10.75052,0,0,0,1,1,1,1
Blob97:-0.3292515,1.11342,-13.63987,0,0,0,1,1,1,1
-8587877597789801137
Blob53:0.7427655,1.462389,-11.40567,0,0,0,1,1,1,1
Blob10:-1.954177,3.032459,-10.75052,0,0,0,1,1,1,1
Blob97:-0.3292515,1.11342,-13.63987,0,0,0,1,1,1,1
-8587877597789520873
-8587877597789240597
Blob53:0.7603216,1.340399,-11.45161,0,0,0,1,1,1,1
Blob10:-1.954177,3.032459,-10.75052,0,0,0,1,1,1,1
Blob97:-0.3292515,1.11342,-13.63987,0,0,0,1,1,1,1
-8587877597788950321
Blob53:0.7631606,1.307233,-11.4721,0,0,0,1,1,1,1
Blob10:-1.954177,3.032459,-10.75052,0,0,0,1,1,1,1
Blob97:-0.3292515,1.11342,-13.63987,0,0,0,1,1,1,1
-8587877597788630016
Blob53:0.7588353,1.284612,-11.46849,0,0,0,1,1,1,1
Blob10:-1.954177,3.032459,-10.75052,0,0,0,1,1,1,1
Blob97:-0.3292515,1.11342,-13.63987,0,0,0,1,1,1,1
-8587877597788309706
Blob53:0.7613032,1.26681,-11.47712,0,0,0,1,1,1,1
Blob10:-1.954177,3.032459,-10.75052,0,0,0,1,1,1,1
Blob97:-0.3292515,1.11342,-13.63987,0,0,0,1,1,1,1
-8587877597788151790
Blob53:0.7602359,1.257481,-11.47794,0,0,0,1,1,1,1
Blob10:-1.954177,3.032459,-10.75052,0,0,0,1,1,1,1
Blob97:-0.3292515,1.11342,-13.63987,0,0,0,1,1,1,1
-8587877597787864967
-8587877597787564659
Blob53:0.7650977,1.260835,-11.48335,0,0,0,1,1,1,1
Blob10:-1.954177,3.032459,-10.75052,0,0,0,1,1,1,1
Blob97:-0.3292515,1.11342,-13.63987,0,0,0,1,1,1,1
-8587877597787264371
Blob53:0.7716163,1.269404,-11.48958,0,0,0,1,1,1,1
Blob10:-1.954177,3.032459,-10.75052,0,0,0,1,1,1,1
Blob97:-0.3292515,1.11342,-13.63987,0,0,0,1,1,1,1
-8587877597786974092
Blob53:0.7780496,1.278376,-11.48211,0,0,0,1,1,1,1
Blob10:-1.954177,3.032459,-10.75052,0,0,0,1,1,1,1
Blob97:-0.3292515,1.11342,-13.63987,0,0,0,1,1,1,1
-8587877597786814899
Blob53:0.7803977,1.290479,-11.49224,0,0,0,1,1,1,1
Blob10:-1.954177,3.032459,-10.75052,0,0,0,1,1,1,1
Blob97:-0.3292515,1.11342,-13.63987,0,0,0,1,1,1,1
-8587877597786516664
-8587877597786226500
Blob53:0.7797462,1.292029,-11.48363,0,0,0,1,1,1,1
Blob10:-1.954177,3.032459,-10.75052,0,0,0,1,1,1,1
Blob97:-0.3292515,1.11342,-13.63987,0,0,0,1,1,1,1
-8587877597785916067
Blob53:0.7763604,1.295796,-11.49538,0,0,0,1,1,1,1
Blob10:-1.954177,3.032459,-10.75052,0,0,0,1,1,1,1
Blob97:-0.3292515,1.11342,-13.63987,0,0,0,1,1,1,1
-8587877597785615771
Blob53:0.771243,1.294299,-11.49185,0,0,0,1,1,1,1
Blob10:-1.954177,3.032459,-10.75052,0,0,0,1,1,1,1
Blob97:-0.3292515,1.11342,-13.63987,0,0,0,1,1,1,1
-8587877597785315514
Blob53:0.761618,1.2892,-11.49258,0,0,0,1,1,1,1
Blob10:-1.954177,3.032459,-10.75052,0,0,0,1,1,1,1
Blob97:-0.3292515,1.11342,-13.63987,0,0,0,1,1,1,1
-8587877597785155516
Blob53:0.7521125,1.285983,-11.49286,0,0,0,1,1,1,1
Blob10:-1.954177,3.032459,-10.75052,0,0,0,1,1,1,1
Blob97:-0.3292515,1.11342,-13.63987,0,0,0,1,1,1,1
-8587877597784865241
-8587877597784534924
Blob53:0.7474545,1.28084,-11.49561,0,0,0,1,1,1,1
Blob10:-1.954177,3.032459,-10.75052,0,0,0,1,1,1,1
Blob97:-0.3292515,1.11342,-13.63987,0,0,0,1,1,1,1
-8587877597784244645
Blob53:0.7443068,1.277922,-11.4976,0,0,0,1,1,1,1
Blob10:-1.954177,3.032459,-10.75052,0,0,0,1,1,1,1
Blob97:-0.3292515,1.11342,-13.63987,0,0,0,1,1,1,1
-8587877597783954367
Blob53:0.7466228,1.270884,-11.5044,0,0,0,1,1,1,1
Blob10:-1.954177,3.032459,-10.75052,0,0,0,1,1,1,1
Blob97:-0.3292515,1.11342,-13.63987,0,0,0,1,1,1,1
-8587877597783634059
Blob53:0.7462518,1.270175,-11.49815,0,0,0,1,1,1,1
Blob10:-1.954177,3.032459,-10.75052,0,0,0,1,1,1,1
Blob97:-0.3292515,1.11342,-13.63987,0,0,0,1,1,1,1
-8587877597783353849
Blob53:0.7523986,1.267682,-11.49716,0,0,0,1,1,1,1
Blob10:-1.954177,3.032459,-10.75052,0,0,0,1,1,1,1
Blob97:-0.3292515,1.11342,-13.63987,0,0,0,1,1,1,1
-8587877597783183458
-8587877597782893182
Blob53:0.7577071,1.263289,-11.48899,0,0,0,1,1,1,1
Blob10:-1.954177,3.032459,-10.75052,0,0,0,1,1,1,1
Blob97:-0.3292515,1.11342,-13.63987,0,0,0,1,1,1,1
-8587877597782592892
Blob53:0.7583404,1.261369,-11.48797,0,0,0,1,1,1,1
Blob10:-1.954177,3.032459,-10.75052,0,0,0,1,1,1,1
Blob97:-0.3292515,1.11342,-13.63987,0,0,0,1,1,1,1
-8587877597782312400
Blob53:0.7594398,1.257027,-11.48528,0,0,0,1,1,1,1
Blob10:-1.954177,3.032459,-10.75052,0,0,0,1,1,1,1
Blob97:-0.3292515,1.11342,-13.63987,0,0,0,1,1,1,1
-8587877597782152705
Blob53:0.7607588,1.253555,-11.47871,0,0,0,1,1,1,1
Blob10:-1.954177,3.032459,-10.75052,0,0,0,1,1,1,1
Blob97:-0.3292515,1.11342,-13.63987,0,0,0,1,1,1,1
-8587877597781852422
-8587877597781552129
Blob53:0.7580606,1.250414,-11.47663,0,0,0,1,1,1,1
Blob10:-1.954177,3.032459,-10.75052,0,0,0,1,1,1,1
Blob97:-0.3292515,1.11342,-13.63987,0,0,0,1,1,1,1
-8587877597781251846
Blob53:0.7588927,1.245643,-11.4797,0,0,0,1,1,1,1
Blob10:-1.954177,3.032459,-10.75052,0,0,0,1,1,1,1
Blob97:-0.3292515,1.11342,-13.63987,0,0,0,1,1,1,1
-8587877597780951558
Blob53:0.7539529,1.243043,-11.47523,0,0,0,1,1,1,1
Blob10:-1.954177,3.032459,-10.75052,0,0,0,1,1,1,1
Blob97:-0.3292515,1.11342,-13.63987,0,0,0,1,1,1,1
-8587877597780671286
Blob53:0.7522504,1.24145,-11.47594,0,0,0,1,1,1,1
Blob10:-1.954177,3.032459,-10.75052,0,0,0,1,1,1,1
Blob97:-0.3292515,1.11342,-13.63987,0,0,0,1,1,1,1
-8587877597780501118
-8587877597780220764
Blob53:0.747241,1.23749,-11.47779,0,0,0,1,1,1,1
Blob10:-1.954177,3.032459,-10.75052,0,0,0,1,1,1,1
Blob97:-0.3292515,1.11342,-13.63987,0,0,0,1,1,1,1
-8587877597779920574
Blob53:0.7454454,1.239978,-11.47985,0,0,0,1,1,1,1
Blob10:-1.954177,3.032459,-10.75052,0,0,0,1,1,1,1
Blob97:-0.3292515,1.11342,-13.63987,0,0,0,1,1,1,1
-8587877597779620191
Blob53:0.7464494,1.241032,-11.47812,0,0,0,1,1,1,1
Blob10:-1.954177,3.032459,-10.75052,0,0,0,1,1,1,1
Blob97:-0.3292515,1.11342,-13.63987,0,0,0,1,1,1,1
-8587877597779299971
Blob53:0.7456336,1.240761,-11.47603,0,0,0,1,1,1,1
Blob10:-1.954177,3.032459,-10.75052,0,0,0,1,1,1,1
Blob97:-0.3292515,1.11342,-13.63987,0,0,0,1,1,1,1
-8587877597779019704
Blob53:0.7426175,1.240629,-11.47759,0,0,0,1,1,1,1
Blob10:-1.954177,3.032459,-10.75052,0,0,0,1,1,1,1
Blob97:-0.3292515,1.11342,-13.63987,0,0,0,1,1,1,1
-8587877597778852247
-8587877597778572078
Blob53:0.7413557,1.23291,-11.47854,0,0,0,1,1,1,1
Blob10:-1.954177,3.032459,-10.75052,0,0,0,1,1,1,1
Blob97:-0.3292515,1.11342,-13.63987,0,0,0,1,1,1,1
-8587877597778291794
Blob53:0.7432191,1.232997,-11.48245,0,0,0,1,1,1,1
Blob10:-1.954177,3.032459,-10.75052,0,0,0,1,1,1,1
Blob97:-0.3292515,1.11342,-13.63987,0,0,0,1,1,1,1
-8587877597777991516
Blob53:0.7406595,1.230251,-11.47557,0,0,0,1,1,1,1
Blob10:-1.954177,3.032459,-10.75052,0,0,0,1,1,1,1
Blob97:-0.3292515,1.11342,-13.63987,0,0,0,1,1,1,1
-8587877597777821358
-8587877597777530979
Blob53:0.739904,1.224612,-11.47563,0,0,0,1,1,1,1
Blob10:-1.954177,3.032459,-10.75052,0,0,0,1,1,1,1
Blob97:-0.3292515,1.11342,-13.63987,0,0,0,1,1,1,1
-8587877597777200757
Blob53:0.7376666,1.22637,-11.48327,0,0,0,1,1,1,1
Blob10:-1.954177,3.032459,-10.75052,0,0,0,1,1,1,1
Blob97:-0.3292515,1.11342,-13.63987,0,0,0,1,1,1,1
-8587877597776910318
Blob53:0.7354885,1.220316,-11.47126,0,0,0,1,1,1,1
Blob10:-1.954177,3.032459,-10.75052,0,0,0,1,1,1,1
Blob97:-0.3292515,1.11342,-13.63987,0,0,0,1,1,1,1
-8587877597776620205
Blob53:0.7320529,1.221155,-11.47645,0,0,0,1,1,1,1
Blob10:-1.954177,3.032459,-10.75052,0,0,0,1,1,1,1
Blob97:-0.3292515,1.11342,-13.63987,0,0,0,1,1,1,1
-8587877597776309908
Blob53:0.729202,1.220316,-11.47453,0,0,0,1,1,1,1
Blob10:-1.954177,3.032459,-10.75052,0,0,0,1,1,1,1
Blob97:-0.3292515,1.11342,-13.63987,0,0,0,1,1,1,1
-8587877597776024429
Blob53:0.7265812,1.219897,-11.4768,0,0,0,1,1,1,1
Blob10:-1.954177,3.032459,-10.75052,0,0,0,1,1,1,1
Blob97:-0.3292515,1.11342,-13.63987,0,0,0,1,1,1,1
-8587877597775853982
-8587877597775563703
Blob53:0.7265382,1.216359,-11.47803,0,0,0,1,1,1,1
Blob10:-1.954177,3.032459,-10.75052,0,0,0,1,1,1,1
Blob97:-0.3292515,1.11342,-13.63987,0,0,0,1,1,1,1
-8587877597775263392
Blob53:0.7278293,1.214291,-11.46927,0,0,0,1,1,1,1
Blob10:-1.954177,3.032459,-10.75052,0,0,0,1,1,1,1
Blob97:-0.3292515,1.11342,-13.63987,0,0,0,1,1,1,1
-8587877597774953207
Blob53:0.7260191,1.2142,-11.47712,0,0,0,1,1,1,1
Blob10:-1.954177,3.032459,-10.75052,0,0,0,1,1,1,1
Blob97:-0.3292515,1.11342,-13.63987,0,0,0,1,1,1,1
-8587877597774682940
Blob53:0.7243071,1.214152,-11.47379,0,0,0,1,1,1,1
Blob10:-1.954177,3.032459,-10.75052,0,0,0,1,1,1,1
Blob97:-0.3292515,1.11342,-13.63987,0,0,0,1,1,1,1
-8587877597774512972
-8587877597774224165
Blob53:0.7262486,1.20889,-11.47222,0,0,0,1,1,1,1
Blob10:-1.954177,3.032459,-10.75052,0,0,0,1,1,1,1
Blob97:-0.3292515,1.11342,-13.63987,0,0,0,1,1,1,1
-8587877597773933951
Blob53:0.7283962,1.212882,-11.47701,0,0,0,1,1,1,1
Blob10:-1.954177,3.032459,-10.75052,0,0,0,1,1,1,1
Blob97:-0.3292515,1.11342,-13.63987,0,0,0,1,1,1,1
-8587877597773633755
Blob53:0.7262467,1.214926,-11.48085,0,0,0,1,1,1,1
Blob10:-1.954177,3.032459,-10.75052,0,0,0,1,1,1,1
Blob97:-0.3292515,1.11342,-13.63987,0,0,0,1,1,1,1
-8587877597773349016
Blob53:0.7284234,1.214629,-11.48329,0,0,0,1,1,1,1
Blob10:-1.954177,3.032459,-10.75052,0,0,0,1,1,1,1
Blob97:-0.3292515,1.11342,-13.63987,0,0,0,1,1,1,1
-8587877597773188937
-8587877597772888646
Blob53:0.7254547,1.218415,-11.48059,0,0,0,1,1,1,1
Blob10:-1.954177,3.032459,-10.75052,0,0,0,1,1,1,1
Blob97:-0.3292515,1.11342,-13.63987,0,0,0,1,1,1,1
-8587877597772588361
Blob53:0.7269081,1.217237,-11.47623,0,0,0,1,1,1,1
Blob10:-1.954177,3.032459,-10.75052,0,0,0,1,1,1,1
Blob97:-0.3292515,1.11342,-13.63987,0,0,0,1,1,1,1
-8587877597772297043
Blob53:0.7270963,1.222339,-11.49213,0,0,0,1,1,1,1
Blob10:-1.954177,3.032459,-10.75052,0,0,0,1,1,1,1
Blob97:-0.3292515,1.11342,-13.63987,0,0,0,1,1,1,1
-8587877597772016776
Blob53:0.7262775,1.221524,-11.48867,0,0,0,1,1,1,1
Blob10:-1.954177,3.032459,-10.75052,0,0,0,1,1,1,1
Blob97:-0.3292515,1.11342,-13.63987,0,0,0,1,1,1,1
-8587877597771856190
-8587877597771566006
Blob53:0.7252387,1.220726,-11.48979,0,0,0,1,1,1,1
Blob10:-1.954177,3.032459,-10.75052,0,0,0,1,1,1,1
Blob97:-0.3292515,1.11342,-13.63987,0,0,0,1,1,1,1
-8587877597771275728
Blob53:0.7272868,1.222973,-11.50081,0,0,0,1,1,1,1
Blob10:-1.954177,3.032459,-10.75052,0,0,0,1,1,1,1
Blob97:-0.3292515,1.11342,-13.63987,0,0,0,1,1,1,1
-8587877597770985447
Blob53:0.7280754,1.220524,-11.49058,0,0,0,1,1,1,1
Blob10:-1.954177,3.032459,-10.75052,0,0,0,1,1,1,1
Blob97:-0.3292515,1.11342,-13.63987,0,0,0,1,1,1,1
-8587877597770824057
Blob53:0.7299949,1.219056,-11.49015,0,0,0,1,1,1,1
Blob10:-1.954177,3.032459,-10.75052,0,0,0,1,1,1,1
Blob97:-0.3292515,1.11342,-13.63987,0,0,0,1,1,1,1
-8587877597770493737
-8587877597770083351
Blob53:0.7300574,1.216663,-11.4965,0,0,0,1,1,1,1
Blob10:-1.954177,3.032459,-10.75052,0,0,0,1,1,1,1
Blob97:-0.3292515,1.11342,-13.63987,0,0,0,1,1,1,1
-8587877597769642924
Blob53:0.7298634,1.213369,-11.48869,0,0,0,1,1,1,1
Blob10:-1.954177,3.032459,-10.75052,0,0,0,1,1,1,1
Blob97:-0.3292515,1.11342,-13.63987,0,0,0,1,1,1,1
-8587877597769352653
Blob53:0.7313871,1.209026,-11.49253,0,0,0,1,1,1,1
Blob10:-1.954177,3.032459,-10.75052,0,0,0,1,1,1,1
Blob97:-0.3292515,1.11342,-13.63987,0,0,0,1,1,1,1
-8587877597769062374
-8587877597768772086
Blob53:0.7316887,1.209734,-11.49018,0,0,0,1,1,1,1
Blob10:-1.954177,3.032459,-10.75052,0,0,0,1,1,1,1
Blob97:-0.3292515,1.11342,-13.63987,0,0,0,1,1,1,1
-8587877597768481807
Blob53:0.7330461,1.207288,-11.49586,0,0,0,1,1,1,1
Blob10:-1.954177,3.032459,-10.75052,0,0,0,1,1,1,1
Blob97:-0.3292515,1.11342,-13.63987,0,0,0,1,1,1,1
-8587877597768191536
Blob53:0.7336771,1.201671,-11.48485,0,0,0,1,1,1,1
Blob10:-1.954177,3.032459,-10.75052,0,0,0,1,1,1,1
Blob97:-0.3292515,1.11342,-13.63987,0,0,0,1,1,1,1
-8587877597767891246
Blob53:0.7272273,1.203864,-11.48412,0,0,0,1,1,1,1
Blob10:-1.954177,3.032459,-10.75052,0,0,0,1,1,1,1
Blob97:-0.3292515,1.11342,-13.63987,0,0,0,1,1,1,1
-8587877597767603712
Blob53:0.7272661,1.200168,-11.49458,0,0,0,1,1,1,1
Blob10:-1.954177,3.032459,-10.75052,0,0,0,1,1,1,1
Blob97:-0.3292515,1.11342,-13.63987,0,0,0,1,1,1,1
-8587877597767323445
Blob53:0.7282068,1.20368,-11.49241,0,0,0,1,1,1,1
Blob10:-1.954177,3.032459,-10.75052,0,0,0,1,1,1,1
Blob97:-0.3292515,1.11342,-13.63987,0,0,0,1,1,1,1
-8587877597767153372
-8587877597766854507
Blob53:0.7287186,1.199525,-11.49213,0,0,0,1,1,1,1
Blob10:-1.954177,3.032459,-10.75052,0,0,0,1,1,1,1
Blob97:-0.3292515,1.11342,-13.63987,0,0,0,1,1,1,1
-8587877597766564221
Blob53:0.7276115,1.197745,-11.48354,0,0,0,1,1,1,1
Blob10:-1.954177,3.032459,-10.75052,0,0,0,1,1,1,1
Blob97:-0.3292515,1.11342,-13.63987,0,0,0,1,1,1,1
-8587877597766254092
Blob53:0.7263691,1.201249,-11.49067,0,0,0,1,1,1,1
Blob10:-1.954177,3.032459,-10.75052,0,0,0,1,1,1,1
Blob97:-0.3292515,1.11342,-13.63987,0,0,0,1,1,1,1
-8587877597765953766
Blob53:0.7260882,1.203823,-11.48993,0,0,0,1,1,1,1
Blob10:-1.954177,3.032459,-10.75052,0,0,0,1,1,1,1
Blob97:-0.3292515,1.11342,-13.63987,0,0,0,1,1,1,1
-8587877597765673538
Blob53:0.7252885,1.205395,-11.49251,0,0,0,1,1,1,1
Blob10:-1.954177,3.032459,-10.75052,0,0,0,1,1,1,1
Blob97:-0.3292515,1.11342,-13.63987,0,0,0,1,1,1,1
-8587877597765503374
-8587877597765222934
Blob53:0.7254928,1.207772,-11.49451,0,0,0,1,1,1,1
Blob10:-1.954177,3.032459,-10.75052,0,0,0,1,1,1,1
Blob97:-0.3292515,1.11342,-13.63987,0,0,0,1,1,1,1
-8587877597764932704
Blob53:0.7224518,1.209641,-11.49056,0,0,0,1,1,1,1
Blob10:-1.954177,3.032459,-10.75052,0,0,0,1,1,1,1
Blob97:-0.3292515,1.11342,-13.63987,0,0,0,1,1,1,1
-8587877597764644330
Blob53:0.7199662,1.210326,-11.50133,0,0,0,1,1,1,1
Blob10:-1.954177,3.032459,-10.75052,0,0,0,1,1,1,1
Blob97:-0.3292515,1.11342,-13.63987,0,0,0,1,1,1,1
-8587877597764484197
Blob53:0.7145221,1.209756,-11.48745,0,0,0,1,1,1,1
Blob10:-1.954177,3.032459,-10.75052,0,0,0,1,1,1,1
Blob97:-0.3292515,1.11342,-13.63987,0,0,0,1,1,1,1
-8587877597764185217
-8587877597763884835
Blob53:0.7143447,1.211156,-11.50191,0,0,0,1,1,1,1
Blob10:-1.954177,3.032459,-10.75052,0,0,0,1,1,1,1
Blob97:-0.3292515,1.11342,-13.63987,0,0,0,1,1,1,1
-8587877597763594638
Blob53:0.7098518,1.209794,-11.49037,0,0,0,1,1,1,1
Blob10:-1.954177,3.032459,-10.75052,0,0,0,1,1,1,1
Blob97:-0.3292515,1.11342,-13.63987,0,0,0,1,1,1,1
-8587877597763313145
Blob53:0.7089584,1.210226,-11.48892,0,0,0,1,1,1,1
Blob10:-1.954177,3.032459,-10.75052,0,0,0,1,1,1,1
Blob97:-0.3292515,1.11342,-13.63987,0,0,0,1,1,1,1
-8587877597763032861
Blob53:0.7080207,1.208779,-11.49456,0,0,0,1,1,1,1
Blob10:-1.954177,3.032459,-10.75052,0,0,0,1,1,1,1
Blob97:-0.3292515,1.11342,-13.63987,0,0,0,1,1,1,1
-8587877597762862590
-8587877597762542270
Blob53:0.7043119,1.205834,-11.49156,0,0,0,1,1,1,1
Blob10:-1.954177,3.032459,-10.75052,0,0,0,1,1,1,1
Blob97:-0.3292515,1.11342,-13.63987,0,0,0,1,1,1,1
-8587877597762242064
Blob53:0.7074904,1.2035,-11.49286,0,0,0,1,1,1,1
Blob10:-1.954177,3.032459,-10.75052,0,0,0,1,1,1,1
Blob97:-0.3292515,1.11342,-13.63987,0,0,0,1,1,1,1
-8587877597761941776
Blob53:0.7104362,1.191246,-11.48051,0,0,0,1,1,1,1
Blob10:-1.954177,3.032459,-10.75052,0,0,0,1,1,1,1
Blob97:-0.3292515,1.11342,-13.63987,0,0,0,1,1,1,1
-8587877597761642113
Blob53:0.7064159,1.188936,-11.47748,0,0,0,1,1,1,1
Blob10:-1.954177,3.032459,-10.75052,0,0,0,1,1,1,1
Blob97:-0.3292515,1.11342,-13.63987,0,0,0,1,1,1,1
-8587877597761483687
Blob53:0.7078878,1.189096,-11.47416,0,0,0,1,1,1,1
Blob10:-1.954177,3.032459,-10.75052,0,0,0,1,1,1,1
Blob97:-0.3292515,1.11342,-13.63987,0,0,0,1,1,1,1
-8587877597761183394
-8587877597760893115
Blob53:0.7057562,1.190458,-11.49,0,0,0,1,1,1,1
Blob10:-1.954177,3.032459,-10.75052,0,0,0,1,1,1,1
Blob97:-0.3292515,1.11342,-13.63987,0,0,0,1,1,1,1
-8587877597760592830
Blob53:0.7038183,1.188814,-11.47753,0,0,0,1,1,1,1
Blob10:-1.954177,3.032459,-10.75052,0,0,0,1,1,1,1
Blob97:-0.3292515,1.11342,-13.63987,0,0,0,1,1,1,1
-8587877597760312556
Blob53:0.7010452,1.184967,-11.47066,0,0,0,1,1,1,1
Blob10:-1.954177,3.032459,-10.75052,0,0,0,1,1,1,1
Blob97:-0.3292515,1.11342,-13.63987,0,0,0,1,1,1,1
-8587877597760152162
Blob53:0.6956615,1.187694,-11.47135,0,0,0,1,1,1,1
Blob10:-1.954177,3.032459,-10.75052,0,0,0,1,1,1,1
Blob97:-0.3292515,1.11342,-13.63987,0,0,0,1,1,1,1
-8587877597759843978
-8587877597759553615
Blob53:0.6937179,1.186256,-11.47762,0,0,0,1,1,1,1
Blob10:-1.954177,3.032459,-10.75052,0,0,0,1,1,1,1
Blob97:-0.3292515,1.11342,-13.63987,0,0,0,1,1,1,1
-8587877597759264781
Blob53:0.6908916,1.184033,-11.46525,0,0,0,1,1,1,1
Blob10:-1.954177,3.032459,-10.75052,0,0,0,1,1,1,1
Blob97:-0.3292515,1.11342,-13.63987,0,0,0,1,1,1,1
-8587877597758984399
Blob53:0.6873364,1.184825,-11.46695,0,0,0,1,1,1,1
Blob10:-1.954177,3.032459,-10.75052,0,0,0,1,1,1,1
Blob97:-0.3292515,1.11342,-13.63987,0,0,0,1,1,1,1
-8587877597758814349
Blob53:0.6865517,1.181653,-11.46535,0,0,0,1,1,1,1
Blob10:-1.954177,3.032459,-10.75052,0,0,0,1,1,1,1
Blob97:-0.3292515,1.11342,-13.63987,0,0,0,1,1,1,1
-8587877597758527237
-8587877597758236948
Blob53:0.6821124,1.183108,-11.46539,0,0,0,1,1,1,1
Blob10:-1.954177,3.032459,-10.75052,0,0,0,1,1,1,1
Blob97:-0.3292515,1.11342,-13.63987,0,0,0,1,1,1,1
-8587877597757946585
Blob53:0.678997,1.178985,-11.46485,0,0,0,1,1,1,1
Blob10:-1.954177,3.032459,-10.75052,0,0,0,1,1,1,1
Blob97:-0.3292515,1.11342,-13.63987,0,0,0,1,1,1,1
-8587877597757636382
Blob53:0.6761212,1.175564,-11.45746,0,0,0,1,1,1,1
Blob10:-1.954177,3.032459,-10.75052,0,0,0,1,1,1,1
Blob97:-0.3292515,1.11342,-13.63987,0,0,0,1,1,1,1
-8587877597757336092
Blob53:0.6755643,1.167811,-11.45189,0,0,0,1,1,1,1
Blob10:-1.954177,3.032459,-10.75052,0,0,0,1,1,1,1
Blob97:-0.3292515,1.11342,-13.63987,0,0,0,1,1,1,1
-8587877597757175861
-8587877597756875261
Blob53:0.6705987,1.162706,-11.44373,0,0,0,1,1,1,1
Blob10:-1.954177,3.032459,-10.75052,0,0,0,1,1,1,1
Blob97:-0.3292515,1.11342,-13.63987,0,0,0,1,1,1,1
-8587877597756585003
Blob53:0.6654317,1.154342,-11.44173,0,0,0,1,1,1,1
Blob10:-1.954177,3.032459,-10.75052,0,0,0,1,1,1,1
Blob97:-0.3292515,1.11342,-13.63987,0,0,0,1,1,1,1
-8587877597756291107
Blob53:0.6605499,1.148837,-11.4389,0,0,0,1,1,1,1
Blob10:-1.954177,3.032459,-10.75052,0,0,0,1,1,1,1
Blob97:-0.3292515,1.11342,-13.63987,0,0,0,1,1,1,1
-8587877597755990719
Blob53:0.6577775,1.140876,-11.43148,0,0,0,1,1,1,1
Blob10:-1.954177,3.032459,-10.75052,0,0,0,1,1,1,1
Blob97:-0.3292515,1.11342,-13.63987,0,0,0,1,1,1,1
-8587877597755820469
Blob53:0.6505682,1.134795,-11.42747,0,0,0,1,1,1,1
Blob10:-1.954177,3.032459,-10.75052,0,0,0,1,1,1,1
Blob97:-0.3292515,1.11342,-13.63987,0,0,0,1,1,1,1
-8587877597755519664
-8587877597755175211
Blob53:0.6485462,1.121043,-11.40842,0,0,0,1,1,1,1
Blob10:-1.954177,3.032459,-10.75052,0,0,0,1,1,1,1
Blob97:-0.3292515,1.11342,-13.63987,0,0,0,1,1,1,1
-8587877597754884771
Blob53:0.6411708,1.119098,-11.39909,0,0,0,1,1,1,1
Blob10:-1.954177,3.032459,-10.75052,0,0,0,1,1,1,1
Blob97:-0.3292515,1.11342,-13.63987,0,0,0,1,1,1,1
-8587877597754584503
Blob53:0.6399508,1.115146,-11.40128,0,0,0,1,1,1,1
Blob10:-1.954177,3.032459,-10.75052,0,0,0,1,1,1,1
Blob97:-0.3292515,1.11342,-13.63987,0,0,0,1,1,1,1
-8587877597754294365
Blob53:0.6333864,1.115353,-11.39621,0,0,0,1,1,1,1
Blob10:-1.954177,3.032459,-10.75052,0,0,0,1,1,1,1
Blob97:-0.3292515,1.11342,-13.63987,0,0,0,1,1,1,1
-8587877597753994077
Blob53:0.6225831,1.11666,-11.38596,0,0,0,1,1,1,1
Blob10:-1.954177,3.032459,-10.75052,0,0,0,1,1,1,1
Blob97:-0.3292515,1.11342,-13.63987,0,0,0,1,1,1,1
-8587877597753823622
Blob53:0.6120836,1.124108,-11.39056,0,0,0,1,1,1,1
Blob10:-1.954177,3.032459,-10.75052,0,0,0,1,1,1,1
Blob97:-0.3292515,1.11342,-13.63987,0,0,0,1,1,1,1
-8587877597753533346
-8587877597753223036
Blob53:0.6026465,1.129826,-11.38808,0,0,0,1,1,1,1
Blob10:-1.954177,3.032459,-10.75052,0,0,0,1,1,1,1
Blob97:-0.3292515,1.11342,-13.63987,0,0,0,1,1,1,1
-8587877597752942711
Blob53:0.5917177,1.134707,-11.38743,0,0,0,1,1,1,1
Blob10:-1.954177,3.032459,-10.75052,0,0,0,1,1,1,1
Blob97:-0.3292515,1.11342,-13.63987,0,0,0,1,1,1,1
-8587877597752642482
Blob53:0.576924,1.136509,-11.38382,0,0,0,1,1,1,1
Blob10:-1.954177,3.032459,-10.75052,0,0,0,1,1,1,1
Blob97:-0.3292515,1.11342,-13.63987,0,0,0,1,1,1,1
-8587877597752483162
Blob53:0.5702627,1.137625,-11.38823,0,0,0,1,1,1,1
Blob10:-1.954177,3.032459,-10.75052,0,0,0,1,1,1,1
Blob97:-0.3292515,1.11342,-13.63987,0,0,0,1,1,1,1
-8587877597752122822
-8587877597751782401
Blob53:0.5565322,1.136743,-11.37182,0,0,0,1,1,1,1
Blob10:-1.954177,3.032459,-10.75052,0,0,0,1,1,1,1
Blob97:-0.3292515,1.11342,-13.63987,0,0,0,1,1,1,1
-8587877597751492217
Blob53:0.546071,1.133599,-11.36236,0,0,0,1,1,1,1
Blob10:-1.954177,3.032459,-10.75052,0,0,0,1,1,1,1
Blob97:-0.3292515,1.11342,-13.63987,0,0,0,1,1,1,1
-8587877597751191934
Blob53:0.5398972,1.131943,-11.36337,0,0,0,1,1,1,1
Blob10:-1.954177,3.032459,-10.75052,0,0,0,1,1,1,1
Blob97:-0.3292515,1.11342,-13.63987,0,0,0,1,1,1,1
-8587877597750901656
Blob53:0.5353144,1.123134,-11.35554,0,0,0,1,1,1,1
Blob10:-1.954177,3.032459,-10.75052,0,0,0,1,1,1,1
Blob97:-0.3292515,1.11342,-13.63987,0,0,0,1,1,1,1
-8587877597750601367
Blob53:0.5320956,1.119473,-11.35527,0,0,0,1,1,1,1
Blob10:-1.954177,3.032459,-10.75052,0,0,0,1,1,1,1
Blob97:-0.3292515,1.11342,-13.63987,0,0,0,1,1,1,1
-8587877597750321099
Blob53:0.5322706,1.108749,-11.34884,0,0,0,1,1,1,1
Blob10:-1.954177,3.032459,-10.75052,0,0,0,1,1,1,1
Blob97:-0.3292515,1.11342,-13.63987,0,0,0,1,1,1,1
-8587877597750150835
Blob53:0.5342749,1.097969,-11.33822,0,0,0,1,1,1,1
Blob10:-1.954177,3.032459,-10.75052,0,0,0,1,1,1,1
Blob97:-0.3292515,1.11342,-13.63987,0,0,0,1,1,1,1
-8587877597749860659
-8587877597749570220
Blob53:0.536258,1.090364,-11.3288,0,0,0,1,1,1,1
Blob10:-1.954177,3.032459,-10.75052,0,0,0,1,1,1,1
Blob97:-0.3292515,1.11342,-13.63987,0,0,0,1,1,1,1
-8587877597749270088
Blob53:0.5427442,1.082889,-11.32902,0,0,0,1,1,1,1
Blob10:-1.954177,3.032459,-10.75052,0,0,0,1,1,1,1
Blob97:-0.3292515,1.11342,-13.63987,0,0,0,1,1,1,1
-8587877597748959785
Blob53:0.5466688,1.076854,-11.32459,0,0,0,1,1,1,1
Blob10:-1.954177,3.032459,-10.75052,0,0,0,1,1,1,1
Blob97:-0.3292515,1.11342,-13.63987,0,0,0,1,1,1,1
-8587877597748689526
Blob53:0.5493367,1.073758,-11.32699,0,0,0,1,1,1,1
Blob10:-1.954177,3.032459,-10.75052,0,0,0,1,1,1,1
Blob97:-0.3292515,1.11342,-13.63987,0,0,0,1,1,1,1
-8587877597748519324
-8587877597748240097
Blob53:0.5531665,1.071523,-11.32271,0,0,0,1,1,1,1
Blob10:-1.954177,3.032459,-10.75052,0,0,0,1,1,1,1
Blob97:-0.3292515,1.11342,-13.63987,0,0,0,1,1,1,1
-8587877597747919800
Blob53:0.5562574,1.068966,-11.3242,0,0,0,1,1,1,1
Blob10:-1.954177,3.032459,-10.75052,0,0,0,1,1,1,1
Blob97:-0.3292515,1.11342,-13.63987,0,0,0,1,1,1,1
-8587877597747639529
Blob53:0.5548599,1.072147,-11.33001,0,0,0,1,1,1,1
Blob10:-1.954177,3.032459,-10.75052,0,0,0,1,1,1,1
Blob97:-0.3292515,1.11342,-13.63987,0,0,0,1,1,1,1
-8587877597747349135
Blob53:0.5552469,1.0714,-11.32689,0,0,0,1,1,1,1
Blob10:-1.954177,3.032459,-10.75052,0,0,0,1,1,1,1
Blob97:-0.3292515,1.11342,-13.63987,0,0,0,1,1,1,1
-8587877597747189145
-8587877597746896724
Blob53:0.5571201,1.071949,-11.31969,0,0,0,1,1,1,1
Blob10:-1.954177,3.032459,-10.75052,0,0,0,1,1,1,1
Blob97:-0.3292515,1.11342,-13.63987,0,0,0,1,1,1,1
-8587877597746596418
Blob53:0.5534897,1.077715,-11.32344,0,0,0,1,1,1,1
Blob10:-1.954177,3.032459,-10.75052,0,0,0,1,1,1,1
Blob97:-0.3292515,1.11342,-13.63987,0,0,0,1,1,1,1
-8587877597746326159
Blob53:0.5502501,1.080887,-11.32705,0,0,0,1,1,1,1
Blob10:-1.954177,3.032459,-10.75052,0,0,0,1,1,1,1
Blob97:-0.3292515,1.11342,-13.63987,0,0,0,1,1,1,1
-8587877597746157954
-8587877597745867675
Blob53:0.5517206,1.084282,-11.3351,0,0,0,1,1,1,1
Blob10:-1.954177,3.032459,-10.75052,0,0,0,1,1,1,1
Blob97:-0.3292515,1.11342,-13.63987,0,0,0,1,1,1,1
-8587877597745567382
Blob53:0.5503246,1.079591,-11.32638,0,0,0,1,1,1,1
Blob10:-1.954177,3.032459,-10.75052,0,0,0,1,1,1,1
Blob97:-0.3292515,1.11342,-13.63987,0,0,0,1,1,1,1
-8587877597745277073
Blob53:0.5525916,1.077589,-11.32113,0,0,0,1,1,1,1
Blob10:-1.954177,3.032459,-10.75052,0,0,0,1,1,1,1
Blob97:-0.3292515,1.11342,-13.63987,0,0,0,1,1,1,1
-8587877597744986674
Blob53:0.552974,1.076677,-11.3343,0,0,0,1,1,1,1
Blob10:-1.954177,3.032459,-10.75052,0,0,0,1,1,1,1
Blob97:-0.3292515,1.11342,-13.63987,0,0,0,1,1,1,1
-8587877597744822197
Blob53:0.5569178,1.073837,-11.32617,0,0,0,1,1,1,1
Blob10:-1.954177,3.032459,-10.75052,0,0,0,1,1,1,1
Blob97:-0.3292515,1.11342,-13.63987,0,0,0,1,1,1,1
-8587877597744531923
-8587877597744241645
Blob53:0.5593298,1.073835,-11.32867,0,0,0,1,1,1,1
Blob10:-1.954177,3.032459,-10.75052,0,0,0,1,1,1,1
Blob97:-0.3292515,1.11342,-13.63987,0,0,0,1,1,1,1
-8587877597743941359
Blob53:0.5676059,1.068808,-11.32526,0,0,0,1,1,1,1
Blob10:-1.954177,3.032459,-10.75052,0,0,0,1,1,1,1
Blob97:-0.3292515,1.11342,-13.63987,0,0,0,1,1,1,1
-8587877597743641071
Blob53:0.5729557,1.06696,-11.33121,0,0,0,1,1,1,1
Blob10:-1.954177,3.032459,-10.75052,0,0,0,1,1,1,1
Blob97:-0.3292515,1.11342,-13.63987,0,0,0,1,1,1,1
-8587877597743480912
Blob53:0.572937,1.067658,-11.33094,0,0,0,1,1,1,1
Blob10:-1.954177,3.032459,-10.75052,0,0,0,1,1,1,1
Blob97:-0.3292515,1.11342,-13.63987,0,0,0,1,1,1,1
-8587877597743180630
-8587877597742900361
Blob53:0.5772623,1.063542,-11.33323,0,0,0,1,1,1,1
Blob10:-1.954177,3.032459,-10.75052,0,0,0,1,1,1,1
Blob97:-0.3292515,1.11342,-13.63987,0,0,0,1,1,1,1
-8587877597742590726
Blob53:0.5758898,1.063427,-11.33618,0,0,0,1,1,1,1
Blob10:-1.954177,3.032459,-10.75052,0,0,0,1,1,1,1
Blob97:-0.3292515,1.11342,-13.63987,0,0,0,1,1,1,1
-8587877597742310562
Blob53:0.5757028,1.064094,-11.32836,0,0,0,1,1,1,1
Blob10:-1.954177,3.032459,-10.75052,0,0,0,1,1,1,1
Blob97:-0.3292515,1.11342,-13.63987,0,0,0,1,1,1,1
-8587877597742020133
Blob53:0.5773711,1.061775,-11.332,0,0,0,1,1,1,1
Blob10:-1.954177,3.032459,-10.75052,0,0,0,1,1,1,1
Blob97:-0.3292515,1.11342,-13.63987,0,0,0,1,1,1,1
-8587877597741859531
-8587877597741569127
Blob53:0.57801,1.061367,-11.33231,0,0,0,1,1,1,1
Blob10:-1.954177,3.032459,-10.75052,0,0,0,1,1,1,1
Blob97:-0.3292515,1.11342,-13.63987,0,0,0,1,1,1,1
-8587877597741268962
Blob53:0.5791503,1.059703,-11.33406,0,0,0,1,1,1,1
Blob10:-1.954177,3.032459,-10.75052,0,0,0,1,1,1,1
Blob97:-0.3292515,1.11342,-13.63987,0,0,0,1,1,1,1
-8587877597740988696
Blob53:0.5799879,1.055139,-11.33445,0,0,0,1,1,1,1
Blob10:-1.954177,3.032459,-10.75052,0,0,0,1,1,1,1
Blob97:-0.3292515,1.11342,-13.63987,0,0,0,1,1,1,1
-8587877597740786415
-8587877597740486119
Blob53:0.5831114,1.053139,-11.32934,0,0,0,1,1,1,1
Blob10:-1.954177,3.032459,-10.75052,0,0,0,1,1,1,1
Blob97:-0.3292515,1.11342,-13.63987,0,0,0,1,1,1,1
-8587877597740195843
Blob53:0.5886126,1.053417,-11.33294,0,0,0,1,1,1,1
Blob10:-1.954177,3.032459,-10.75052,0,0,0,1,1,1,1
Blob97:-0.3292515,1.11342,-13.63987,0,0,0,1,1,1,1
-8587877597739905564
Blob53:0.5882195,1.05016,-11.33174,0,0,0,1,1,1,1
Blob10:-1.954177,3.032459,-10.75052,0,0,0,1,1,1,1
Blob97:-0.3292515,1.11342,-13.63987,0,0,0,1,1,1,1
-8587877597739605179
Blob53:0.5942072,1.057524,-11.33732,0,0,0,1,1,1,1
Blob10:-1.954177,3.032459,-10.75052,0,0,0,1,1,1,1
Blob97:-0.3292515,1.11342,-13.63987,0,0,0,1,1,1,1
-8587877597739325010
Blob53:0.5941209,1.061317,-11.33283,0,0,0,1,1,1,1
Blob10:-1.954177,3.032459,-10.75052,0,0,0,1,1,1,1
Blob97:-0.3292515,1.11342,-13.63987,0,0,0,1,1,1,1
-8587877597739154921
-8587877597738864640
Blob53:0.5986425,1.064604,-11.3385,0,0,0,1,1,1,1
Blob10:-1.954177,3.032459,-10.75052,0,0,0,1,1,1,1
Blob97:-0.3292515,1.11342,-13.63987,0,0,0,1,1,1,1
-8587877597738564347
Blob53:0.6045964,1.074236,-11.3352,0,0,0,1,1,1,1
Blob10:-1.954177,3.032459,-10.75052,0,0,0,1,1,1,1
Blob97:-0.3292515,1.11342,-13.63987,0,0,0,1,1,1,1
-8587877597738276882
Blob53:0.6080349,1.084478,-11.33084,0,0,0,1,1,1,1
Blob10:-1.954177,3.032459,-10.75052,0,0,0,1,1,1,1
Blob97:-0.3292515,1.11342,-13.63987,0,0,0,1,1,1,1
-8587877597737986560
Blob53:0.6131854,1.100879,-11.32574,0,0,0,1,1,1,1
Blob10:-1.954177,3.032459,-10.75052,0,0,0,1,1,1,1
Blob97:-0.3292515,1.11342,-13.63987,0,0,0,1,1,1,1
-8587877597737816271
Blob53:0.6198174,1.128497,-11.33093,0,0,0,1,1,1,1
Blob10:-1.954177,3.032459,-10.75052,0,0,0,1,1,1,1
Blob97:-0.3292515,1.11342,-13.63987,0,0,0,1,1,1,1
-8587877597737485898
-8587877597737095595
Blob53:0.6270965,1.164368,-11.33171,0,0,0,1,1,1,1
Blob10:-1.954177,3.032459,-10.75052,0,0,0,1,1,1,1
Blob97:-0.3292515,1.11342,-13.63987,0,0,0,1,1,1,1
-8587877597736765283
Blob53:0.6285326,1.207223,-11.34455,0,0,0,1,1,1,1
Blob10:-1.954177,3.032459,-10.75052,0,0,0,1,1,1,1
Blob97:-0.3292515,1.11342,-13.63987,0,0,0,1,1,1,1
-8587877597736414945
Blob53:0.620532,1.325577,-11.34244,0,0,0,1,1,1,1
Blob10:-1.954177,3.032459,-10.75052,0,0,0,1,1,1,1
Blob97:-0.3292515,1.11342,-13.63987,0,0,0,1,1,1,1
-8587877597736094604
Blob53:0.641066,1.423423,-11.37989,0,0,0,1,1,1,1
Blob10:-1.954177,3.032459,-10.75052,0,0,0,1,1,1,1
Blob97:-0.3292515,1.11342,-13.63987,0,0,0,1,1,1,1
-8587877597735774420
Blob53:0.6995052,1.524446,-11.30811,0,0,0,1,1,1,1
Blob10:-1.954177,3.032459,-10.75052,0,0,0,1,1,1,1
Blob97:-0.3292515,1.11342,-13.63987,0,0,0,1,1,1,1
-8587877597735443995
Blob53:0.7798458,1.588042,-11.31353,0,0,0,1,1,1,1
Blob10:-1.954177,3.032459,-10.75052,0,0,0,1,1,1,1
Blob97:-0.3292515,1.11342,-13.63987,0,0,0,1,1,1,1
-8587877597735163650
Blob53:0.8540865,1.649374,-11.36026,0,0,0,1,1,1,1
Blob10:-1.954177,3.032459,-10.75052,0,0,0,1,1,1,1
Blob97:-0.3292515,1.11342,-13.63987,0,0,0,1,1,1,1
-8587877597734893434
Blob53:0.9258586,1.660265,-11.42707,0,0,0,1,1,1,1
Blob10:-1.954177,3.032459,-10.75052,0,0,0,1,1,1,1
Blob97:-0.3292515,1.11342,-13.63987,0,0,0,1,1,1,1
-8587877597734613216
Blob53:0.9471303,1.599072,-11.4893,0,0,0,1,1,1,1
Blob10:-1.954177,3.032459,-10.75052,0,0,0,1,1,1,1
Blob97:-0.3292515,1.11342,-13.63987,0,0,0,1,1,1,1
-8587877597734313023
Blob53:0.9777756,1.430979,-11.55772,0,0,0,1,1,1,1
Blob10:-1.954177,3.032459,-10.75052,0,0,0,1,1,1,1
Blob97:-0.3292515,1.11342,-13.63987,0,0,0,1,1,1,1
-8587877597734022668
Blob53:0.9259009,1.1013,-11.61935,0,0,0,1,1,1,1
Blob10:-1.954177,3.032459,-10.75052,0,0,0,1,1,1,1
Blob97:-0.3292515,1.11342,-13.63987,0,0,0,1,1,1,1
-8587877597733872570
-8587877597733592293
Blob53:0.7883336,0.5942832,-11.66838,0,0,0,1,1,1,1
Blob10:-1.954177,3.032459,-10.75052,0,0,0,1,1,1,1
Blob97:-0.3292515,1.11342,-13.63987,0,0,0,1,1,1,1
-8587877597733329796
Blob53:0.5523093,-0.0005031228,-11.686,0,0,0,1,1,1,1
Blob10:-1.954177,3.032459,-10.75052,0,0,0,1,1,1,1
Blob97:-0.3292515,1.11342,-13.63987,0,0,0,1,1,1,1
-8587877597733129655
-8587877597732849388
Blob53:0.2715721,-0.664555,-11.67019,0,0,0,1,1,1,1
Blob10:-1.954177,3.032459,-10.75052,0,0,0,1,1,1,1
Blob97:-0.3292515,1.11342,-13.63987,0,0,0,1,1,1,1
-8587877597732559110
Blob53:-0.2297931,-1.318577,-11.6129,0,0,0,1,1,1,1
Blob10:-1.954177,3.032459,-10.75052,0,0,0,1,1,1,1
Blob97:-0.3292515,1.11342,-13.63987,0,0,0,1,1,1,1
-8587877597732248810
Blob53:-0.6412301,-2.048524,-11.67618,0,0,0,1,1,1,1
Blob10:-1.954177,3.032459,-10.75052,0,0,0,1,1,1,1
Blob97:-0.3292515,1.11342,-13.63987,0,0,0,1,1,1,1
-8587877597731958462
Blob53:-1.321764,-2.751784,-11.69316,0,0,0,1,1,1,1
Blob10:-1.954177,3.032459,-10.75052,0,0,0,1,1,1,1
Blob97:-0.3292515,1.11342,-13.63987,0,0,0,1,1,1,1
-8587877597731688269
Blob53:-2.103077,-3.311755,-11.76613,0,0,0,1,1,1,1
Blob10:-1.954177,3.032459,-10.75052,0,0,0,1,1,1,1
Blob97:-0.3292515,1.11342,-13.63987,0,0,0,1,1,1,1
-8587877597731518099
-8587877597731237837
Blob53:-2.80988,-3.50634,-12.12836,0,0,0,1,1,1,1
Blob10:-1.954177,3.032459,-10.75052,0,0,0,1,1,1,1
Blob97:-0.3292515,1.11342,-13.63987,0,0,0,1,1,1,1
-8587877597730947559
Blob53:-3.533948,-3.802852,-12.20345,0,0,0,1,1,1,1
Blob10:-1.954177,3.032459,-10.75052,0,0,0,1,1,1,1
Blob97:-0.3292515,1.11342,-13.63987,0,0,0,1,1,1,1
-8587877597730647271
Blob53:-4.136869,-3.910722,-12.33684,0,0,0,1,1,1,1
Blob10:-1.954177,3.032459,-10.75052,0,0,0,1,1,1,1
Blob97:-0.3292515,1.11342,-13.63987,0,0,0,1,1,1,1
-8587877597730476959
Blob53:-4.802159,-4.125735,-12.22571,0,0,0,1,1,1,1
Blob10:-1.954177,3.032459,-10.75052,0,0,0,1,1,1,1
Blob97:-0.3292515,1.11342,-13.63987,0,0,0,1,1,1,1
-8587877597730186686
-8587877597729896412
Blob53:-5.4744,-4.332634,-12.00843,0,0,0,1,1,1,1
Blob10:-1.954177,3.032459,-10.75052,0,0,0,1,1,1,1
Blob97:-0.3292515,1.11342,-13.63987,0,0,0,1,1,1,1
-8587877597729596124
Blob53:-5.729457,-4.096852,-12.10793,0,0,0,1,1,1,1
Blob10:-1.954177,3.032459,-10.75052,0,0,0,1,1,1,1
Blob97:-0.3292515,1.11342,-13.63987,0,0,0,1,1,1,1
-8587877597729315861
Blob53:-6.237341,-4.185551,-11.86677,0,0,0,1,1,1,1
Blob10:-1.954177,3.032459,-10.75052,0,0,0,1,1,1,1
Blob97:-0.3292515,1.11342,-13.63987,0,0,0,1,1,1,1
-8587877597729145638
Blob53:-6.811157,-4.375484,-11.47652,0,0,0,1,1,1,1
Blob10:-1.954177,3.032459,-10.75052,0,0,0,1,1,1,1
Blob97:-0.3292515,1.11342,-13.63987,0,0,0,1,1,1,1
-8587877597728855365
-8587877597728565087
Blob53:-7.372668,-4.604647,-11.06283,0,0,0,1,1,1,1
Blob10:-1.954177,3.032459,-10.75052,0,0,0,1,1,1,1
Blob97:-0.3292515,1.11342,-13.63987,0,0,0,1,1,1,1
-8587877597728264801
Blob53:-7.468081,-4.527036,-11.0836,0,0,0,1,1,1,1
Blob10:-1.954177,3.032459,-10.75052,0,0,0,1,1,1,1
Blob97:-0.3292515,1.11342,-13.63987,0,0,0,1,1,1,1
-8587877597727954498
Blob53:-7.608815,-4.449398,-11.04884,0,0,0,1,1,1,1
Blob10:-1.954177,3.032459,-10.75052,0,0,0,1,1,1,1
Blob97:-0.3292515,1.11342,-13.63987,0,0,0,1,1,1,1
-8587877597727644206
Blob53:-7.677375,-4.393362,-11.01744,0,0,0,1,1,1,1
Blob10:-1.954177,3.032459,-10.75052,0,0,0,1,1,1,1
Blob97:-0.3292515,1.11342,-13.63987,0,0,0,1,1,1,1
-8587877597727483919
Blob53:-7.810405,-4.441286,-11.01777,0,0,0,1,1,1,1
Blob10:-1.954177,3.032459,-10.75052,0,0,0,1,1,1,1
Blob97:-0.3292515,1.11342,-13.63987,0,0,0,1,1,1,1
-8587877597727193635
-8587877597726903362
Blob53:-7.960627,-4.443942,-11.05288,0,0,0,1,1,1,1
Blob10:-1.954177,3.032459,-10.75052,0,0,0,1,1,1,1
Blob97:-0.3292515,1.11342,-13.63987,0,0,0,1,1,1,1
-8587877597726603069
Blob53:-8.326088,-5.421423,-11.09574,0,0,0,1,1,1,1
Blob10:-1.954177,3.032459,-10.75052,0,0,0,1,1,1,1
Blob97:-0.3292515,1.11342,-13.63987,0,0,0,1,1,1,1
-8587877597726326540
Blob53:-8.412999,-5.274986,-10.82135,0,0,0,1,1,1,1
Blob10:-1.954177,3.032459,-10.75052,0,0,0,1,1,1,1
Blob97:-0.3292515,1.11342,-13.63987,0,0,0,1,1,1,1
-8587877597726156139
Blob53:-8.416682,-5.522923,-10.77166,0,0,0,1,1,1,1
Blob10:-1.954177,3.032459,-10.75052,0,0,0,1,1,1,1
Blob97:-0.3292515,1.11342,-13.63987,0,0,0,1,1,1,1
-8587877597725812098
-8587877597725521806
Blob53:-8.77765,-5.944154,-10.93259,0,0,0,1,1,1,1
Blob10:-1.954177,3.032459,-10.75052,0,0,0,1,1,1,1
Blob97:-0.3292515,1.11342,-13.63987,0,0,0,1,1,1,1
-8587877597725231541
Blob53:-12.31828,-7.648163,-12.66255,0,0,0,1,1,1,1
Blob10:-1.954177,3.032459,-10.75052,0,0,0,1,1,1,1
Blob97:-0.3292515,1.11342,-13.63987,0,0,0,1,1,1,1
-8587877597724921243
Blob53:-11.15996,-8.916964,-13.65688,0,0,0,1,1,1,1
Blob10:-1.954177,3.032459,-10.75052,0,0,0,1,1,1,1
Blob97:-0.3292515,1.11342,-13.63987,0,0,0,1,1,1,1
-8587877597724640969
Blob53:-11.30772,-8.998354,-13.40656,0,0,0,1,1,1,1
Blob10:-1.954177,3.032459,-10.75052,0,0,0,1,1,1,1
Blob97:-0.3292515,1.11342,-13.63987,0,0,0,1,1,1,1
-8587877597724357669
Blob53:-13.14807,-7.933033,-13.93521,0,0,0,1,1,1,1
Blob10:-1.954177,3.032459,-10.75052,0,0,0,1,1,1,1
Blob97:-0.3292515,1.11342,-13.63987,0,0,0,1,1,1,1
-8587877597724186979
-8587877597723906702
Blob53:-13.28627,-8.145508,-13.82494,0,0,0,1,1,1,1
Blob10:-1.954177,3.032459,-10.75052,0,0,0,1,1,1,1
Blob97:-0.3292515,1.11342,-13.63987,0,0,0,1,1,1,1
-8587877597723596409
Blob53:-13.49537,-8.092909,-13.8053,0,0,0,1,1,1,1
Blob10:-1.954177,3.032459,-10.75052,0,0,0,1,1,1,1
Blob97:-0.3292515,1.11342,-13.63987,0,0,0,1,1,1,1
-8587877597723336142
-8587877597723171606
-8587877597722835055
-8587877597722424677
-8587877597722124476
-8587877597721824200
-8587877597721525300
-8587877597721225066
-8587877597720934866
-8587877597720624502
-8587877597720344295
-8587877597720174142
-8587877597719883876
-8587877597719593595
-8587877597719283259
-8587877597718982968
-8587877597718702702
-8587877597718542625
-8587877597718232107
-8587877597717911943
-8587877597717631669
-8587877597717344819
-8587877597717173588
-8587877597716872445
-8587877597716582172
-8587877597716291857
-8587877597716001609
-8587877597715831418
-8587877597715551085
-8587877597715250838
-8587877597714946751
-8587877597714656344
-8587877597714366148
